NASA Intern/Datasets/LARGE/SASA-LARGE-MICROPHYSICAL_P3B_20220712_RA_L2.ict
56,1001
Richard Moore, Luke Ziemba, Edward Winstead, Michael Shook, Claire Robinson, John Barrick, Bruce Anderson, and Ali Omar
NASA Langley
In-situ microphysical aerosol measurements from the NASA P3B
NASA SASA
1,1
2022,07,12,2022,07,13
1.0
Time_Mid,Secs after midnight,Time of acquisition
9
1,1,1,1,1,1,1,1,1
-9999,-9999,-9999,-9999,-9999,-9999,-9999,-9999,-9999
CNgt3nm, #/cm3, AerMP_NumConc_InSitu_RHd_None_Bulk_STP, Number concentration of particles with diameters greater than 3nm
CNgt10nm, #/cm3, AerMP_NumConc_InSitu_RHd_None_Bulk_STP, Number concentration of particles with diameters greater than 10nm
IntegN_100to1000nm_UHSAS, #/cm3, Number concentration of particles with diameters between 100 and 1000nm (inclusive) as measured by the UHSAS
IntegS_100to1000nm_UHSAS, um2/cm3, Surface area concentration of particles with diameters between 100 and 1000nm (inclusive) as measured by the UHSAS
IntegV_100to1000nm_UHSAS, um3/cm3, Volume concentration of particles with diameters between 100 and 1000nm (inclusive) as measured by the UHSAS
IntegN_gt1000nm_APS, #/cm3, Number concentration of particles with diameters greater than 1000nm as measured by the APS
IntegS_gt1000nm_APS, um2/cm3, Surface area concentration of particles with diameters greater 1000nm as measured by the APS
IntegV_gt1000nm_APS, um3/cm3, Volume concentration of particles with diameters greater than 1000nm as measured by the APS
stdPT, unitless, None, Conversion factor to convert between ambient and standard pressure and temperature conditions
0
33
******************************************************************************************************************
Langley Aerosol data from the 2022 SASA field campaign
 
PI_CONTACT_INFO: richard.h.moore@nasa.gov
PLATFORM: NASA P3B aircraft
LOCATION: Latitude, Longitude, and Altitude included in MetNav files
ASSOCIATED_DATA: None
INSTRUMENT_INFO: Flagged data are due to missing data or to instrument issues.
CN statistics: TSI Condensation Particle Counters
	- CNgt3nm is measured with a TSI CPC-3776
	- CNgt10nm is measured with a TSI CPC-3772
	- The CPC-3772 data are corrected for coincidence errors when the aerosol concentrations exceed 10,000 cm-3
	- Due to flow irregularities and response times differences, there will be times where CNgt10nm > CNgt3nm
UHSAS statistics: Optical Size Distribution Data from the DMT Ultra-High Sensitivity Aerosol Spectrometer (UHSAS)
   - Data are processed with respect to mid-point polystyrene-latex-equivalent optical diameters and are rebinned to a standard binning scheme
APS statistics: Aerodynamic Size Distribution Data From the TSI Aerodynamic Particle Sizer (APS), Model 3321
   - Data are processed with respect to mid-point polystyrene-latex-equivalent aerodynamic diameters (assuming spherical particles with a density of 1 g/cm3) and are rebinned to a standard binning scheme
DATA_INFO: Aerosol measurements are reported at standard temperature and pressure (0 deg C, 1013 mb)
   - Concentrations can be converted back to ambient conditions by dividing by the stdPT conversion factor
   - Integrated surface areas and volumes are calculated by assuming spherical particles
UNCERTAINTY: CPC data is 10%, UHSAS is 20%, APS is 20%
ULOD_FLAG: -7777
ULOD_VALUE: N/A
LLOD_FLAG: -8888
LLOD_VALUE: N/A
DM_CONTACT_INFO: Michael Shook (michael.shook@nasa.gov)
PROJECT_INFO: SARP 2022
STIPULATIONS_ON_USE: This is FIELD data. Please consult the PI and/or DM prior to use.
OTHER_COMMENTS: none
REVISION: RA
RA: None
******************************************************************************************************************
Time_Mid,CNgt3nm,CNgt10nm,IntegN_100to1000nm_UHSAS,IntegS_100to1000nm_UHSAS,IntegV_100to1000nm_UHSAS,IntegN_gt1000nm_APS,IntegS_gt1000nm_APS,IntegV_gt1000nm_APS,stdPT
[from data line 659]
67454,2034.00,1818.27,455.07,37.75,1.18,-9999.00,-9999.00,-9999.00,1.529
67455,2095.99,1803.17,356.01,28.37,0.87,-9999.00,-9999.00,-9999.00,1.528
67456,1988.77,1803.77,389.24,36.54,1.54,-9999.00,-9999.00,-9999.00,1.529
67457,2003.68,1803.31,388.69,29.99,0.92,-9999.00,-9999.00,-9999.00,1.528
67458,1863.46,1771.06,396.34,35.55,1.27,-9999.00,-9999.00,-9999.00,1.527
67459,2017.87,1802.22,397.15,32.55,1.02,-9999.00,-9999.00,-9999.00,1.527
67460,1926.11,1802.84,367.40,30.51,0.98,-9999.00,-9999.00,-9999.00,1.527
67461,1940.61,1817.40,362.90,30.95,1.15,-9999.00,-9999.00,-9999.00,1.528
67462,1987.27,1771.60,353.53,26.38,0.77,-9999.00,-9999.00,-9999.00,1.530
67463,2126.07,1817.94,384.71,34.03,1.27,-9999.00,-9999.00,-9999.00,1.526
67464,2017.03,1816.87,370.23,31.20,0.99,-9999.00,-9999.00,-9999.00,1.527
67465,1986.12,1785.97,394.48,31.74,1.00,-9999.00,-9999.00,-9999.00,1.528
67466,1956.32,1786.87,353.36,31.89,1.25,-9999.00,-9999.00,-9999.00,1.527
67467,1925.67,1802.43,384.05,30.82,0.99,-9999.00,-9999.00,-9999.00,1.528
67468,1909.98,1771.35,353.12,28.54,0.89,-9999.00,-9999.00,-9999.00,1.526
67469,1801.78,1770.98,357.72,30.34,0.99,-9999.00,-9999.00,-9999.00,1.526
67470,1924.90,1770.91,401.43,32.98,1.04,-9999.00,-9999.00,-9999.00,1.526
67471,1940.74,1771.31,359.24,31.06,1.00,-9999.00,-9999.00,-9999.00,1.528
67472,2002.88,1802.59,353.44,29.50,0.95,-9999.00,-9999.00,-9999.00,1.527
67473,1925.62,1756.17,375.88,34.03,1.26,-9999.00,-9999.00,-9999.00,1.527
67474,1925.64,1771.59,362.87,28.63,0.87,-9999.00,-9999.00,-9999.00,1.529
67475,1986.66,1786.46,327.15,24.97,0.74,-9999.00,-9999.00,-9999.00,1.528
67476,1955.96,1801.95,366.22,32.08,1.06,-9999.00,-9999.00,-9999.00,1.529
67477,1893.87,1786.08,378.76,29.97,0.92,-9999.00,-9999.00,-9999.00,1.528
67478,1894.10,1770.91,360.01,32.39,1.22,-9999.00,-9999.00,-9999.00,1.527
67479,1816.87,1786.07,339.35,26.09,0.78,-9999.00,-9999.00,-9999.00,1.528
67480,1969.62,1800.36,375.67,32.12,1.05,-9999.00,-9999.00,-9999.00,1.529
67481,1908.10,1769.61,364.92,33.18,1.26,-9999.00,-9999.00,-9999.00,1.526
67482,1863.17,1801.57,340.87,29.90,0.99,-9999.00,-9999.00,-9999.00,1.527
67483,1924.52,1801.35,351.06,29.97,0.98,-9999.00,-9999.00,-9999.00,1.528
67484,2001.01,1800.91,359.07,30.03,0.97,-9999.00,-9999.00,-9999.00,1.527
67485,2078.70,1786.14,365.14,31.48,1.04,-9999.00,-9999.00,-9999.00,1.526
67486,2109.78,1801.78,363.88,30.45,0.96,-9999.00,-9999.00,-9999.00,1.527
67487,2063.40,1801.63,372.62,28.93,0.87,-9999.00,-9999.00,-9999.00,1.526
67488,2047.98,1817.00,359.88,28.62,0.87,-9999.00,-9999.00,-9999.00,1.527
67489,2063.44,1786.26,352.20,29.17,0.97,-9999.00,-9999.00,-9999.00,1.526
67490,2093.92,1785.99,341.75,30.23,1.03,-9999.00,-9999.00,-9999.00,1.526
67491,2108.76,1816.30,353.55,27.38,0.83,-9999.00,-9999.00,-9999.00,1.527
67492,1908.66,1816.31,382.37,32.52,1.04,-9999.00,-9999.00,-9999.00,1.526
67493,2001.80,1801.62,322.43,28.49,0.94,-9999.00,-9999.00,-9999.00,1.527
67494,1801.50,1801.50,361.40,29.25,0.90,-9999.00,-9999.00,-9999.00,1.525
67495,1986.11,1785.96,403.21,33.31,1.04,-9999.00,-9999.00,-9999.00,1.526
67496,1878.59,1817.00,369.25,30.30,0.99,-9999.00,-9999.00,-9999.00,1.527
67497,2032.29,1785.95,359.76,29.78,0.94,-9999.00,-9999.00,-9999.00,1.527
67498,2124.53,1816.63,362.91,28.75,0.86,-9999.00,-9999.00,-9999.00,1.527
67499,2033.12,1817.49,370.23,32.01,1.04,-9999.00,-9999.00,-9999.00,1.526
67500,2078.76,1786.19,361.04,29.07,0.89,-9999.00,-9999.00,-9999.00,1.526
67501,2001.61,1816.85,336.10,26.35,0.78,-9999.00,-9999.00,-9999.00,1.527
67502,2002.46,1833.02,366.96,30.45,1.02,-9999.00,-9999.00,-9999.00,1.528
67503,1956.72,1802.65,377.66,31.42,0.99,-9999.00,-9999.00,-9999.00,1.527
67504,2078.71,1786.15,377.47,32.28,1.06,-9999.00,-9999.00,-9999.00,1.526
67505,2063.41,1801.63,347.95,30.43,1.01,-9999.00,-9999.00,-9999.00,1.527
67506,2063.64,1801.83,356.22,26.96,0.81,-9999.00,-9999.00,-9999.00,1.526
67507,2140.68,1801.87,379.41,31.18,1.00,-9999.00,-9999.00,-9999.00,1.529
67508,1971.96,1787.09,381.91,30.97,1.01,-9999.00,-9999.00,-9999.00,1.529
67509,1910.36,1802.51,361.24,29.58,0.94,-9999.00,-9999.00,-9999.00,1.526
67510,1941.59,1802.90,332.25,26.45,0.78,-9999.00,-9999.00,-9999.00,1.526
67511,2003.30,1787.56,388.47,32.83,1.07,-9999.00,-9999.00,-9999.00,1.528
67512,2002.81,1817.94,357.35,29.04,0.90,-9999.00,-9999.00,-9999.00,1.529
67513,1926.73,1818.83,363.94,28.12,0.85,-9999.00,-9999.00,-9999.00,1.528
67514,1973.10,1834.36,337.54,32.06,1.39,-9999.00,-9999.00,-9999.00,1.526
67515,2018.62,1802.89,358.30,29.70,0.96,-9999.00,-9999.00,-9999.00,1.528
67516,1957.31,1803.19,398.70,31.86,0.99,-9999.00,-9999.00,-9999.00,1.528
67517,2019.57,1803.74,372.34,32.20,1.03,-9999.00,-9999.00,-9999.00,1.526
67518,1927.27,1788.51,375.03,31.35,0.98,-9999.00,-9999.00,-9999.00,1.528
67519,1971.99,1787.12,393.16,31.28,0.99,-9999.00,-9999.00,-9999.00,1.526
67520,1926.36,1803.07,360.96,30.26,0.97,-9999.00,-9999.00,-9999.00,1.526
67521,2002.88,1802.59,388.86,31.47,0.97,-9999.00,-9999.00,-9999.00,1.527
67522,1987.33,1817.87,378.87,29.12,0.88,-9999.00,-9999.00,-9999.00,1.526
67523,2033.52,1787.03,341.72,29.39,0.96,-9999.00,-9999.00,-9999.00,1.526
67524,1957.16,1803.06,356.67,30.44,1.04,-9999.00,-9999.00,-9999.00,1.526
67525,2096.50,1803.60,358.24,31.33,1.21,-9999.00,-9999.00,-9999.00,1.528
67526,1926.26,1787.57,364.84,30.67,0.97,-9999.00,-9999.00,-9999.00,1.527
67527,2050.22,1788.16,359.37,30.84,1.00,-9999.00,-9999.00,-9999.00,1.526
67528,2018.27,1817.98,354.87,31.83,1.07,-9999.00,-9999.00,-9999.00,1.527
67529,2049.82,1818.64,354.44,27.73,0.84,-9999.00,-9999.00,-9999.00,1.528
67530,2096.61,1834.53,395.09,33.85,1.13,-9999.00,-9999.00,-9999.00,1.527
67531,2065.33,1818.72,373.10,29.63,0.91,-9999.00,-9999.00,-9999.00,1.526
67532,1942.43,1819.10,367.64,29.91,1.01,-9999.00,-9999.00,-9999.00,1.526
67533,1896.10,1803.61,367.77,30.85,0.96,-9999.00,-9999.00,-9999.00,1.526
67534,2004.26,1834.67,358.44,31.66,1.18,-9999.00,-9999.00,-9999.00,1.526
67535,2142.26,1818.61,366.52,33.62,1.14,-9999.00,-9999.00,-9999.00,1.526
67536,2095.75,1818.37,391.99,34.02,1.13,-9999.00,-9999.00,-9999.00,1.528
67537,2018.83,1818.49,404.82,32.56,1.03,-9999.00,-9999.00,-9999.00,1.526
67538,2034.55,1834.17,341.54,29.03,0.97,-9999.00,-9999.00,-9999.00,1.525
67539,2279.98,1817.82,380.70,31.83,0.99,-9999.00,-9999.00,-9999.00,1.527
67540,2048.73,1833.08,381.16,30.13,0.98,-9999.00,-9999.00,-9999.00,1.526
67541,2096.80,1819.28,357.82,29.90,0.94,-9999.00,-9999.00,-9999.00,1.528
67542,2127.58,1803.82,374.62,30.31,0.96,-9999.00,-9999.00,-9999.00,1.526
67543,2079.86,1833.35,351.67,27.95,0.83,-9999.00,-9999.00,-9999.00,1.528
67544,2002.69,1833.23,379.08,32.06,1.07,-9999.00,-9999.00,-9999.00,1.526
67545,2158.26,1849.93,383.86,32.03,1.00,-9999.00,-9999.00,-9999.00,1.528
67546,2050.91,1850.44,367.68,28.82,0.87,-9999.00,-9999.00,-9999.00,1.526
67547,2065.94,1850.09,350.53,29.32,1.00,-9999.00,-9999.00,-9999.00,1.526
67548,2080.61,1864.85,374.90,30.54,0.98,-9999.00,-9999.00,-9999.00,1.528
67549,1988.31,1849.59,394.49,33.42,1.04,-9999.00,-9999.00,-9999.00,1.528
67550,2173.51,1849.80,341.35,29.75,0.99,-9999.00,-9999.00,-9999.00,1.529
67551,2019.14,1849.60,384.43,30.62,0.97,-9999.00,-9999.00,-9999.00,1.527
67552,2158.19,1834.46,406.89,35.82,1.25,-9999.00,-9999.00,-9999.00,1.528
67553,2065.31,1864.94,398.86,32.77,1.06,-9999.00,-9999.00,-9999.00,1.528
67554,2080.69,1834.09,374.75,29.31,0.88,-9999.00,-9999.00,-9999.00,1.526
67555,2188.21,1849.19,355.51,28.94,0.89,-9999.00,-9999.00,-9999.00,1.526
67556,2004.01,1849.86,367.65,29.61,0.93,-9999.00,-9999.00,-9999.00,1.528
67557,2172.99,1849.35,344.25,27.25,0.85,-9999.00,-9999.00,-9999.00,1.526
67558,2142.17,1849.35,358.94,29.19,0.90,-9999.00,-9999.00,-9999.00,1.526
67559,2141.91,1864.54,347.07,29.84,1.05,-9999.00,-9999.00,-9999.00,1.527
67560,2142.76,1834.45,369.73,31.40,1.01,-9999.00,-9999.00,-9999.00,1.527
67561,2251.38,1850.45,369.83,28.36,0.84,-9999.00,-9999.00,-9999.00,1.528
67562,2205.24,1850.55,359.84,30.97,1.04,-9999.00,-9999.00,-9999.00,1.528
67563,2065.15,1833.98,361.50,29.16,0.88,-9999.00,-9999.00,-9999.00,1.526
67564,2127.43,1865.35,392.51,32.17,1.03,-9999.00,-9999.00,-9999.00,1.527
67565,2036.32,1851.20,343.81,28.92,0.92,-9999.00,-9999.00,-9999.00,1.526
67566,2098.22,1866.80,336.44,29.28,0.95,-9999.00,-9999.00,-9999.00,1.528
67567,2112.88,1850.70,398.75,33.76,1.10,-9999.00,-9999.00,-9999.00,1.527
67568,1973.34,1834.59,390.27,34.16,1.12,-9999.00,-9999.00,-9999.00,1.526
67569,2049.69,1849.34,364.71,30.53,0.97,-9999.00,-9999.00,-9999.00,1.526
67570,2080.17,1864.45,378.14,35.32,1.51,-9999.00,-9999.00,-9999.00,1.526
67571,2048.97,1879.51,412.45,33.73,1.05,-9999.00,-9999.00,-9999.00,1.526
67572,2064.73,1864.42,361.00,29.88,0.96,-9999.00,-9999.00,-9999.00,1.526
67573,2264.93,1879.74,391.76,34.15,1.11,-9999.00,-9999.00,-9999.00,1.526
67574,2064.02,1863.78,353.08,28.25,0.85,-9999.00,-9999.00,-9999.00,1.526
67575,2033.99,1864.49,359.43,31.68,1.10,-9999.00,-9999.00,-9999.00,1.530
67576,2004.30,1880.96,369.76,32.51,1.08,-9999.00,-9999.00,-9999.00,1.528
67577,2064.86,1879.95,349.83,27.22,0.83,-9999.00,-9999.00,-9999.00,1.527
67578,2033.72,1910.47,385.72,34.23,1.30,-9999.00,-9999.00,-9999.00,1.527
67579,2002.97,1910.53,377.59,31.99,1.03,-9999.00,-9999.00,-9999.00,1.527
67580,2126.17,1925.88,389.58,31.85,0.98,-9999.00,-9999.00,-9999.00,1.528
67581,2110.67,1910.39,377.22,35.08,1.22,-9999.00,-9999.00,-9999.00,1.526
67582,2002.79,1925.76,375.90,29.46,0.88,-9999.00,-9999.00,-9999.00,1.526
67583,2109.62,1940.23,342.93,29.54,0.98,-9999.00,-9999.00,-9999.00,1.527
67584,2201.78,1940.03,335.78,28.72,0.94,-9999.00,-9999.00,-9999.00,1.527
67585,2232.18,1924.29,381.66,33.45,1.35,-9999.00,-9999.00,-9999.00,1.526
67586,2063.51,1955.71,389.66,30.43,0.91,-9999.00,-9999.00,-9999.00,1.527
67587,2171.78,1925.34,353.09,30.15,0.97,-9999.00,-9999.00,-9999.00,1.527
67588,2170.98,1909.23,388.14,31.68,0.99,-9999.00,-9999.00,-9999.00,1.527
67589,2140.85,1925.23,382.04,31.01,0.96,-9999.00,-9999.00,-9999.00,1.527
67590,2110.55,1956.50,398.17,33.47,1.08,-9999.00,-9999.00,-9999.00,1.528
67591,2603.44,2110.48,390.14,32.10,0.99,-9999.00,-9999.00,-9999.00,1.527
67592,3404.87,2588.32,398.45,33.93,1.19,-9999.00,-9999.00,-9999.00,1.525
67593,3034.46,2710.99,400.54,31.83,0.96,-9999.00,-9999.00,-9999.00,1.528
67594,2865.23,2634.17,438.06,37.97,1.32,-9999.00,-9999.00,-9999.00,1.525
67595,3573.00,2494.94,395.98,32.83,1.04,-9999.00,-9999.00,-9999.00,1.527
67596,8441.24,5252.67,451.30,37.78,1.33,-9999.00,-9999.00,-9999.00,1.526
67597,12494.20,8781.37,364.98,29.49,0.95,-9999.00,-9999.00,-9999.00,1.527
67598,13022.13,10282.25,419.73,36.26,1.19,-9999.00,-9999.00,-9999.00,1.526
67599,23091.22,15194.02,439.82,36.93,1.19,-9999.00,-9999.00,-9999.00,1.526
67600,8532.66,12290.72,399.92,34.46,1.14,-9999.00,-9999.00,-9999.00,1.528
67601,2478.19,3201.64,380.73,33.88,1.20,-9999.00,-9999.00,-9999.00,1.526
67602,2418.32,2064.05,391.63,31.28,0.97,-9999.00,-9999.00,-9999.00,1.526
67603,2293.66,1970.39,382.15,31.18,0.96,-9999.00,-9999.00,-9999.00,1.528
67604,2416.19,1923.72,410.53,34.19,1.05,-9999.00,-9999.00,-9999.00,1.525
67605,2339.32,1985.34,381.03,33.94,1.32,-9999.00,-9999.00,-9999.00,1.528
67606,2263.37,1924.64,402.82,33.29,1.08,-9999.00,-9999.00,-9999.00,1.528
67607,2508.24,1985.05,359.29,30.74,1.05,-9999.00,-9999.00,-9999.00,1.526
67608,2277.23,2061.82,431.54,38.19,1.45,-9999.00,-9999.00,-9999.00,1.526
67609,2323.16,1938.53,374.40,29.21,0.87,-9999.00,-9999.00,-9999.00,1.526
67610,2292.97,1954.41,408.88,34.27,1.11,-9999.00,-9999.00,-9999.00,1.526
67611,2245.88,1968.99,409.64,32.74,0.99,-9999.00,-9999.00,-9999.00,1.525
67612,2230.31,1953.45,417.05,34.49,1.10,-9999.00,-9999.00,-9999.00,1.526
67613,2215.51,1938.57,446.34,39.82,1.33,-9999.00,-9999.00,-9999.00,1.526
67614,2323.90,1939.15,376.82,31.35,1.04,-9999.00,-9999.00,-9999.00,1.526
67615,2231.12,1938.77,423.13,38.79,1.38,-9999.00,-9999.00,-9999.00,1.526
67616,2324.57,1924.32,350.65,28.50,0.88,-9999.00,-9999.00,-9999.00,1.526
67617,2262.40,1985.37,365.44,28.32,0.83,-9999.00,-9999.00,-9999.00,1.526
67618,2184.82,2000.19,383.43,32.99,1.08,-9999.00,-9999.00,-9999.00,1.525
67619,2307.59,1999.91,381.71,33.98,1.17,-9999.00,-9999.00,-9999.00,1.527
67620,2214.53,1983.85,384.04,29.29,0.88,-9999.00,-9999.00,-9999.00,1.528
67621,2168.35,1922.30,391.04,31.19,0.97,-9999.00,-9999.00,-9999.00,1.526
67622,2199.51,1938.03,386.40,33.76,1.15,-9999.00,-9999.00,-9999.00,1.526
67623,2383.89,1922.49,360.67,31.21,1.02,-9999.00,-9999.00,-9999.00,1.526
67624,2321.07,1936.79,406.99,31.98,0.98,-9999.00,-9999.00,-9999.00,1.527
67625,2336.90,1937.17,420.92,34.50,1.06,-9999.00,-9999.00,-9999.00,1.526
67626,2305.45,1951.94,367.19,30.61,0.98,-9999.00,-9999.00,-9999.00,1.526
67627,2289.41,1966.74,365.90,29.67,0.90,-9999.00,-9999.00,-9999.00,1.526
67628,2367.08,1967.44,406.44,36.79,1.22,-9999.00,-9999.00,-9999.00,1.528
67629,2245.38,1968.55,368.30,30.39,0.96,-9999.00,-9999.00,-9999.00,1.526
67630,2183.40,1968.14,339.09,28.64,0.93,-9999.00,-9999.00,-9999.00,1.528
67631,2121.67,1952.55,351.41,27.71,0.84,-9999.00,-9999.00,-9999.00,1.528
67632,2305.15,1967.06,416.44,33.87,1.07,-9999.00,-9999.00,-9999.00,1.528
67633,2289.75,1951.67,393.45,32.70,1.05,-9999.00,-9999.00,-9999.00,1.526
67634,2490.18,1982.92,385.36,32.02,1.06,-9999.00,-9999.00,-9999.00,1.528
67635,2336.49,1967.57,389.28,29.31,0.87,-9999.00,-9999.00,-9999.00,1.528
67636,2382.53,1967.51,372.07,31.10,1.01,-9999.00,-9999.00,-9999.00,1.526
67637,2121.37,1952.28,373.36,29.92,0.96,-9999.00,-9999.00,-9999.00,1.526
67638,2198.27,1936.94,337.84,28.21,0.87,-9999.00,-9999.00,-9999.00,1.526
67639,2182.86,1906.16,413.59,35.50,1.21,-9999.00,-9999.00,-9999.00,1.528
67640,2197.94,1905.91,386.67,33.17,1.13,-9999.00,-9999.00,-9999.00,1.526
67641,2089.35,1889.64,368.79,31.11,1.00,-9999.00,-9999.00,-9999.00,1.526
67642,2136.05,1890.17,416.04,33.98,1.05,-9999.00,-9999.00,-9999.00,1.528
67643,2090.77,1906.29,403.63,35.02,1.29,-9999.00,-9999.00,-9999.00,1.526
67644,2044.94,1891.19,392.23,33.17,1.13,-9999.00,-9999.00,-9999.00,1.529
67645,2074.54,1874.77,372.38,31.05,1.06,-9999.00,-9999.00,-9999.00,1.526
67646,2198.06,1906.01,375.17,32.06,1.00,-9999.00,-9999.00,-9999.00,1.526
67647,2104.94,1889.84,391.58,30.71,0.93,-9999.00,-9999.00,-9999.00,1.526
67648,2044.89,1921.89,395.00,32.62,1.07,-9999.00,-9999.00,-9999.00,1.528
67649,2105.90,1906.07,390.05,30.48,0.92,-9999.00,-9999.00,-9999.00,1.526
67650,2060.08,1921.72,391.82,31.51,0.99,-9999.00,-9999.00,-9999.00,1.526
67651,2135.76,1889.92,399.78,33.30,1.07,-9999.00,-9999.00,-9999.00,1.524
67652,2104.86,1874.40,405.33,34.23,1.09,-9999.00,-9999.00,-9999.00,1.528
67653,2229.34,1891.10,396.46,29.91,0.91,-9999.00,-9999.00,-9999.00,1.526
67654,2166.63,1905.40,406.51,34.37,1.13,-9999.00,-9999.00,-9999.00,1.526
67655,1982.19,1874.63,378.55,31.40,0.97,-9999.00,-9999.00,-9999.00,1.526
67656,1982.77,1844.44,392.05,31.61,1.00,-9999.00,-9999.00,-9999.00,1.526
67657,2197.10,1874.45,382.15,31.88,1.04,-9999.00,-9999.00,-9999.00,1.526
67658,2166.87,1905.62,422.08,33.63,1.11,-9999.00,-9999.00,-9999.00,1.526
67659,2058.73,1874.37,406.37,34.01,1.09,-9999.00,-9999.00,-9999.00,1.526
67660,2087.39,1872.51,373.32,29.45,0.88,-9999.00,-9999.00,-9999.00,1.525
67661,1995.09,1872.32,433.33,33.24,1.06,-9999.00,-9999.00,-9999.00,1.526
67662,2257.89,1889.25,387.29,31.17,0.95,-9999.00,-9999.00,-9999.00,1.526
67663,2151.58,1905.69,362.42,30.56,0.98,-9999.00,-9999.00,-9999.00,1.527
67664,2076.94,1876.94,362.25,30.21,1.23,-9999.00,-9999.00,-9999.00,1.527
67665,2077.38,1877.34,319.74,25.95,0.81,-9999.00,-9999.00,-9999.00,1.527
67666,2231.75,1877.75,346.29,29.85,1.01,-9999.00,-9999.00,-9999.00,1.527
67667,2048.50,1940.69,338.44,27.88,0.97,-9999.00,-9999.00,-9999.00,1.529
67668,2063.01,1878.26,351.49,26.73,0.79,-9999.00,-9999.00,-9999.00,1.530
67669,2048.43,1863.61,408.78,31.18,0.92,-9999.00,-9999.00,-9999.00,1.528
67670,2002.77,1864.11,397.42,34.34,1.12,-9999.00,-9999.00,-9999.00,1.527
67671,2049.67,1849.33,406.51,32.79,1.04,-9999.00,-9999.00,-9999.00,1.529
