NASA Intern/Datasets/LARGE/SASA-LARGE-UHSAS_P3B_20220706_RA.ict
70, 1001
Richard Moore, Luke Ziemba, Edward Winstead, Michael Shook, Claire Robinson, John Barrick, Bruce Anderson, and Ali Omar
NASA Langley
In-situ Submicron  Particle Size Distributions from the DMT UHSAS on the NASA P3B
NASA SASA
1,1
2022,07,06,2022,07,7
1.0
Start_UTC,Secs after midnight,Time of acquisition
29
1,1,1,1,1,1,1,1,1,1,1,1,1,1,1,1,1,1,1,1,1,1,1,1,1,1,1,1,1
-9999,-9999,-9999,-9999,-9999,-9999,-9999,-9999,-9999,-9999,-9999,-9999,-9999,-9999,-9999,-9999,-9999,-9999,-9999,-9999,-9999,-9999,-9999,-9999,-9999,-9999,-9999,-9999,-9999
nUHSAS_PSL, #/cm3, integrated UHSAS Dry Aerosol Number Concentration (PSL optical diameter)
sUHSAS_PSL, um2/cm3, integrated UHSAS Dry Aerosol Surface Area Concentration (PSL optical diameter)
vUHSAS_PSL, um3/cm3, integrated UHSAS Dry Aerosol Volume Concentration (PSL optical diameter)
UHSAS_Bin01, #/cm3, Binned UHSAS Dry Aerosol Number Size Distribution (dNdlogD, PSL optical diameter) at bin center 63 nm
UHSAS_Bin02, #/cm3, Binned UHSAS Dry Aerosol Number Size Distribution (dNdlogD, PSL optical diameter) at bin center 71 nm
UHSAS_Bin03, #/cm3, Binned UHSAS Dry Aerosol Number Size Distribution (dNdlogD, PSL optical diameter) at bin center 79 nm
UHSAS_Bin04, #/cm3, Binned UHSAS Dry Aerosol Number Size Distribution (dNdlogD, PSL optical diameter) at bin center 89 nm
UHSAS_Bin05, #/cm3, Binned UHSAS Dry Aerosol Number Size Distribution (dNdlogD, PSL optical diameter) at bin center 100 nm
UHSAS_Bin06, #/cm3, Binned UHSAS Dry Aerosol Number Size Distribution (dNdlogD, PSL optical diameter) at bin center 112 nm
UHSAS_Bin07, #/cm3, Binned UHSAS Dry Aerosol Number Size Distribution (dNdlogD, PSL optical diameter) at bin center 126 nm
UHSAS_Bin08, #/cm3, Binned UHSAS Dry Aerosol Number Size Distribution (dNdlogD, PSL optical diameter) at bin center 141 nm
UHSAS_Bin09, #/cm3, Binned UHSAS Dry Aerosol Number Size Distribution (dNdlogD, PSL optical diameter) at bin center 158 nm
UHSAS_Bin10, #/cm3, Binned UHSAS Dry Aerosol Number Size Distribution (dNdlogD, PSL optical diameter) at bin center 178 nm
UHSAS_Bin11, #/cm3, Binned UHSAS Dry Aerosol Number Size Distribution (dNdlogD, PSL optical diameter) at bin center 200 nm
UHSAS_Bin12, #/cm3, Binned UHSAS Dry Aerosol Number Size Distribution (dNdlogD, PSL optical diameter) at bin center 224 nm
UHSAS_Bin13, #/cm3, Binned UHSAS Dry Aerosol Number Size Distribution (dNdlogD, PSL optical diameter) at bin center 251 nm
UHSAS_Bin14, #/cm3, Binned UHSAS Dry Aerosol Number Size Distribution (dNdlogD, PSL optical diameter) at bin center 282 nm
UHSAS_Bin15, #/cm3, Binned UHSAS Dry Aerosol Number Size Distribution (dNdlogD, PSL optical diameter) at bin center 316 nm
UHSAS_Bin16, #/cm3, Binned UHSAS Dry Aerosol Number Size Distribution (dNdlogD, PSL optical diameter) at bin center 355 nm
UHSAS_Bin17, #/cm3, Binned UHSAS Dry Aerosol Number Size Distribution (dNdlogD, PSL optical diameter) at bin center 398 nm
UHSAS_Bin18, #/cm3, Binned UHSAS Dry Aerosol Number Size Distribution (dNdlogD, PSL optical diameter) at bin center 447 nm
UHSAS_Bin19, #/cm3, Binned UHSAS Dry Aerosol Number Size Distribution (dNdlogD, PSL optical diameter) at bin center 501 nm
UHSAS_Bin20, #/cm3, Binned UHSAS Dry Aerosol Number Size Distribution (dNdlogD, PSL optical diameter) at bin center 562 nm
[...]
INSTRUMENT_INFO: Size Distribution Data From the DMT Ultra-High Sensitivity Aerosol Spectrometer (UHSAS)
DATA_INFO: UHSAS measurements are reported at standard temperature and pressure (0 deg C, 1013 mb)
  - Flagged data are due to missing data or instrument issues
  - Concentrations can be converted back to ambient conditions by dividing by the stdPT conversion factor
  - Integrated surface areas and volumes are calculated by assuming spherical particles
UNCERTAINTY: all data are 20%
ULOD_FLAG: -7777
ULOD_VALUE: N/A
LLOD_FLAG: -8888
LLOD_VALUE: N/A
DM_CONTACT_INFO: Michael Shook (michael.shook@nasa.gov)
PROJECT_INFO: SASA 2022
STIPULATIONS_ON_USE: STIPULATIONS_ON_USE: This is FIELD data. Please consult the PI and/or DM prior to use.
OTHER_COMMENTS: Data are processed with respect to mid-point polystyrene-latex-equivalent optical diameters and are rebinned to a 20 channels per decade standard binning scheme (dlogD = 0.05)
OTHER_COMMENTS: Mid-point diameters (in nm) are:
        63.1, 70.8, 79.4, 89.1, 100.0, 112.2, 125.9, 141.3, 158.5, 177.8, 199.5, 223.9, 251.2, 281.8, 316.2, 354.8, 398.1, 446.7, 501.2, 562.3, 631.0, 707.9, 794.3, 891.3, 1000.0
REVISION: RA
RA: None
*******************************************************************************************************************************
Start_UTC,nUHSAS_PSL,sUHSAS_PSL,vUHSAS_PSL,UHSAS_Bin01,UHSAS_Bin02,UHSAS_Bin03,UHSAS_Bin04,UHSAS_Bin05,UHSAS_Bin06,UHSAS_Bin07,UHSAS_Bin08,UHSAS_Bin09,UHSAS_Bin10,UHSAS_Bin11,UHSAS_Bin12,UHSAS_Bin13,UHSAS_Bin14,UHSAS_Bin15,UHSAS_Bin16,UHSAS_Bin17,UHSAS_Bin18,UHSAS_Bin19,UHSAS_Bin20,UHSAS_Bin21,UHSAS_Bin22,UHSAS_Bin23,UHSAS_Bin24,UHSAS_Bin25,stdPT
[from data line 665]
54565,536.62,18.21,0.41,316.38,1971.27,2458.01,1800.92,1338.52,1070.81,657.09,438.06,243.37,170.36,97.35,97.35,0.00,0.00,48.67,0.00,24.34,0.00,0.00,0.00,0.00,0.00,0.00,0.00,0.00,1.545
54566,520.95,18.01,0.47,509.31,1940.24,2401.04,1915.98,1115.64,945.87,509.31,363.79,339.54,169.77,24.25,48.51,48.51,38.80,0.00,24.25,0.00,0.00,0.00,24.25,0.00,0.00,0.00,0.00,0.00,1.548
54567,328.55,14.57,0.62,410.68,1207.89,1377.00,845.52,821.37,628.10,362.37,314.05,217.42,193.26,0.00,72.47,72.47,0.00,0.00,0.00,0.00,0.00,0.00,0.00,24.16,24.16,0.00,0.00,0.00,1.547
54568,0.00,0.00,0.00,0.00,0.00,0.00,0.00,0.00,0.00,0.00,0.00,0.00,0.00,0.00,0.00,0.00,0.00,0.00,0.00,0.00,0.00,0.00,0.00,0.00,0.00,0.00,0.00,0.00,1.553
54569,0.00,0.00,0.00,0.00,0.00,0.00,0.00,0.00,0.00,0.00,0.00,0.00,0.00,0.00,0.00,0.00,0.00,0.00,0.00,0.00,0.00,0.00,0.00,0.00,0.00,0.00,0.00,0.00,1.549
54570,0.00,0.00,0.00,0.00,0.00,0.00,0.00,0.00,0.00,0.00,0.00,0.00,0.00,0.00,0.00,0.00,0.00,0.00,0.00,0.00,0.00,0.00,0.00,0.00,0.00,0.00,0.00,0.00,1.548
54571,0.00,0.00,0.00,0.00,0.00,0.00,0.00,0.00,0.00,0.00,0.00,0.00,0.00,0.00,0.00,0.00,0.00,0.00,0.00,0.00,0.00,0.00,0.00,0.00,0.00,0.00,0.00,0.00,1.546
54572,0.00,0.00,0.00,0.00,0.00,0.00,0.00,0.00,0.00,0.00,0.00,0.00,0.00,0.00,0.00,0.00,0.00,0.00,0.00,0.00,0.00,0.00,0.00,0.00,0.00,0.00,0.00,0.00,1.545
54573,0.00,0.00,0.00,0.00,0.00,0.00,0.00,0.00,0.00,0.00,0.00,0.00,0.00,0.00,0.00,0.00,0.00,0.00,0.00,0.00,0.00,0.00,0.00,0.00,0.00,0.00,0.00,0.00,1.552
54574,0.00,0.00,0.00,0.00,0.00,0.00,0.00,0.00,0.00,0.00,0.00,0.00,0.00,0.00,0.00,0.00,0.00,0.00,0.00,0.00,0.00,0.00,0.00,0.00,0.00,0.00,0.00,0.00,1.551
54575,6.08,0.16,0.00,0.00,24.32,48.65,24.32,0.00,0.00,24.32,0.00,0.00,0.00,0.00,0.00,0.00,0.00,0.00,0.00,0.00,0.00,0.00,0.00,0.00,0.00,0.00,0.00,0.00,1.548
54576,34.07,0.93,0.02,0.00,194.67,121.67,121.67,121.67,73.00,0.00,24.33,24.33,0.00,0.00,0.00,0.00,0.00,0.00,0.00,0.00,0.00,0.00,0.00,0.00,0.00,0.00,0.00,0.00,1.549
54577,30.07,1.22,0.03,24.25,96.99,145.49,96.99,72.74,72.74,0.00,0.00,0.00,72.74,0.00,0.00,0.00,19.40,0.00,0.00,0.00,0.00,0.00,0.00,0.00,0.00,0.00,0.00,0.00,1.553
54578,14.53,0.51,0.01,0.00,72.66,48.44,72.66,0.00,48.44,0.00,0.00,24.22,24.22,0.00,0.00,0.00,0.00,0.00,0.00,0.00,0.00,0.00,0.00,0.00,0.00,0.00,0.00,0.00,1.556
54579,29.13,0.84,0.01,0.00,121.36,194.17,72.82,48.54,48.54,48.54,24.27,24.27,0.00,0.00,0.00,0.00,0.00,0.00,0.00,0.00,0.00,0.00,0.00,0.00,0.00,0.00,0.00,0.00,1.546
54580,14.52,0.37,0.01,0.00,121.01,48.40,48.40,24.20,24.20,0.00,24.20,0.00,0.00,0.00,0.00,0.00,0.00,0.00,0.00,0.00,0.00,0.00,0.00,0.00,0.00,0.00,0.00,0.00,1.546
54581,21.59,0.91,0.03,0.00,194.08,48.52,72.78,24.26,48.52,0.00,0.00,0.00,0.00,0.00,0.00,24.26,19.41,0.00,0.00,0.00,0.00,0.00,0.00,0.00,0.00,0.00,0.00,0.00,1.549
54582,53.24,2.03,0.06,24.20,96.80,387.20,193.60,121.00,72.60,72.60,24.20,0.00,48.40,0.00,0.00,0.00,0.00,0.00,24.20,0.00,0.00,0.00,0.00,0.00,0.00,0.00,0.00,0.00,1.551
54583,67.95,2.43,0.05,48.54,169.88,364.02,194.14,194.14,145.61,24.27,97.07,48.54,24.27,24.27,0.00,24.27,0.00,0.00,0.00,0.00,0.00,0.00,0.00,0.00,0.00,0.00,0.00,0.00,1.546
54584,102.78,3.66,0.08,72.55,241.85,362.77,411.14,290.22,241.85,145.11,145.11,72.55,24.18,24.18,0.00,24.18,0.00,0.00,0.00,0.00,0.00,0.00,0.00,0.00,0.00,0.00,0.00,0.00,1.552
54585,134.26,4.86,0.12,97.64,463.80,732.32,390.57,292.93,195.29,146.46,97.64,122.05,48.82,48.82,24.41,0.00,0.00,0.00,24.41,0.00,0.00,0.00,0.00,0.00,0.00,0.00,0.00,0.00,1.553
54586,197.44,6.52,0.14,194.04,582.13,970.22,703.41,436.60,460.85,242.55,194.04,0.00,24.26,48.51,48.51,24.26,19.40,0.00,0.00,0.00,0.00,0.00,0.00,0.00,0.00,0.00,0.00,0.00,1.547
54587,293.98,11.31,0.33,194.04,921.70,1188.51,1164.26,679.15,679.15,315.32,291.06,194.04,97.02,48.51,0.00,24.26,58.21,0.00,0.00,0.00,0.00,0.00,24.26,0.00,0.00,0.00,0.00,0.00,1.548
54588,389.43,14.84,0.42,291.34,1408.16,2039.40,1359.60,728.36,631.24,437.01,194.23,267.06,121.39,121.39,48.56,0.00,19.42,72.84,0.00,24.28,0.00,24.28,0.00,0.00,0.00,0.00,0.00,0.00,1.545
54589,381.51,12.35,0.25,291.60,1725.29,1798.19,1093.49,826.19,558.90,413.10,340.20,243.00,97.20,145.80,72.90,24.30,0.00,0.00,0.00,0.00,0.00,0.00,0.00,0.00,0.00,0.00,0.00,0.00,1.548
54590,323.85,11.91,0.34,170.57,1364.60,1413.33,1096.55,1047.82,389.89,219.31,292.41,170.57,121.84,97.47,0.00,0.00,19.49,24.37,0.00,24.37,0.00,24.37,0.00,0.00,0.00,0.00,0.00,0.00,1.549
54591,252.57,8.31,0.17,194.47,777.87,1507.13,656.33,607.71,461.86,340.32,170.16,121.54,72.93,48.62,48.62,24.31,19.45,0.00,0.00,0.00,0.00,0.00,0.00,0.00,0.00,0.00,0.00,0.00,1.545
54592,231.00,9.01,0.24,96.75,846.58,1040.09,701.45,507.95,483.76,217.69,338.63,48.38,145.13,48.38,72.56,48.38,0.00,0.00,0.00,0.00,24.19,0.00,0.00,0.00,0.00,0.00,0.00,0.00,1.546
54593,202.20,6.41,0.12,217.94,702.25,823.32,702.25,508.52,387.45,339.02,121.08,96.86,72.65,48.43,24.22,0.00,0.00,0.00,0.00,0.00,0.00,0.00,0.00,0.00,0.00,0.00,0.00,0.00,1.549
54594,180.17,7.05,0.18,120.92,677.14,749.70,580.41,241.84,435.31,241.84,241.84,96.73,24.18,72.55,72.55,24.18,0.00,0.00,0.00,24.18,0.00,0.00,0.00,0.00,0.00,0.00,0.00,0.00,1.543
54595,155.26,5.16,0.10,97.04,388.14,606.47,582.21,557.95,266.85,242.59,194.07,97.04,24.26,24.26,24.26,0.00,0.00,0.00,0.00,0.00,0.00,0.00,0.00,0.00,0.00,0.00,0.00,0.00,1.549
54596,139.41,4.59,0.10,48.57,485.75,777.19,510.03,291.45,218.59,242.87,24.29,72.86,48.57,0.00,24.29,24.29,19.43,0.00,0.00,0.00,0.00,0.00,0.00,0.00,0.00,0.00,0.00,0.00,1.553
54597,112.89,4.01,0.09,48.56,558.38,388.44,291.33,412.72,242.78,48.56,121.39,24.28,0.00,48.56,48.56,0.00,0.00,24.28,0.00,0.00,0.00,0.00,0.00,0.00,0.00,0.00,0.00,0.00,1.546
54598,109.09,3.51,0.07,48.49,678.81,266.68,315.16,315.16,96.97,193.95,72.73,72.73,121.22,0.00,0.00,0.00,0.00,0.00,0.00,0.00,0.00,0.00,0.00,0.00,0.00,0.00,0.00,0.00,1.548
54599,95.50,3.34,0.07,72.53,386.84,265.95,265.95,290.13,145.06,265.95,72.53,24.18,72.53,48.35,0.00,0.00,0.00,0.00,0.00,0.00,0.00,0.00,0.00,0.00,0.00,0.00,0.00,0.00,1.551
54600,94.89,2.72,0.05,121.66,340.65,413.64,364.98,243.32,194.65,97.33,48.66,48.66,0.00,24.33,0.00,0.00,0.00,0.00,0.00,0.00,0.00,0.00,0.00,0.00,0.00,0.00,0.00,0.00,1.550
54601,73.77,2.69,0.06,48.54,291.22,291.22,266.95,194.14,72.80,169.88,24.27,0.00,24.27,48.54,24.27,0.00,19.41,0.00,0.00,0.00,0.00,0.00,0.00,0.00,0.00,0.00,0.00,0.00,1.548
54602,76.10,2.51,0.05,72.71,242.35,339.29,218.12,242.35,169.65,145.41,48.47,0.00,0.00,0.00,24.24,0.00,19.39,0.00,0.00,0.00,0.00,0.00,0.00,0.00,0.00,0.00,0.00,0.00,1.548
54603,103.28,3.60,0.08,72.91,315.93,413.14,437.44,267.32,194.42,72.91,97.21,72.91,48.60,24.30,48.60,0.00,0.00,0.00,0.00,0.00,0.00,0.00,0.00,0.00,0.00,0.00,0.00,0.00,1.551
54604,70.19,2.14,0.04,24.20,242.03,435.66,96.81,217.83,217.83,24.20,96.81,24.20,0.00,24.20,0.00,0.00,0.00,0.00,0.00,0.00,0.00,0.00,0.00,0.00,0.00,0.00,0.00,0.00,1.548
54605,68.33,2.09,0.04,0.00,317.26,268.45,219.64,244.04,122.02,48.81,97.62,24.40,0.00,24.40,0.00,0.00,0.00,0.00,0.00,0.00,0.00,0.00,0.00,0.00,0.00,0.00,0.00,0.00,1.549
54606,46.03,1.45,0.03,0.00,169.57,169.57,169.57,169.57,72.67,72.67,72.67,0.00,24.22,0.00,0.00,0.00,0.00,0.00,0.00,0.00,0.00,0.00,0.00,0.00,0.00,0.00,0.00,0.00,1.545
54607,48.67,1.80,0.04,0.00,194.67,194.67,97.33,121.67,121.67,73.00,73.00,24.33,48.67,24.33,0.00,0.00,0.00,0.00,0.00,0.00,0.00,0.00,0.00,0.00,0.00,0.00,0.00,0.00,1.545
54608,35.29,1.18,0.02,0.00,121.68,194.69,97.35,97.35,73.01,24.34,24.34,24.34,48.67,0.00,0.00,0.00,0.00,0.00,0.00,0.00,0.00,0.00,0.00,0.00,0.00,0.00,0.00,0.00,1.547
54609,46.09,1.36,0.02,24.26,169.79,194.05,169.79,169.79,72.77,48.51,48.51,0.00,24.26,0.00,0.00,0.00,0.00,0.00,0.00,0.00,0.00,0.00,0.00,0.00,0.00,0.00,0.00,0.00,1.548
54610,56.09,1.87,0.04,48.78,195.10,146.33,170.71,268.27,73.16,48.78,97.55,24.39,48.78,0.00,0.00,0.00,0.00,0.00,0.00,0.00,0.00,0.00,0.00,0.00,0.00,0.00,0.00,0.00,1.549
54611,40.12,1.19,0.02,0.00,145.89,267.46,121.57,145.89,48.63,24.31,24.31,0.00,0.00,0.00,24.31,0.00,0.00,0.00,0.00,0.00,0.00,0.00,0.00,0.00,0.00,0.00,0.00,0.00,1.552
54612,35.24,1.03,0.02,48.60,145.81,267.32,48.60,48.60,48.60,24.30,24.30,24.30,0.00,24.30,0.00,0.00,0.00,0.00,0.00,0.00,0.00,0.00,0.00,0.00,0.00,0.00,0.00,0.00,1.547
54613,42.54,1.39,0.03,72.92,194.46,72.92,97.23,121.54,145.84,97.23,0.00,0.00,24.31,24.31,0.00,0.00,0.00,0.00,0.00,0.00,0.00,0.00,0.00,0.00,0.00,0.00,0.00,0.00,1.547
54614,32.66,0.91,0.02,0.00,120.96,217.73,120.96,72.58,48.38,48.38,0.00,0.00,24.19,0.00,0.00,0.00,0.00,0.00,0.00,0.00,0.00,0.00,0.00,0.00,0.00,0.00,0.00,0.00,1.544
54615,41.37,1.23,0.02,0.00,121.67,194.67,194.67,146.01,73.00,24.33,24.33,48.67,0.00,0.00,0.00,0.00,0.00,0.00,0.00,0.00,0.00,0.00,0.00,0.00,0.00,0.00,0.00,0.00,1.547
54616,31.80,0.95,0.02,48.93,97.85,73.39,146.78,122.32,48.93,48.93,24.46,24.46,0.00,0.00,0.00,0.00,0.00,0.00,0.00,0.00,0.00,0.00,0.00,0.00,0.00,0.00,0.00,0.00,1.546
54617,35.15,1.04,0.02,48.49,96.97,145.46,169.70,96.97,72.73,24.24,0.00,24.24,24.24,0.00,0.00,0.00,0.00,0.00,0.00,0.00,0.00,0.00,0.00,0.00,0.00,0.00,0.00,0.00,1.548
54618,29.29,1.07,0.02,0.00,24.41,97.65,122.06,146.47,97.65,24.41,24.41,0.00,48.82,0.00,0.00,0.00,0.00,0.00,0.00,0.00,0.00,0.00,0.00,0.00,0.00,0.00,0.00,0.00,1.549
54619,38.96,1.35,0.03,24.35,121.74,121.74,146.09,97.40,146.09,0.00,48.70,48.70,0.00,24.35,0.00,0.00,0.00,0.00,0.00,0.00,0.00,0.00,0.00,0.00,0.00,0.00,0.00,0.00,1.547
54620,43.75,1.24,0.02,97.22,97.22,194.45,145.84,121.53,121.53,48.61,24.31,24.31,0.00,0.00,0.00,0.00,0.00,0.00,0.00,0.00,0.00,0.00,0.00,0.00,0.00,0.00,0.00,0.00,1.546
54621,25.52,1.07,0.02,0.00,97.23,97.23,48.62,24.31,97.23,24.31,72.93,0.00,24.31,0.00,24.31,0.00,0.00,0.00,0.00,0.00,0.00,0.00,0.00,0.00,0.00,0.00,0.00,0.00,1.545
54622,30.20,1.13,0.03,24.16,120.78,48.31,169.09,72.47,48.31,48.31,24.16,0.00,24.16,0.00,0.00,24.16,0.00,0.00,0.00,0.00,0.00,0.00,0.00,0.00,0.00,0.00,0.00,0.00,1.549
54623,31.65,0.81,0.01,0.00,219.08,170.40,73.03,0.00,121.71,24.34,24.34,0.00,0.00,0.00,0.00,0.00,0.00,0.00,0.00,0.00,0.00,0.00,0.00,0.00,0.00,0.00,0.00,0.00,1.544
54624,23.01,0.55,0.01,121.12,72.67,48.45,96.89,72.67,0.00,24.22,24.22,0.00,0.00,0.00,0.00,0.00,0.00,0.00,0.00,0.00,0.00,0.00,0.00,0.00,0.00,0.00,0.00,0.00,1.548
54625,16.98,0.45,0.01,24.25,48.51,72.76,48.51,97.01,24.25,24.25,0.00,0.00,0.00,0.00,0.00,0.00,0.00,0.00,0.00,0.00,0.00,0.00,0.00,0.00,0.00,0.00,0.00,0.00,1.550
54626,37.77,1.55,0.04,0.00,170.59,73.11,170.59,121.85,73.11,24.37,48.74,24.37,0.00,0.00,0.00,48.74,0.00,0.00,0.00,0.00,0.00,0.00,0.00,0.00,0.00,0.00,0.00,0.00,1.551
54627,33.99,0.85,0.01,72.83,121.38,145.66,145.66,97.11,24.28,72.83,0.00,0.00,0.00,0.00,0.00,0.00,0.00,0.00,0.00,0.00,0.00,0.00,0.00,0.00,0.00,0.00,0.00,0.00,1.543
54628,59.39,2.02,0.04,72.72,169.68,290.88,145.44,121.20,218.16,24.24,48.48,48.48,0.00,24.24,24.24,0.00,0.00,0.00,0.00,0.00,0.00,0.00,0.00,0.00,0.00,0.00,0.00,0.00,1.548
54629,43.59,1.78,0.04,48.43,169.50,121.07,72.64,96.86,48.43,96.86,145.28,0.00,24.21,24.21,24.21,0.00,0.00,0.00,0.00,0.00,0.00,0.00,0.00,0.00,0.00,0.00,0.00,0.00,1.547
54630,129.43,57.99,5.93,24.19,266.12,72.58,217.74,120.96,120.96,72.58,120.96,72.58,0.00,145.16,96.77,48.39,96.77,266.12,72.58,169.35,48.39,72.58,145.16,145.16,0.00,72.58,120.96,0.00,1.548
54631,601.51,111.28,9.15,265.20,1398.30,1639.39,1518.85,1060.78,843.80,650.93,626.83,337.52,385.74,458.06,192.87,192.87,289.30,361.63,289.30,361.63,361.63,144.65,216.98,168.76,24.11,168.76,72.33,0.00,1.546
54632,972.68,86.57,5.99,633.03,3262.55,3067.77,2799.95,2166.92,1728.66,1193.02,754.77,730.42,486.95,681.73,365.21,219.13,194.78,194.78,267.82,97.39,194.78,97.39,121.74,48.69,24.35,24.35,48.69,48.69,1.546
54633,971.94,75.44,5.26,559.29,2966.65,3671.84,2820.75,2261.46,1531.96,1288.79,1264.47,510.65,656.55,437.70,340.44,194.53,155.63,194.53,145.90,72.95,24.32,48.63,72.95,72.95,24.32,0.00,72.95,48.63,1.543
54634,860.37,46.81,2.06,535.75,2727.45,2922.27,2970.98,2069.94,1217.61,1290.67,1047.15,657.51,462.69,340.93,292.23,170.47,136.37,121.76,48.70,48.70,73.06,0.00,0.00,24.35,24.35,0.00,24.35,0.00,1.549
54635,742.20,36.31,1.22,438.02,2920.11,2847.11,2238.75,1435.72,1289.72,924.70,559.69,608.36,365.01,365.01,219.01,219.01,97.34,121.67,73.00,24.33,48.67,24.33,24.33,0.00,0.00,0.00,0.00,0.00,1.549
54636,682.97,34.41,1.56,586.66,2248.85,2542.18,2248.85,1711.08,1417.75,708.88,562.21,464.44,293.33,293.33,195.55,24.44,117.33,73.33,73.33,0.00,24.44,0.00,24.44,0.00,24.44,0.00,24.44,0.00,1.546
54637,648.28,31.54,1.09,463.23,2194.24,2681.85,1755.40,1560.35,1145.88,780.18,487.61,585.13,341.33,243.80,146.28,268.19,117.03,73.14,24.38,24.38,0.00,48.76,0.00,24.38,0.00,0.00,0.00,0.00,1.552
54638,511.95,24.28,0.86,363.60,1987.68,1696.80,1793.76,1260.48,727.20,751.44,533.28,290.88,121.20,145.44,169.68,72.72,155.14,48.48,48.48,0.00,24.24,24.24,0.00,24.24,0.00,0.00,0.00,0.00,1.546
54639,596.18,32.46,1.35,436.41,1527.42,2448.72,2157.78,1309.22,872.81,727.34,630.36,315.18,436.41,387.92,266.69,48.49,116.37,96.98,0.00,48.49,24.24,0.00,0.00,48.49,24.24,0.00,0.00,0.00,1.549
54640,544.32,27.83,1.05,413.10,1482.29,1846.79,1798.19,1433.69,923.39,656.10,656.10,437.40,388.80,315.90,194.40,72.90,97.20,48.60,24.30,72.90,0.00,0.00,0.00,0.00,0.00,24.30,0.00,0.00,1.546
54641,558.84,24.07,0.65,387.92,1842.60,1988.07,1648.64,1454.69,1115.26,800.08,436.41,436.41,363.67,242.45,193.96,72.73,96.98,48.49,24.24,0.00,24.24,0.00,0.00,0.00,0.00,0.00,0.00,0.00,1.547
54642,523.92,21.37,0.55,436.60,2037.45,1722.13,1625.11,1334.05,897.45,557.87,509.36,533.62,291.06,242.55,0.00,72.77,97.02,121.28,0.00,0.00,0.00,0.00,0.00,0.00,0.00,0.00,0.00,0.00,1.544
54643,564.38,26.89,0.85,462.80,1753.78,2216.59,1510.20,1290.98,901.25,730.74,682.03,535.88,414.09,243.58,219.22,73.07,58.46,97.43,73.07,0.00,0.00,0.00,0.00,24.36,0.00,0.00,0.00,0.00,1.544
54644,534.70,23.61,0.68,316.83,1852.21,2315.27,1559.76,1145.45,804.25,633.65,584.91,414.31,438.68,194.97,121.86,48.74,116.98,97.48,24.37,0.00,0.00,24.37,0.00,0.00,0.00,0.00,0.00,0.00,1.544
54645,547.47,22.48,0.57,194.48,1677.42,2042.08,1847.60,1191.21,1264.15,729.32,777.94,461.90,267.42,267.42,48.62,24.31,58.35,72.93,0.00,0.00,24.31,0.00,0.00,0.00,0.00,0.00,0.00,0.00,1.547
54646,558.67,27.14,1.07,316.87,1876.85,1511.23,1974.35,1828.10,1072.48,755.61,487.49,341.25,292.50,195.00,195.00,97.50,58.50,121.87,0.00,0.00,0.00,0.00,0.00,24.37,0.00,24.37,0.00,0.00,1.544
54647,515.36,22.95,0.62,291.16,1601.40,1892.56,1819.77,1213.18,849.23,436.74,655.12,412.48,461.01,194.11,218.37,48.53,116.47,48.53,24.26,24.26,0.00,0.00,0.00,0.00,0.00,0.00,0.00,0.00,1.544
54648,553.85,23.07,0.59,291.63,1798.37,2260.11,1725.46,899.18,1385.23,947.79,413.14,437.44,340.23,121.51,194.42,48.60,116.65,72.91,24.30,0.00,0.00,0.00,0.00,0.00,0.00,0.00,0.00,0.00,1.548
54649,543.19,26.95,0.98,266.03,1692.93,1886.40,1572.00,1499.45,822.28,846.46,677.17,386.95,483.69,217.66,145.11,169.29,77.39,24.18,48.37,24.18,0.00,0.00,0.00,0.00,0.00,24.18,0.00,0.00,1.549
54650,548.56,25.02,0.87,460.16,1719.53,2349.22,1525.78,1453.13,968.75,726.56,411.72,435.94,266.41,145.31,242.19,48.44,96.88,0.00,72.66,0.00,0.00,24.22,0.00,0.00,24.22,0.00,0.00,0.00,1.543
54651,523.10,23.78,0.68,218.56,1554.23,2161.35,1529.95,1238.53,947.11,728.55,679.98,339.99,218.56,412.84,169.99,48.57,116.57,48.57,0.00,24.28,0.00,24.28,0.00,0.00,0.00,0.00,0.00,0.00,1.543
54652,557.15,25.41,0.77,437.55,1677.29,2236.39,1652.98,1142.50,1069.58,923.73,632.02,413.25,267.39,218.78,121.54,97.23,58.34,48.62,72.93,48.62,0.00,24.31,0.00,0.00,0.00,0.00,0.00,0.00,1.538
54653,533.93,29.28,1.51,242.92,1603.25,2016.20,1530.37,1336.04,1190.29,631.58,680.17,388.67,364.37,218.62,145.75,72.87,136.03,24.29,24.29,24.29,0.00,0.00,0.00,0.00,0.00,0.00,48.58,0.00,1.542
54654,505.88,22.57,0.62,266.51,1889.78,1914.01,1429.45,1066.03,678.38,993.34,436.10,387.65,387.65,169.60,218.05,96.91,38.76,72.68,48.46,24.23,0.00,0.00,0.00,0.00,0.00,0.00,0.00,0.00,1.545
54655,568.42,28.85,0.93,241.88,1499.66,2104.36,1741.54,1572.22,894.96,798.21,628.89,387.01,459.57,387.01,266.07,145.13,96.75,24.19,48.38,24.19,0.00,24.19,24.19,0.00,0.00,0.00,0.00,0.00,1.542
