NASA Intern/Datasets/LARGE/SASA-LARGE-UHSAS_P3B_20220712_RA_L1.ict
70, 1001
Richard Moore, Luke Ziemba, Edward Winstead, Michael Shook, Claire Robinson, John Barrick, Bruce Anderson, and Ali Omar
NASA Langley
In-situ Submicron  Particle Size Distributions from the DMT UHSAS on the NASA P3B
NASA SASA
1,1
2022,07,12,2022,07,13
1.0
Start_UTC,Secs after midnight,Time of acquisition
29
1,1,1,1,1,1,1,1,1,1,1,1,1,1,1,1,1,1,1,1,1,1,1,1,1,1,1,1,1
-9999,-9999,-9999,-9999,-9999,-9999,-9999,-9999,-9999,-9999,-9999,-9999,-9999,-9999,-9999,-9999,-9999,-9999,-9999,-9999,-9999,-9999,-9999,-9999,-9999,-9999,-9999,-9999,-9999
nUHSAS_PSL, #/cm3, integrated UHSAS Dry Aerosol Number Concentration (PSL optical diameter)
sUHSAS_PSL, um2/cm3, integrated UHSAS Dry Aerosol Surface Area Concentration (PSL optical diameter)
vUHSAS_PSL, um3/cm3, integrated UHSAS Dry Aerosol Volume Concentration (PSL optical diameter)
UHSAS_Bin01, #/cm3, Binned UHSAS Dry Aerosol Number Size Distribution (dNdlogD, PSL optical diameter) at bin center 63 nm
UHSAS_Bin02, #/cm3, Binned UHSAS Dry Aerosol Number Size Distribution (dNdlogD, PSL optical diameter) at bin center 71 nm
UHSAS_Bin03, #/cm3, Binned UHSAS Dry Aerosol Number Size Distribution (dNdlogD, PSL optical diameter) at bin center 79 nm
UHSAS_Bin04, #/cm3, Binned UHSAS Dry Aerosol Number Size Distribution (dNdlogD, PSL optical diameter) at bin center 89 nm
UHSAS_Bin05, #/cm3, Binned UHSAS Dry Aerosol Number Size Distribution (dNdlogD, PSL optical diameter) at bin center 100 nm
UHSAS_Bin06, #/cm3, Binned UHSAS Dry Aerosol Number Size Distribution (dNdlogD, PSL optical diameter) at bin center 112 nm
UHSAS_Bin07, #/cm3, Binned UHSAS Dry Aerosol Number Size Distribution (dNdlogD, PSL optical diameter) at bin center 126 nm
UHSAS_Bin08, #/cm3, Binned UHSAS Dry Aerosol Number Size Distribution (dNdlogD, PSL optical diameter) at bin center 141 nm
UHSAS_Bin09, #/cm3, Binned UHSAS Dry Aerosol Number Size Distribution (dNdlogD, PSL optical diameter) at bin center 158 nm
UHSAS_Bin10, #/cm3, Binned UHSAS Dry Aerosol Number Size Distribution (dNdlogD, PSL optical diameter) at bin center 178 nm
UHSAS_Bin11, #/cm3, Binned UHSAS Dry Aerosol Number Size Distribution (dNdlogD, PSL optical diameter) at bin center 200 nm
UHSAS_Bin12, #/cm3, Binned UHSAS Dry Aerosol Number Size Distribution (dNdlogD, PSL optical diameter) at bin center 224 nm
UHSAS_Bin13, #/cm3, Binned UHSAS Dry Aerosol Number Size Distribution (dNdlogD, PSL optical diameter) at bin center 251 nm
UHSAS_Bin14, #/cm3, Binned UHSAS Dry Aerosol Number Size Distribution (dNdlogD, PSL optical diameter) at bin center 282 nm
UHSAS_Bin15, #/cm3, Binned UHSAS Dry Aerosol Number Size Distribution (dNdlogD, PSL optical diameter) at bin center 316 nm
UHSAS_Bin16, #/cm3, Binned UHSAS Dry Aerosol Number Size Distribution (dNdlogD, PSL optical diameter) at bin center 355 nm
UHSAS_Bin17, #/cm3, Binned UHSAS Dry Aerosol Number Size Distribution (dNdlogD, PSL optical diameter) at bin center 398 nm
UHSAS_Bin18, #/cm3, Binned UHSAS Dry Aerosol Number Size Distribution (dNdlogD, PSL optical diameter) at bin center 447 nm
UHSAS_Bin19, #/cm3, Binned UHSAS Dry Aerosol Number Size Distribution (dNdlogD, PSL optical diameter) at bin center 501 nm
UHSAS_Bin20, #/cm3, Binned UHSAS Dry Aerosol Number Size Distribution (dNdlogD, PSL optical diameter) at bin center 562 nm
[...]
INSTRUMENT_INFO: Size Distribution Data From the DMT Ultra-High Sensitivity Aerosol Spectrometer (UHSAS)
DATA_INFO: UHSAS measurements are reported at standard temperature and pressure (0 deg C, 1013 mb)
  - Flagged data are due to missing data or instrument issues
  - Concentrations can be converted back to ambient conditions by dividing by the stdPT conversion factor
  - Integrated surface areas and volumes are calculated by assuming spherical particles
UNCERTAINTY: all data are 20%
ULOD_FLAG: -7777
ULOD_VALUE: N/A
LLOD_FLAG: -8888
LLOD_VALUE: N/A
DM_CONTACT_INFO: Michael Shook (michael.shook@nasa.gov)
PROJECT_INFO: SASA 2022
STIPULATIONS_ON_USE: STIPULATIONS_ON_USE: This is FIELD data. Please consult the PI and/or DM prior to use.
OTHER_COMMENTS: Data are processed with respect to mid-point polystyrene-latex-equivalent optical diameters and are rebinned to a 20 channels per decade standard binning scheme (dlogD = 0.05)
OTHER_COMMENTS: Mid-point diameters (in nm) are:
        63.1, 70.8, 79.4, 89.1, 100.0, 112.2, 125.9, 141.3, 158.5, 177.8, 199.5, 223.9, 251.2, 281.8, 316.2, 354.8, 398.1, 446.7, 501.2, 562.3, 631.0, 707.9, 794.3, 891.3, 1000.0
REVISION: RA
RA: None
*******************************************************************************************************************************
Start_UTC,nUHSAS_PSL,sUHSAS_PSL,vUHSAS_PSL,UHSAS_Bin01,UHSAS_Bin02,UHSAS_Bin03,UHSAS_Bin04,UHSAS_Bin05,UHSAS_Bin06,UHSAS_Bin07,UHSAS_Bin08,UHSAS_Bin09,UHSAS_Bin10,UHSAS_Bin11,UHSAS_Bin12,UHSAS_Bin13,UHSAS_Bin14,UHSAS_Bin15,UHSAS_Bin16,UHSAS_Bin17,UHSAS_Bin18,UHSAS_Bin19,UHSAS_Bin20,UHSAS_Bin21,UHSAS_Bin22,UHSAS_Bin23,UHSAS_Bin24,UHSAS_Bin25,stdPT
[from data line 2238]
51578,1211.41,94.40,3.38,0.00,1334.95,2451.45,2354.36,2305.82,2548.54,2208.73,2548.54,2135.92,1674.75,1334.95,1286.41,655.34,563.11,412.62,291.26,24.27,48.54,0.00,24.27,24.27,0.00,0.00,0.00,0.00,1.166
51579,1223.50,92.17,3.19,97.22,996.49,2503.38,2624.91,2503.38,2041.59,2576.30,2722.13,2236.03,1725.63,1677.02,1020.80,437.48,602.76,364.57,145.83,72.91,72.91,24.30,24.30,0.00,0.00,0.00,0.00,0.00,1.166
51580,1231.82,90.18,3.03,24.32,1215.77,2212.70,2480.17,2747.63,2723.32,2504.48,2601.74,2164.07,1653.44,1458.92,1045.56,559.25,661.38,340.41,97.26,48.63,48.63,48.63,0.00,0.00,0.00,0.00,0.00,0.00,1.163
51581,1171.92,89.97,3.15,97.13,1141.32,2161.22,2258.36,2671.17,2574.04,2209.79,2452.62,2088.37,1457.00,1019.90,1238.45,582.80,757.64,364.25,169.98,97.13,72.85,24.28,0.00,0.00,0.00,0.00,0.00,0.00,1.164
51582,950.56,71.34,2.49,24.30,899.27,2041.59,1944.38,1847.16,1992.98,2187.42,2041.59,1604.11,1215.23,753.45,874.97,437.48,563.87,267.35,145.83,72.91,72.91,24.30,0.00,0.00,0.00,0.00,0.00,0.00,1.166
51583,914.12,69.04,2.50,24.25,800.16,1964.02,1648.81,2254.99,1988.27,1867.03,2085.26,1406.34,1188.11,751.66,775.91,484.94,484.94,290.97,72.74,96.99,24.25,48.49,0.00,24.25,0.00,0.00,0.00,0.00,1.164
51584,1023.71,77.55,2.73,24.29,1092.93,2210.14,2064.42,2283.00,1894.41,2234.43,1942.98,1360.09,1554.39,1092.93,1068.64,558.61,485.75,267.16,145.72,97.15,72.86,0.00,24.29,0.00,0.00,0.00,0.00,0.00,1.162
51585,1026.21,76.93,2.68,97.25,1191.29,2212.39,2090.83,2188.08,2188.08,2017.89,1774.77,1726.15,1312.85,1094.04,875.23,559.18,466.79,340.37,194.50,145.87,48.62,0.00,0.00,0.00,0.00,0.00,0.00,0.00,1.161
51586,1044.00,79.11,2.82,0.00,921.96,2329.17,2013.76,2062.28,2207.85,2207.85,2183.59,1577.04,1819.66,1091.80,897.70,460.98,427.01,315.41,218.36,72.79,24.26,0.00,24.26,24.26,0.00,0.00,0.00,0.00,1.162
51587,1056.22,73.46,2.34,24.31,802.37,2407.12,2212.61,2091.04,2382.81,2042.41,2455.75,2042.41,1288.66,996.89,996.89,510.60,505.74,218.83,48.63,72.94,24.31,0.00,0.00,0.00,0.00,0.00,0.00,0.00,1.166
51588,1253.74,87.42,2.85,24.26,1188.73,2765.61,2692.83,3153.76,2304.67,2523.01,2644.31,2013.56,1746.70,1407.06,800.57,752.05,524.01,242.60,194.08,48.52,24.26,24.26,0.00,0.00,0.00,0.00,0.00,0.00,1.162
51589,1205.88,89.31,3.03,0.00,1191.05,2673.78,2527.94,2576.55,2527.94,1920.26,2892.55,1798.73,1385.51,1507.04,1361.20,413.22,661.15,340.30,218.76,72.92,24.31,24.31,0.00,0.00,0.00,0.00,0.00,0.00,1.166
51590,1196.32,93.06,3.36,48.56,1189.77,2306.69,2622.35,2258.13,2428.10,2500.94,2622.35,2185.29,1432.58,1286.89,679.87,874.12,641.02,388.50,169.97,218.53,48.56,0.00,0.00,24.28,0.00,0.00,0.00,0.00,1.164
51591,1123.49,81.45,2.80,48.60,1093.60,2430.23,2260.11,2721.85,2503.13,2041.39,2697.55,1652.55,1385.23,899.18,923.49,558.95,622.14,291.63,194.42,72.91,48.60,0.00,24.30,0.00,0.00,0.00,0.00,0.00,1.162
51592,954.53,74.13,2.68,24.29,1092.97,1627.31,1675.89,2137.36,2283.09,1918.77,2258.81,1311.56,1335.85,971.53,947.24,291.46,388.61,437.19,170.02,121.44,72.86,0.00,24.29,0.00,0.00,0.00,0.00,0.00,1.163
51593,1043.23,75.53,2.60,24.32,924.08,2431.78,2577.68,1994.06,2529.05,1677.93,2188.60,1556.34,1288.84,1288.84,875.44,705.22,194.54,218.86,170.22,121.59,72.95,24.32,0.00,0.00,0.00,0.00,0.00,0.00,1.163
51594,1203.94,90.54,3.09,0.00,1070.81,2920.40,2506.68,2360.66,2385.00,2165.97,2311.99,2165.97,1654.90,1581.89,973.47,559.74,642.49,438.06,194.69,121.68,0.00,24.34,0.00,0.00,0.00,0.00,0.00,0.00,1.163
51595,1225.67,97.02,3.61,24.34,1362.94,2628.52,2506.83,2409.48,3115.28,2409.48,2141.76,2068.74,1362.94,997.86,1022.20,632.79,759.35,413.75,316.40,194.71,97.35,48.68,0.00,0.00,0.00,0.00,0.00,0.00,1.163
51596,1181.98,92.08,3.54,48.62,1118.28,2333.81,2698.47,2868.64,2528.29,2212.26,2552.60,1677.42,1410.01,1191.21,948.11,437.59,641.80,461.90,243.11,145.86,72.93,0.00,24.31,0.00,0.00,24.31,0.00,0.00,1.159
51597,1044.55,79.25,2.71,48.54,1043.58,1917.28,2111.44,2159.98,2499.75,2208.51,2159.98,1456.16,1407.62,922.24,1092.12,461.12,698.96,412.58,169.89,121.35,0.00,0.00,0.00,0.00,0.00,0.00,0.00,0.00,1.162
51598,900.18,63.86,2.11,24.31,923.76,1701.67,1555.81,2212.17,1871.83,2333.72,2114.93,1215.48,1239.79,777.91,777.91,388.95,427.85,218.79,97.24,97.24,0.00,24.31,0.00,0.00,0.00,0.00,0.00,0.00,1.156
51599,977.88,70.87,2.37,24.30,874.85,2381.53,1676.79,2065.61,2187.12,2114.21,1749.69,1944.10,1263.67,1069.26,777.64,340.22,505.47,340.22,145.81,48.60,48.60,0.00,0.00,0.00,0.00,0.00,0.00,0.00,1.160
51600,994.99,77.98,2.96,24.29,898.58,1772.86,1845.72,2161.44,2598.58,2015.72,2137.15,1481.43,1554.29,1020.00,607.15,607.15,446.86,267.14,267.14,121.43,24.29,24.29,0.00,0.00,0.00,24.29,0.00,0.00,1.167
51601,1122.65,85.64,3.07,48.58,1214.46,2258.90,2210.32,2574.66,2234.61,2331.76,2526.08,1675.95,1335.91,1044.44,995.86,534.36,738.39,364.34,194.31,48.58,97.16,0.00,0.00,24.29,0.00,0.00,0.00,0.00,1.164
51602,1358.77,99.81,3.38,24.32,1556.49,2772.50,2723.86,2699.54,3088.67,2553.62,2821.14,2286.10,1921.30,1653.77,997.13,608.01,642.05,413.44,267.52,72.96,48.64,24.32,0.00,0.00,0.00,0.00,0.00,0.00,1.165
51603,1092.95,80.06,2.69,97.13,777.04,2452.53,2112.57,2282.55,2403.96,2331.11,2112.57,2064.01,1408.38,1238.40,947.01,485.65,563.35,315.67,194.26,24.28,24.28,0.00,24.28,0.00,0.00,0.00,0.00,0.00,1.163
51604,1087.27,81.90,2.86,24.31,1142.71,2139.54,2577.17,1945.03,2382.67,2285.42,2066.60,1750.53,1677.59,1021.14,826.64,583.51,641.86,389.01,97.25,121.56,48.63,0.00,24.31,0.00,0.00,0.00,0.00,0.00,1.165
51605,1032.10,77.29,2.77,72.73,1042.53,1818.36,2448.72,2424.48,2497.21,1988.07,2060.81,1454.69,1503.18,848.57,824.32,387.92,543.08,290.94,121.22,193.96,96.98,24.24,0.00,0.00,0.00,0.00,0.00,0.00,1.163
51606,992.23,69.89,2.32,0.00,923.23,2113.71,2308.07,2089.41,2429.55,2138.00,1627.80,1773.57,1190.48,1093.30,753.16,461.61,408.16,267.25,170.07,72.89,0.00,24.30,0.00,0.00,0.00,0.00,0.00,0.00,1.163
51607,1168.50,86.44,2.94,24.29,850.26,2477.89,2356.43,2210.67,2453.60,2939.46,2769.41,1773.39,1651.93,850.26,1141.77,704.50,485.86,388.69,145.76,72.88,24.29,48.59,0.00,0.00,0.00,0.00,0.00,0.00,1.162
51608,1101.19,84.92,3.01,0.00,1116.24,2208.21,2742.06,2208.21,2232.47,1819.95,2547.93,1383.16,1407.43,1310.36,1091.97,533.85,621.21,436.79,242.66,24.27,72.80,0.00,24.27,0.00,0.00,0.00,0.00,0.00,1.163
51609,983.81,74.38,2.62,48.46,969.27,2495.87,1987.01,1890.08,2205.09,1841.61,2132.40,1429.67,1163.12,872.34,823.88,411.94,581.56,533.10,145.39,72.70,72.70,0.00,0.00,0.00,0.00,0.00,0.00,0.00,1.163
51610,1105.80,83.67,2.88,48.62,1215.43,1968.99,2479.47,2163.46,2309.31,2528.09,2187.77,1677.29,1264.05,1385.59,948.03,632.02,602.85,340.32,170.16,170.16,24.31,0.00,0.00,0.00,0.00,0.00,0.00,0.00,1.164
51611,1072.87,77.59,2.69,48.56,1359.60,2524.97,1796.61,2257.91,2233.63,2330.74,2306.46,1699.50,1602.39,971.14,728.36,679.80,310.77,169.95,169.95,145.67,97.11,24.28,0.00,0.00,0.00,0.00,0.00,0.00,1.165
51612,1086.04,83.27,3.05,48.56,971.20,2330.88,1869.56,2476.56,2428.00,2452.28,2500.84,1578.20,1238.28,1262.56,679.84,582.72,524.45,388.48,145.68,97.12,48.56,48.56,48.56,0.00,0.00,0.00,0.00,0.00,1.163
51613,1438.11,111.66,4.06,145.68,1335.40,2767.92,2937.88,3374.92,3035.00,2889.32,3010.72,1966.68,1821.00,1432.52,1432.52,752.68,718.69,704.12,242.80,121.40,0.00,48.56,0.00,0.00,24.28,0.00,0.00,0.00,1.162
51614,1243.01,86.84,2.86,48.55,1359.27,2718.55,2742.82,2597.19,2791.37,2524.37,2621.46,2014.64,1553.46,1213.64,873.82,509.73,660.22,315.55,169.91,121.36,24.27,0.00,0.00,0.00,0.00,0.00,0.00,0.00,1.159
51615,791.51,58.65,1.99,48.53,994.85,1601.46,1625.73,1480.14,1747.05,1383.08,1674.25,1237.49,1164.70,873.52,679.41,533.82,349.41,242.65,97.06,24.26,72.79,0.00,0.00,0.00,0.00,0.00,0.00,0.00,1.161
51616,1001.47,68.93,2.19,48.70,803.51,2434.89,2045.30,1947.91,1947.91,2434.89,2313.14,1655.72,1436.58,949.61,681.77,365.23,525.94,243.49,146.09,48.70,0.00,0.00,0.00,0.00,0.00,0.00,0.00,0.00,1.162
51617,1179.33,86.40,2.88,24.31,1093.78,2333.39,2430.61,2430.61,2697.98,2625.06,1920.19,2260.47,1701.43,1263.92,899.33,753.49,447.23,413.20,194.45,48.61,48.61,0.00,0.00,0.00,0.00,0.00,0.00,0.00,1.165
51618,1078.56,78.23,2.61,24.28,874.12,1942.48,2330.97,2452.38,2500.94,2282.41,2355.25,1821.07,1311.17,1092.64,1092.64,437.06,543.89,169.97,169.97,121.40,48.56,0.00,0.00,0.00,0.00,0.00,0.00,0.00,1.167
51619,1193.27,93.64,3.41,24.32,1361.80,2358.82,2358.82,2747.91,2504.73,2091.33,2212.92,2091.33,1604.97,1167.25,972.71,802.49,836.53,316.13,170.22,48.64,145.91,24.32,24.32,0.00,0.00,0.00,0.00,0.00,1.165
51620,1232.63,92.82,3.16,24.29,1165.84,2453.11,2161.65,2914.59,2380.25,2355.96,2914.59,2307.38,1554.45,1311.56,1092.97,558.63,680.07,364.32,291.46,72.86,48.58,0.00,0.00,0.00,0.00,0.00,0.00,0.00,1.166
51621,1211.00,93.54,3.32,0.00,897.22,2715.90,2570.41,2230.92,2643.15,2424.91,2764.40,1964.18,1576.19,1357.95,897.22,606.23,698.37,436.48,193.99,169.74,48.50,0.00,24.25,0.00,0.00,0.00,0.00,0.00,1.166
51622,1104.50,84.40,3.07,72.87,1214.53,2404.77,2356.19,2331.90,2647.68,2040.41,1943.25,1943.25,1165.95,1117.37,947.34,485.81,544.11,388.65,194.33,121.45,145.74,24.29,0.00,0.00,0.00,0.00,0.00,0.00,1.164
51623,979.07,76.40,2.64,24.27,898.00,1893.09,1771.74,2014.44,1917.36,2160.06,2329.95,1262.06,1456.22,1262.06,655.30,533.95,796.07,291.24,218.43,72.81,24.27,0.00,0.00,0.00,0.00,0.00,0.00,0.00,1.166
51624,878.51,62.98,2.09,0.00,1020.11,1845.91,1651.60,2040.21,1627.31,1967.35,1918.77,1554.45,1092.97,971.53,582.92,242.88,544.06,267.17,170.02,48.58,24.29,0.00,0.00,0.00,0.00,0.00,0.00,0.00,1.166
51625,1067.97,76.96,2.67,0.00,1336.17,2210.76,2113.58,2453.70,2599.46,1992.11,2380.82,1822.05,971.76,947.47,996.06,340.12,466.45,388.70,145.76,121.47,24.29,48.59,0.00,0.00,0.00,0.00,0.00,0.00,1.167
51626,1067.69,89.32,4.12,48.55,971.07,2403.39,2184.90,2184.90,2354.83,1845.02,2282.00,1383.77,1432.32,1286.66,898.24,655.47,815.69,194.21,194.21,97.11,72.83,0.00,0.00,0.00,0.00,0.00,0.00,48.55,1.164
51627,1038.61,79.35,2.76,0.00,896.61,2641.37,2326.34,1672.06,1890.15,2156.71,1962.85,1962.85,1550.89,872.38,969.31,630.05,562.20,290.79,242.33,72.70,72.70,0.00,0.00,0.00,0.00,0.00,0.00,0.00,1.161
51628,1220.46,97.72,3.44,24.30,1045.00,2041.39,2478.83,2600.34,2527.44,2308.72,2746.16,1992.79,1798.37,1142.21,1239.42,923.49,641.58,388.84,291.63,194.42,24.30,0.00,0.00,0.00,0.00,0.00,0.00,0.00,1.166
51629,1097.63,80.91,2.84,48.58,947.28,2744.68,1991.71,2186.03,2258.90,2210.32,2623.23,1845.98,1481.64,1165.88,752.97,510.07,602.37,267.18,194.31,48.58,0.00,0.00,72.87,0.00,0.00,0.00,0.00,0.00,1.159
51630,1230.78,92.83,3.25,0.00,1094.78,2700.46,2530.16,2384.19,2846.43,2286.87,3211.36,1557.02,1702.99,1143.44,1094.78,583.88,700.66,340.60,267.61,72.99,24.33,72.99,0.00,0.00,0.00,0.00,0.00,0.00,1.162
51631,1268.40,90.85,3.00,48.45,1114.33,2834.27,2592.03,2713.15,2664.70,2519.35,2810.05,2059.09,1744.17,1453.47,920.53,750.96,465.11,339.14,266.47,24.22,24.22,24.22,0.00,0.00,0.00,0.00,0.00,0.00,1.160
51632,1140.61,81.85,2.78,24.29,1020.35,2380.82,2283.64,2696.64,2453.70,2380.82,2356.52,1846.35,1627.70,1141.82,1044.64,607.35,485.88,194.35,121.47,48.59,48.59,0.00,48.59,0.00,0.00,0.00,0.00,0.00,1.159
51633,981.04,71.31,2.40,48.58,1214.46,2137.45,1967.43,1797.40,2137.45,1773.11,2428.92,1481.64,1384.48,922.99,874.41,315.76,505.22,315.76,218.60,72.87,24.29,0.00,0.00,0.00,0.00,0.00,0.00,0.00,1.162
51634,1024.72,75.34,2.59,48.55,1141.00,1942.13,2476.22,2136.34,2282.00,2039.24,1990.68,1116.72,1577.98,1189.55,922.51,655.47,466.11,218.49,145.66,48.55,48.55,48.55,0.00,0.00,0.00,0.00,0.00,0.00,1.165
51635,1075.70,80.24,2.73,24.28,946.79,2112.07,2257.73,2403.39,2233.45,2039.24,2354.83,1869.30,1480.87,995.34,946.79,728.30,466.11,436.98,97.11,48.55,48.55,24.28,0.00,0.00,0.00,0.00,0.00,0.00,1.163
51636,1240.07,100.47,3.70,24.33,1484.09,2530.26,2749.22,2043.67,2505.93,2165.32,2116.66,2238.31,1824.71,1630.07,1192.14,559.58,739.61,486.59,194.64,145.98,145.98,0.00,24.33,0.00,0.00,0.00,0.00,0.00,1.163
51637,1110.61,83.49,2.87,0.00,825.55,2452.38,2161.01,2670.91,2379.54,1918.20,2379.54,1869.64,1335.45,1432.58,946.96,704.15,505.04,242.81,267.09,72.84,24.28,0.00,24.28,0.00,0.00,0.00,0.00,0.00,1.164
51638,972.28,76.73,2.75,24.28,971.07,1723.64,2136.34,2160.62,2063.51,1553.70,2136.34,1626.53,1019.62,1335.21,898.24,485.53,582.64,364.15,194.21,121.38,24.28,0.00,24.28,0.00,0.00,0.00,0.00,0.00,1.163
51639,1027.95,82.89,3.01,24.30,947.75,2041.31,1968.41,2260.02,2211.42,1944.10,2065.61,1506.68,1530.98,996.35,1142.16,437.42,583.23,291.62,388.82,170.11,48.60,0.00,0.00,0.00,0.00,0.00,0.00,0.00,1.163
51640,1170.23,91.36,3.40,24.28,1068.26,2646.36,2112.23,2330.74,2840.59,2233.63,2549.25,1675.22,1529.55,1408.16,776.91,631.24,776.91,437.01,169.95,97.11,72.84,0.00,0.00,0.00,0.00,24.28,0.00,0.00,1.165
51641,926.21,69.42,2.37,24.30,1045.06,1725.56,2114.42,1944.30,1822.78,1871.39,1725.56,1482.53,1385.31,1117.97,680.50,388.86,661.06,291.64,121.52,72.91,48.61,0.00,0.00,0.00,0.00,0.00,0.00,0.00,1.164
51642,913.11,71.91,2.56,24.32,972.94,2043.18,1605.36,1605.36,1824.27,2164.80,2067.51,1508.06,827.00,972.94,875.65,486.47,505.93,364.85,243.24,145.94,24.32,0.00,0.00,0.00,0.00,0.00,0.00,0.00,1.167
51643,1026.32,79.35,2.87,24.28,1238.28,2063.80,2185.20,2160.92,2088.08,1918.12,2088.08,1383.96,1481.08,1238.28,1019.76,461.32,446.75,291.36,121.40,194.24,72.84,48.56,0.00,0.00,0.00,0.00,0.00,0.00,1.164
51644,1099.94,84.77,3.04,24.19,1016.00,2878.66,2225.52,2056.19,2225.52,1814.28,2273.90,2032.00,1378.85,1064.38,1112.76,459.62,638.63,411.24,217.71,72.57,48.38,24.19,24.19,0.00,0.00,0.00,0.00,0.00,1.168
51645,1158.45,82.74,2.80,24.28,1214.05,2646.63,2282.41,2525.22,2525.22,2330.97,2598.06,1651.11,1602.54,1214.05,825.55,558.46,660.44,218.53,145.69,72.84,24.28,24.28,24.28,0.00,0.00,0.00,0.00,0.00,1.168
51646,1125.88,79.59,2.62,72.83,1310.86,2500.34,2500.34,2209.04,1844.91,2257.59,2913.02,1529.34,1359.41,1480.79,898.18,703.98,621.44,121.38,48.55,97.10,0.00,48.55,0.00,0.00,0.00,0.00,0.00,0.00,1.166
51647,1042.59,75.52,2.55,0.00,948.03,1896.07,2382.24,2212.08,2382.24,2187.77,2114.85,1677.29,1555.75,1239.74,753.57,510.48,505.62,267.39,97.23,48.62,24.31,24.31,24.31,0.00,0.00,0.00,0.00,0.00,1.167
51648,1196.89,85.65,2.84,24.27,1335.00,2524.37,3058.37,2500.09,2087.46,2160.28,2767.10,1893.28,1674.82,1019.46,898.09,898.09,368.95,364.09,267.00,97.09,0.00,0.00,0.00,0.00,0.00,0.00,0.00,0.00,1.166
51649,1150.76,83.27,2.87,24.29,1190.36,2672.24,2745.12,2502.19,2259.26,2210.67,2234.96,1919.15,1506.17,1093.19,898.84,437.28,641.34,242.93,291.52,48.59,72.88,24.29,0.00,0.00,0.00,0.00,0.00,0.00,1.166
51650,1155.20,89.29,3.15,24.30,1166.63,2236.03,2454.77,2260.34,2649.21,2308.95,2260.34,1798.55,1604.11,1312.45,996.49,510.40,622.20,413.18,340.27,72.91,48.61,24.30,0.00,0.00,0.00,0.00,0.00,0.00,1.164
51651,1092.60,79.93,2.72,0.00,1021.35,2067.01,2164.28,2626.32,2310.19,2529.05,2480.41,1604.97,1215.89,1264.52,948.39,559.31,427.99,243.18,194.54,121.59,72.95,0.00,0.00,0.00,0.00,0.00,0.00,0.00,1.161
51652,1050.20,77.78,2.63,0.00,654.86,2425.39,2061.58,2304.12,2546.66,2110.09,2158.60,1455.24,1503.74,1091.43,1115.68,485.08,485.08,266.79,169.78,145.52,24.25,0.00,0.00,0.00,0.00,0.00,0.00,0.00,1.162
51653,1164.32,88.12,3.03,0.00,921.56,2425.15,2279.64,2158.39,2837.43,2352.40,2837.43,1479.34,1697.61,1358.09,1115.57,485.03,562.64,388.02,291.02,48.50,24.25,0.00,24.25,0.00,0.00,0.00,0.00,0.00,1.163
51654,1196.55,87.79,2.99,0.00,947.52,2891.16,2453.84,2648.21,2380.96,2259.48,2672.50,1992.23,1433.43,1457.73,996.12,558.80,583.09,218.66,291.55,72.89,48.59,24.30,0.00,0.00,0.00,0.00,0.00,0.00,1.165
51655,1198.83,90.79,3.13,0.00,995.18,2208.82,3034.10,2791.37,1844.73,2403.00,2451.55,1917.55,1723.37,1432.09,1116.55,801.00,601.96,364.09,169.91,97.09,0.00,0.00,0.00,24.27,0.00,0.00,0.00,0.00,1.166
51656,1178.04,93.61,3.30,0.00,972.38,2406.64,2090.62,2212.17,2455.26,2406.64,2990.07,1896.14,1409.95,1409.95,1045.31,729.29,758.46,194.48,413.26,97.24,72.93,0.00,0.00,0.00,0.00,0.00,0.00,0.00,1.165
