NASA Intern/Datasets/LARGE/SASA-LARGE-UHSAS_P3B_20220712_RA_L1.ict
70, 1001
Richard Moore, Luke Ziemba, Edward Winstead, Michael Shook, Claire Robinson, John Barrick, Bruce Anderson, and Ali Omar
NASA Langley
In-situ Submicron  Particle Size Distributions from the DMT UHSAS on the NASA P3B
NASA SASA
1,1
2022,07,12,2022,07,13
1.0
Start_UTC,Secs after midnight,Time of acquisition
29
1,1,1,1,1,1,1,1,1,1,1,1,1,1,1,1,1,1,1,1,1,1,1,1,1,1,1,1,1
-9999,-9999,-9999,-9999,-9999,-9999,-9999,-9999,-9999,-9999,-9999,-9999,-9999,-9999,-9999,-9999,-9999,-9999,-9999,-9999,-9999,-9999,-9999,-9999,-9999,-9999,-9999,-9999,-9999
nUHSAS_PSL, #/cm3, integrated UHSAS Dry Aerosol Number Concentration (PSL optical diameter)
sUHSAS_PSL, um2/cm3, integrated UHSAS Dry Aerosol Surface Area Concentration (PSL optical diameter)
vUHSAS_PSL, um3/cm3, integrated UHSAS Dry Aerosol Volume Concentration (PSL optical diameter)
UHSAS_Bin01, #/cm3, Binned UHSAS Dry Aerosol Number Size Distribution (dNdlogD, PSL optical diameter) at bin center 63 nm
UHSAS_Bin02, #/cm3, Binned UHSAS Dry Aerosol Number Size Distribution (dNdlogD, PSL optical diameter) at bin center 71 nm
UHSAS_Bin03, #/cm3, Binned UHSAS Dry Aerosol Number Size Distribution (dNdlogD, PSL optical diameter) at bin center 79 nm
UHSAS_Bin04, #/cm3, Binned UHSAS Dry Aerosol Number Size Distribution (dNdlogD, PSL optical diameter) at bin center 89 nm
UHSAS_Bin05, #/cm3, Binned UHSAS Dry Aerosol Number Size Distribution (dNdlogD, PSL optical diameter) at bin center 100 nm
UHSAS_Bin06, #/cm3, Binned UHSAS Dry Aerosol Number Size Distribution (dNdlogD, PSL optical diameter) at bin center 112 nm
UHSAS_Bin07, #/cm3, Binned UHSAS Dry Aerosol Number Size Distribution (dNdlogD, PSL optical diameter) at bin center 126 nm
UHSAS_Bin08, #/cm3, Binned UHSAS Dry Aerosol Number Size Distribution (dNdlogD, PSL optical diameter) at bin center 141 nm
UHSAS_Bin09, #/cm3, Binned UHSAS Dry Aerosol Number Size Distribution (dNdlogD, PSL optical diameter) at bin center 158 nm
UHSAS_Bin10, #/cm3, Binned UHSAS Dry Aerosol Number Size Distribution (dNdlogD, PSL optical diameter) at bin center 178 nm
UHSAS_Bin11, #/cm3, Binned UHSAS Dry Aerosol Number Size Distribution (dNdlogD, PSL optical diameter) at bin center 200 nm
UHSAS_Bin12, #/cm3, Binned UHSAS Dry Aerosol Number Size Distribution (dNdlogD, PSL optical diameter) at bin center 224 nm
UHSAS_Bin13, #/cm3, Binned UHSAS Dry Aerosol Number Size Distribution (dNdlogD, PSL optical diameter) at bin center 251 nm
UHSAS_Bin14, #/cm3, Binned UHSAS Dry Aerosol Number Size Distribution (dNdlogD, PSL optical diameter) at bin center 282 nm
UHSAS_Bin15, #/cm3, Binned UHSAS Dry Aerosol Number Size Distribution (dNdlogD, PSL optical diameter) at bin center 316 nm
UHSAS_Bin16, #/cm3, Binned UHSAS Dry Aerosol Number Size Distribution (dNdlogD, PSL optical diameter) at bin center 355 nm
UHSAS_Bin17, #/cm3, Binned UHSAS Dry Aerosol Number Size Distribution (dNdlogD, PSL optical diameter) at bin center 398 nm
UHSAS_Bin18, #/cm3, Binned UHSAS Dry Aerosol Number Size Distribution (dNdlogD, PSL optical diameter) at bin center 447 nm
UHSAS_Bin19, #/cm3, Binned UHSAS Dry Aerosol Number Size Distribution (dNdlogD, PSL optical diameter) at bin center 501 nm
UHSAS_Bin20, #/cm3, Binned UHSAS Dry Aerosol Number Size Distribution (dNdlogD, PSL optical diameter) at bin center 562 nm
[...]
INSTRUMENT_INFO: Size Distribution Data From the DMT Ultra-High Sensitivity Aerosol Spectrometer (UHSAS)
DATA_INFO: UHSAS measurements are reported at standard temperature and pressure (0 deg C, 1013 mb)
  - Flagged data are due to missing data or instrument issues
  - Concentrations can be converted back to ambient conditions by dividing by the stdPT conversion factor
  - Integrated surface areas and volumes are calculated by assuming spherical particles
UNCERTAINTY: all data are 20%
ULOD_FLAG: -7777
ULOD_VALUE: N/A
LLOD_FLAG: -8888
LLOD_VALUE: N/A
DM_CONTACT_INFO: Michael Shook (michael.shook@nasa.gov)
PROJECT_INFO: SASA 2022
STIPULATIONS_ON_USE: STIPULATIONS_ON_USE: This is FIELD data. Please consult the PI and/or DM prior to use.
OTHER_COMMENTS: Data are processed with respect to mid-point polystyrene-latex-equivalent optical diameters and are rebinned to a 20 channels per decade standard binning scheme (dlogD = 0.05)
OTHER_COMMENTS: Mid-point diameters (in nm) are:
        63.1, 70.8, 79.4, 89.1, 100.0, 112.2, 125.9, 141.3, 158.5, 177.8, 199.5, 223.9, 251.2, 281.8, 316.2, 354.8, 398.1, 446.7, 501.2, 562.3, 631.0, 707.9, 794.3, 891.3, 1000.0
REVISION: RA
RA: None
*******************************************************************************************************************************
Start_UTC,nUHSAS_PSL,sUHSAS_PSL,vUHSAS_PSL,UHSAS_Bin01,UHSAS_Bin02,UHSAS_Bin03,UHSAS_Bin04,UHSAS_Bin05,UHSAS_Bin06,UHSAS_Bin07,UHSAS_Bin08,UHSAS_Bin09,UHSAS_Bin10,UHSAS_Bin11,UHSAS_Bin12,UHSAS_Bin13,UHSAS_Bin14,UHSAS_Bin15,UHSAS_Bin16,UHSAS_Bin17,UHSAS_Bin18,UHSAS_Bin19,UHSAS_Bin20,UHSAS_Bin21,UHSAS_Bin22,UHSAS_Bin23,UHSAS_Bin24,UHSAS_Bin25,stdPT
[from data line 3914]
53254,1436.17,104.66,3.76,72.73,1357.63,3248.61,2860.71,3200.12,2909.20,3006.17,3200.12,2642.52,2036.44,1309.14,824.27,412.14,795.18,363.65,266.68,96.97,48.49,0.00,48.49,0.00,24.24,0.00,0.00,0.00,1.159
53255,1419.64,105.53,3.76,48.59,1457.79,3668.77,2089.50,2842.69,3012.76,2599.72,3377.21,2502.54,2162.38,1336.31,1384.90,656.00,427.62,267.26,267.26,194.37,24.30,48.59,0.00,0.00,24.30,0.00,0.00,0.00,1.157
53256,1404.40,103.94,3.46,0.00,1530.22,2938.99,2404.63,2598.94,3011.86,2914.70,2768.97,2623.23,2404.63,1651.67,1238.75,631.52,641.23,340.05,218.60,121.45,48.58,0.00,0.00,0.00,0.00,0.00,0.00,0.00,1.159
53257,1486.79,115.68,4.32,72.95,1313.16,3720.62,2772.23,3209.95,3185.63,2480.41,3185.63,2310.19,2115.65,1459.07,1361.80,778.17,797.62,389.08,218.86,218.86,24.32,48.64,24.32,48.64,0.00,0.00,0.00,0.00,1.158
53258,1505.99,103.40,3.27,24.21,1742.99,3122.86,2783.94,2929.19,3340.73,3098.65,3437.56,2929.19,2323.99,1718.78,919.91,484.16,561.63,314.71,338.91,48.42,0.00,0.00,0.00,0.00,0.00,0.00,0.00,0.00,1.158
53259,1514.37,111.23,3.71,48.58,1943.06,2914.59,2453.11,3133.18,3036.03,3157.47,2914.59,3133.18,2574.55,1603.02,1141.55,777.22,680.07,388.61,194.31,121.44,48.58,24.29,0.00,0.00,0.00,0.00,0.00,0.00,1.158
53260,1616.99,116.05,3.85,72.94,1677.53,3525.23,2966.06,3136.24,3525.23,3282.11,3622.48,3014.68,2309.64,1750.46,1191.29,802.29,661.29,340.37,291.74,72.94,72.94,24.31,0.00,0.00,0.00,0.00,0.00,0.00,1.159
53261,1538.20,116.12,4.03,121.65,1727.49,3187.34,2944.04,2457.42,3430.65,2554.74,3552.31,2895.37,2627.73,1703.16,1240.87,632.60,739.66,510.95,194.65,145.99,72.99,0.00,0.00,24.33,0.00,0.00,0.00,0.00,1.160
53262,1731.06,130.01,4.44,145.65,1820.64,2888.75,3228.60,3349.97,3568.45,3641.28,3762.65,3495.63,2888.75,1723.54,1480.79,1043.83,660.28,315.58,436.95,97.10,24.28,24.28,0.00,24.28,0.00,0.00,0.00,0.00,1.160
53263,1608.11,118.94,4.11,0.00,1868.48,3057.52,2887.65,2717.79,3348.71,3445.77,4052.42,3494.30,2329.54,1383.16,1358.90,703.71,640.62,388.26,266.93,97.06,48.53,24.27,24.27,24.27,0.00,0.00,0.00,0.00,1.158
53264,1662.63,117.85,3.91,145.48,1770.04,2982.40,3734.07,3637.08,3176.38,3079.39,4025.03,3224.88,2812.67,1624.56,921.39,484.94,640.13,460.70,315.21,145.48,48.49,24.25,0.00,0.00,0.00,0.00,0.00,0.00,1.156
53265,1525.51,116.90,4.06,24.26,1941.16,2887.48,2960.28,2741.89,2887.48,3033.07,3057.33,2887.48,2426.46,1868.37,1334.55,800.73,737.64,412.50,242.65,218.38,0.00,24.26,24.26,0.00,0.00,0.00,0.00,0.00,1.158
53266,1507.33,108.53,3.74,72.86,1530.16,3157.47,2866.01,3133.18,2817.44,3157.47,3788.96,2768.86,2355.96,1578.74,1092.97,485.76,660.64,267.17,145.73,72.86,145.73,0.00,24.29,24.29,0.00,0.00,0.00,0.00,1.158
53267,1639.68,120.31,4.09,48.45,2035.06,3222.19,2955.69,3270.64,3197.96,3391.77,3512.91,3416.00,2616.51,1671.66,1041.76,678.35,814.03,508.77,145.36,145.36,48.45,72.68,0.00,0.00,0.00,0.00,0.00,0.00,1.158
53268,1690.24,126.17,4.28,72.93,1896.14,3719.36,2819.91,2795.60,3840.91,3306.10,3695.05,3063.00,3014.38,1653.05,1337.02,777.91,719.56,583.43,267.40,194.48,24.31,24.31,0.00,0.00,0.00,0.00,0.00,0.00,1.159
53269,1625.09,117.84,3.94,48.53,1844.22,3251.64,2936.19,3275.91,3300.18,3227.38,3761.23,3227.38,2814.86,1358.90,1164.77,606.65,737.69,509.59,266.93,97.06,24.27,48.53,0.00,0.00,0.00,0.00,0.00,0.00,1.161
53270,1748.61,129.87,4.39,97.08,2014.36,3907.37,3009.40,3203.56,3397.71,3179.29,4125.79,3470.52,2815.25,1747.40,1164.93,849.43,970.78,485.39,339.77,145.62,24.27,24.27,0.00,0.00,0.00,0.00,0.00,0.00,1.162
53271,1458.12,102.71,3.36,24.23,2011.04,2689.46,3392.11,3052.90,2737.92,2665.23,3295.19,2519.85,2253.33,1623.37,823.80,629.96,620.27,339.21,411.90,72.69,0.00,0.00,0.00,0.00,0.00,0.00,0.00,0.00,1.161
53272,1667.86,124.20,4.24,72.81,2087.25,3009.52,3179.42,3058.06,3373.58,3300.77,3689.09,3373.58,2572.66,1990.17,1164.98,631.03,1029.06,364.06,218.43,121.35,72.81,24.27,24.27,0.00,0.00,0.00,0.00,0.00,1.158
53273,1616.66,114.76,4.10,48.45,1889.70,3682.50,3537.14,3319.09,3197.96,3149.50,3585.59,2931.46,2156.20,1574.75,1041.76,532.99,910.93,387.63,242.27,48.45,48.45,24.23,0.00,0.00,0.00,0.00,24.23,0.00,1.159
53274,1503.54,105.91,3.54,24.31,1774.60,3208.86,2917.14,2795.60,2844.22,3208.86,3816.60,3111.62,2042.00,1264.10,1142.55,704.98,486.19,388.95,170.17,97.24,0.00,48.62,0.00,24.31,0.00,0.00,0.00,0.00,1.160
53275,1274.54,89.70,2.95,121.20,1502.88,2545.20,2714.88,2181.60,2836.07,2375.52,3078.47,2545.20,1793.76,1308.96,824.16,484.80,523.58,315.12,145.44,145.44,48.48,0.00,0.00,0.00,0.00,0.00,0.00,0.00,1.161
53276,1269.88,97.29,3.60,48.62,1239.74,2917.03,2114.85,2333.62,2503.78,2552.40,2746.87,2673.94,2066.23,1312.66,1045.27,607.71,505.62,340.32,170.16,72.93,48.62,48.62,24.31,0.00,0.00,24.31,0.00,0.00,1.160
53277,1956.59,147.64,5.03,145.78,2235.27,3595.88,3814.54,3571.58,3717.36,4130.40,4057.51,3693.06,3134.24,1968.01,1968.01,1093.34,1010.73,534.52,194.37,194.37,48.59,0.00,0.00,24.30,0.00,0.00,0.00,0.00,1.159
53278,1516.50,112.52,3.70,72.80,1601.68,2960.69,2790.81,2887.88,2742.28,2839.35,3276.17,3348.97,2305.45,2111.31,1334.74,606.70,601.84,485.36,242.68,97.07,24.27,0.00,0.00,0.00,0.00,0.00,0.00,0.00,1.156
53279,1597.69,120.93,4.36,48.56,1845.35,3326.49,3496.46,2962.28,3180.81,2719.47,4200.61,2986.56,1966.76,1384.02,1165.49,752.71,971.24,267.09,364.21,97.12,121.40,48.56,48.56,0.00,0.00,0.00,0.00,0.00,1.158
53280,1768.27,130.95,4.32,97.09,2063.19,3640.91,3106.91,3082.64,3252.55,2912.73,4369.10,3762.28,3252.55,1893.28,1286.46,922.37,776.73,558.27,194.18,145.64,48.55,0.00,0.00,0.00,0.00,0.00,0.00,0.00,1.159
53281,1412.05,102.83,3.55,121.35,1820.28,3033.79,2912.44,2305.68,3009.52,2645.47,3252.23,2694.01,2014.44,1334.87,1019.35,752.38,524.24,291.24,266.97,121.35,72.81,24.27,24.27,0.00,0.00,0.00,0.00,0.00,1.161
53282,1857.48,133.60,4.39,24.31,1920.19,3937.60,3791.76,3402.86,3597.31,3597.31,4399.41,3743.15,2868.12,1968.80,1385.45,680.57,933.36,364.59,340.29,145.84,48.61,0.00,0.00,0.00,0.00,0.00,0.00,0.00,1.162
53283,1655.49,117.01,3.88,24.28,2184.98,3665.92,3131.81,3301.75,4005.80,2646.26,3156.09,3665.92,2257.82,1602.32,1141.05,728.33,796.31,315.61,267.05,121.39,97.11,0.00,0.00,0.00,0.00,0.00,0.00,0.00,1.159
53284,1245.62,90.33,3.11,0.00,1481.73,2793.43,2647.68,2574.81,2259.03,2574.81,2283.32,2526.23,1846.09,1263.11,850.17,680.14,427.52,242.91,267.20,97.16,48.58,24.29,24.29,0.00,0.00,0.00,0.00,0.00,1.159
53285,1419.63,103.05,3.45,24.24,1793.94,3054.54,2424.24,2836.36,2933.33,2787.87,3030.30,2666.66,2157.57,1551.51,1042.42,896.97,465.45,290.91,169.70,193.94,72.73,0.00,0.00,0.00,0.00,0.00,0.00,0.00,1.158
53286,1836.05,133.41,4.41,145.62,2208.60,3761.90,3616.28,3397.85,3689.09,3470.66,4004.61,3325.04,3082.33,1893.09,1310.60,800.92,1067.90,509.68,266.97,145.62,24.27,0.00,0.00,0.00,0.00,0.00,0.00,0.00,1.160
53287,1694.63,118.14,3.83,24.27,2135.58,3834.33,3154.83,3154.83,3300.44,3567.39,4246.89,2669.47,2620.94,1674.49,1237.66,922.18,621.26,364.02,169.88,121.34,72.80,0.00,0.00,0.00,0.00,0.00,0.00,0.00,1.161
53288,1647.14,128.71,4.55,145.70,2015.52,3569.66,3035.42,2622.61,3059.71,3253.98,3448.24,3083.99,2598.32,1675.55,1578.42,679.94,1010.19,631.37,242.83,145.70,97.13,48.57,0.00,0.00,0.00,0.00,0.00,0.00,1.160
53289,1636.99,119.61,4.03,24.25,1721.62,3200.76,3564.48,2982.52,3225.00,3200.76,3952.45,3055.27,2618.80,1770.11,1091.17,678.95,659.55,557.71,242.48,48.50,121.24,24.25,0.00,0.00,0.00,0.00,0.00,0.00,1.160
53290,1509.91,108.02,3.67,97.16,1821.80,3327.82,3109.20,2866.30,2939.17,2623.39,3667.89,3012.04,2283.32,1238.82,1190.24,631.56,563.54,340.07,291.49,72.87,72.87,24.29,24.29,0.00,0.00,0.00,0.00,0.00,1.160
53291,1668.62,122.20,4.19,121.53,1993.10,3840.37,3402.86,3354.25,3378.55,2843.82,3621.62,2746.59,2333.39,1895.88,1288.23,680.57,875.02,437.51,315.98,170.14,24.31,48.61,0.00,0.00,0.00,0.00,0.00,0.00,1.162
53292,1715.47,122.08,4.12,24.24,1890.45,3683.96,3877.85,3296.18,3562.78,3296.18,3829.38,3029.57,2593.31,1720.80,1236.07,702.86,620.46,387.79,315.08,145.42,48.47,24.24,24.24,0.00,0.00,0.00,0.00,0.00,1.161
53293,1599.67,117.78,3.98,48.61,1433.92,3524.04,3572.65,2624.80,3451.13,2867.84,3621.25,2916.45,2527.59,1798.48,1263.79,729.11,738.83,437.47,194.43,194.43,24.30,0.00,24.30,0.00,0.00,0.00,0.00,0.00,1.159
53294,1673.62,118.29,3.94,48.64,2261.64,4085.55,2893.93,3161.44,3355.99,3112.80,3647.81,3112.80,2504.83,2018.46,1070.02,583.65,739.29,462.06,267.51,97.27,24.32,0.00,0.00,24.32,0.00,0.00,0.00,0.00,1.161
53295,1578.67,106.04,3.31,72.78,2110.72,3542.13,2790.04,3711.96,3008.39,3056.91,3275.26,2887.08,2523.16,1407.15,1382.89,703.57,543.45,266.87,218.35,72.78,0.00,0.00,0.00,0.00,0.00,0.00,0.00,0.00,1.162
53296,1710.07,122.62,4.13,194.05,2183.07,3759.73,3250.35,3686.97,2789.48,3783.99,3298.86,3686.97,2401.38,1552.41,1018.77,703.43,873.23,509.38,291.08,145.54,48.51,24.26,0.00,0.00,0.00,0.00,0.00,0.00,1.156
53297,1591.47,113.46,3.88,72.85,1675.49,3885.19,3375.26,3156.72,2938.17,2986.74,3666.65,3083.87,2258.27,1796.90,801.32,509.93,699.33,364.24,267.11,169.98,48.56,72.85,0.00,0.00,0.00,0.00,0.00,0.00,1.163
53298,1520.87,111.69,3.96,48.62,2017.77,3938.30,3111.74,2868.64,2771.40,2844.33,3281.92,2285.19,2187.95,1385.70,1312.77,826.56,661.25,364.66,218.79,97.24,97.24,72.93,24.31,0.00,0.00,0.00,0.00,0.00,1.160
53299,1316.54,95.44,3.20,24.27,1601.68,3154.83,2451.06,2062.77,2693.74,2669.47,3082.03,2402.53,1844.36,1431.81,1116.32,388.29,679.50,315.48,291.22,48.54,48.54,24.27,0.00,0.00,0.00,0.00,0.00,0.00,1.160
53300,1305.30,88.93,2.94,121.31,1868.18,2887.19,3057.03,2523.26,2523.26,2474.74,2596.05,2571.79,1601.30,1358.68,921.96,582.29,388.19,291.15,194.10,97.05,0.00,24.26,24.26,0.00,0.00,0.00,0.00,0.00,1.157
53301,1613.91,114.41,3.78,72.91,1822.67,3305.11,3062.09,3523.83,3353.71,3037.78,4034.18,3110.69,2162.90,1385.23,1069.30,729.07,758.23,388.84,243.02,170.12,48.60,0.00,0.00,0.00,0.00,0.00,0.00,0.00,1.158
53302,1751.67,118.37,3.80,48.58,2307.38,4153.29,3716.10,3618.95,3521.79,2963.16,3813.25,3351.78,2453.11,1675.89,1384.43,655.78,641.21,315.75,242.88,121.44,24.29,24.29,0.00,0.00,0.00,0.00,0.00,0.00,1.157
53303,1725.89,121.65,4.11,145.69,2258.13,4127.77,4006.36,3253.65,3010.84,2986.56,4200.61,2962.28,2330.97,1723.95,898.40,776.99,912.96,437.06,218.53,145.69,97.12,24.28,0.00,0.00,0.00,0.00,0.00,0.00,1.160
53304,1846.16,127.26,4.14,121.62,2043.18,4280.95,4062.04,3697.19,3818.80,3380.98,3843.13,3697.19,2505.33,1751.30,1362.12,681.06,681.06,681.06,145.94,97.29,48.65,24.32,0.00,0.00,0.00,0.00,0.00,0.00,1.162
53305,1420.13,101.50,3.34,97.19,1579.27,3109.95,2575.42,2721.20,2818.39,2745.50,3425.80,2721.20,2138.09,1530.68,753.19,923.27,680.30,267.26,145.78,97.19,48.59,24.30,0.00,0.00,0.00,0.00,0.00,0.00,1.163
53306,1509.41,106.08,3.56,24.27,2086.96,3178.97,3251.77,3227.51,2887.77,2839.24,3009.10,3130.44,2232.56,1383.22,970.68,533.87,582.41,242.67,339.74,194.14,72.80,0.00,0.00,0.00,0.00,0.00,0.00,0.00,1.161
53307,1193.83,82.39,2.71,96.92,1647.66,2641.11,2398.80,2471.49,2665.34,1865.73,3053.02,1865.73,1720.35,896.52,751.14,654.22,542.76,387.69,145.38,48.46,0.00,0.00,24.23,0.00,0.00,0.00,0.00,0.00,1.158
53308,1643.28,120.90,4.34,24.29,1894.41,3448.79,3181.63,3715.95,2841.61,3497.37,3545.94,2987.33,2671.60,1481.52,1262.94,631.47,757.76,437.17,242.87,145.72,48.57,0.00,0.00,24.29,0.00,24.29,0.00,0.00,1.162
53309,1644.20,119.41,4.46,97.30,2165.02,3575.93,3356.99,3138.06,3284.01,3016.43,3648.90,3405.64,2262.32,1629.84,1240.63,632.48,603.29,316.24,291.91,48.65,72.98,48.65,0.00,0.00,24.33,0.00,24.33,0.00,1.162
53310,1727.59,119.10,3.82,121.71,2044.77,4284.29,3334.93,3140.19,3480.98,3091.50,3992.18,3188.87,2775.05,1703.98,1144.10,632.91,837.38,535.54,146.06,48.69,24.34,24.34,0.00,0.00,0.00,0.00,0.00,0.00,1.161
53311,1665.27,122.54,4.46,24.27,2014.24,4028.48,3518.85,3203.37,3130.56,2766.54,3470.31,3082.03,2742.28,1528.88,1480.34,655.23,834.82,461.09,145.61,72.80,72.80,0.00,0.00,48.54,0.00,24.27,0.00,0.00,1.162
53312,1448.73,98.37,3.27,72.78,1673.85,3493.26,3008.09,3032.35,3080.86,2716.98,3226.42,2231.81,2328.84,1309.97,1115.90,606.47,543.40,315.36,48.52,72.78,72.78,0.00,0.00,0.00,24.26,0.00,0.00,0.00,1.160
53313,1548.00,105.13,3.45,72.84,2306.46,3374.72,3010.54,3326.16,3253.33,2719.20,3787.46,2816.31,2087.96,1286.76,801.19,776.91,660.38,339.90,121.39,145.67,48.56,0.00,24.28,0.00,0.00,0.00,0.00,0.00,1.166
53314,1737.55,124.94,4.30,48.56,1917.93,4102.91,2937.59,3010.42,3641.64,3180.37,4612.74,3374.59,2621.98,1893.65,1068.21,801.16,738.04,412.72,194.22,97.11,48.56,24.28,0.00,0.00,0.00,24.28,0.00,0.00,1.162
53315,1523.66,106.35,3.55,48.56,1845.10,3326.03,3131.81,3326.03,2767.65,2961.87,3301.75,2937.59,2184.98,1626.60,1165.32,606.94,563.24,412.72,97.11,72.83,24.28,48.56,0.00,24.28,0.00,0.00,0.00,0.00,1.162
53316,1672.56,123.23,4.61,48.60,1992.59,3523.48,3960.88,3766.48,3450.58,2818.78,3644.98,2648.68,2186.99,1968.29,1117.79,558.90,719.28,534.60,170.10,121.50,72.90,72.90,24.30,24.30,0.00,24.30,0.00,0.00,1.160
53317,1615.31,118.88,4.21,96.86,2324.54,3559.45,3341.53,3123.60,3486.81,2833.03,3099.39,3075.17,2421.40,1259.13,1162.27,581.14,755.48,556.92,290.57,217.93,72.64,24.21,24.21,0.00,0.00,0.00,0.00,0.00,1.161
53318,1653.80,111.98,3.61,72.68,2253.20,3779.55,3682.64,3222.31,3198.08,3052.72,4312.57,2713.53,2156.28,1380.99,920.66,726.84,755.91,508.79,266.51,24.23,48.46,0.00,0.00,0.00,0.00,0.00,0.00,0.00,1.159
53319,1729.28,121.01,3.93,121.20,2011.92,3926.87,3829.91,3611.75,2860.31,3248.15,3563.27,3151.19,2763.35,2108.88,1090.80,678.72,892.03,339.36,193.92,145.44,48.48,0.00,0.00,0.00,0.00,0.00,0.00,0.00,1.159
53320,1700.32,120.42,4.33,72.80,2062.61,4100.95,4003.89,3203.11,3154.58,3130.31,3858.29,2936.19,2378.07,1771.42,1140.50,655.18,640.62,388.26,242.66,145.60,97.06,0.00,0.00,0.00,0.00,0.00,24.27,0.00,1.161
53321,1806.74,126.34,4.16,169.94,2184.98,4539.91,3374.59,3495.97,2986.14,3811.58,3981.53,3544.53,2500.59,1845.10,1383.82,873.99,543.82,364.16,291.33,145.67,97.11,0.00,0.00,0.00,0.00,0.00,0.00,0.00,1.161
53322,1587.35,111.32,3.82,121.25,1891.43,3831.36,3491.87,2885.64,3370.63,3249.38,3297.88,2740.15,1915.68,1624.69,1163.96,727.47,659.58,339.49,242.49,72.75,97.00,0.00,0.00,0.00,24.25,0.00,0.00,0.00,1.160
53323,1740.25,120.23,3.94,48.57,1918.50,4249.85,3788.44,3011.32,3691.30,3399.88,4079.85,3351.31,2015.64,1821.36,1117.10,752.83,757.69,364.27,291.42,48.57,48.57,48.57,0.00,0.00,0.00,0.00,0.00,0.00,1.162
53324,2010.31,133.07,4.15,145.92,2407.70,5058.60,4499.24,3866.91,3988.51,4012.83,4037.15,3477.79,2991.38,1824.02,1459.21,826.89,856.07,437.76,243.20,72.96,0.00,0.00,0.00,0.00,0.00,0.00,0.00,0.00,1.165
53325,1577.14,114.08,3.94,24.28,1772.62,3569.52,3156.72,3763.78,2889.61,3083.87,3083.87,3278.13,1869.75,1821.18,1116.99,485.65,582.78,388.52,364.24,169.98,72.85,48.56,0.00,0.00,0.00,0.00,0.00,0.00,1.161
53326,1618.92,114.55,3.86,96.93,2205.09,3368.22,3465.14,3416.68,3295.52,3247.06,3343.98,3101.67,1720.46,1647.76,969.27,799.65,756.03,460.40,242.32,193.85,24.23,24.23,0.00,0.00,0.00,0.00,0.00,0.00,1.159
53327,1422.63,103.00,3.62,24.26,1600.92,3492.91,2765.22,2668.20,2692.45,2813.74,2571.17,2862.25,2352.87,1843.48,970.25,485.13,582.15,412.36,169.79,72.77,24.26,0.00,24.26,0.00,0.00,24.26,0.00,0.00,1.161
53328,1719.56,125.48,4.42,97.07,1771.49,4610.72,3542.98,3445.91,3130.44,3154.71,3518.71,3106.17,2402.43,1868.56,1213.35,800.81,757.13,388.27,291.20,121.33,72.80,24.27,72.80,0.00,0.00,0.00,0.00,0.00,1.164
53329,1693.59,116.71,3.90,24.25,2158.51,4268.52,3080.13,3395.42,3249.90,3686.45,3589.44,3080.13,2473.80,1624.95,1261.15,582.07,717.89,266.78,169.77,97.01,97.01,24.25,0.00,24.25,0.00,0.00,0.00,0.00,1.161
53330,1531.85,108.73,3.68,97.04,1746.80,3542.13,3226.74,3226.74,2765.77,3056.91,3226.74,3081.17,2110.72,1237.32,1188.80,679.31,601.68,412.44,145.57,218.35,48.52,0.00,24.26,0.00,0.00,0.00,0.00,0.00,1.161
53331,1667.73,109.92,3.40,73.10,2217.47,4166.90,3484.60,3362.76,3508.97,2875.40,3143.45,3314.02,2509.89,1364.60,1315.86,682.30,896.74,219.31,170.57,48.74,0.00,0.00,0.00,0.00,0.00,0.00,0.00,0.00,1.161
