NASA Intern/Datasets/LARGE/SASA-LARGE-MICROPHYSICAL_P3B_20220708_RA.ict
56,1001
Richard Moore, Luke Ziemba, Edward Winstead, Michael Shook, Claire Robinson, John Barrick, Bruce Anderson, and Ali Omar
NASA Langley
In-situ microphysical aerosol measurements from the NASA P3B
NASA SASA
1,1
2022,07,08,2022,07,8
1.0
Time_Mid,Secs after midnight,Time of acquisition
9
1,1,1,1,1,1,1,1,1
-9999,-9999,-9999,-9999,-9999,-9999,-9999,-9999,-9999
CNgt3nm, #/cm3, AerMP_NumConc_InSitu_RHd_None_Bulk_STP, Number concentration of particles with diameters greater than 3nm
CNgt10nm, #/cm3, AerMP_NumConc_InSitu_RHd_None_Bulk_STP, Number concentration of particles with diameters greater than 10nm
IntegN_100to1000nm_UHSAS, #/cm3, Number concentration of particles with diameters between 100 and 1000nm (inclusive) as measured by the UHSAS
IntegS_100to1000nm_UHSAS, um2/cm3, Surface area concentration of particles with diameters between 100 and 1000nm (inclusive) as measured by the UHSAS
IntegV_100to1000nm_UHSAS, um3/cm3, Volume concentration of particles with diameters between 100 and 1000nm (inclusive) as measured by the UHSAS
IntegN_gt1000nm_APS, #/cm3, Number concentration of particles with diameters greater than 1000nm as measured by the APS
IntegS_gt1000nm_APS, um2/cm3, Surface area concentration of particles with diameters greater 1000nm as measured by the APS
IntegV_gt1000nm_APS, um3/cm3, Volume concentration of particles with diameters greater than 1000nm as measured by the APS
stdPT, unitless, None, Conversion factor to convert between ambient and standard pressure and temperature conditions
0
33
******************************************************************************************************************
Langley Aerosol data from the 2022 SASA field campaign
 
PI_CONTACT_INFO: richard.h.moore@nasa.gov
PLATFORM: NASA P3B aircraft
LOCATION: Latitude, Longitude, and Altitude included in MetNav files
ASSOCIATED_DATA: None
INSTRUMENT_INFO: Flagged data are due to missing data or to instrument issues.
CN statistics: TSI Condensation Particle Counters
	- CNgt3nm is measured with a TSI CPC-3776
	- CNgt10nm is measured with a TSI CPC-3772
	- The CPC-3772 data are corrected for coincidence errors when the aerosol concentrations exceed 10,000 cm-3
	- Due to flow irregularities and response times differences, there will be times where CNgt10nm > CNgt3nm
UHSAS statistics: Optical Size Distribution Data from the DMT Ultra-High Sensitivity Aerosol Spectrometer (UHSAS)
   - Data are processed with respect to mid-point polystyrene-latex-equivalent optical diameters and are rebinned to a standard binning scheme
APS statistics: Aerodynamic Size Distribution Data From the TSI Aerodynamic Particle Sizer (APS), Model 3321
   - Data are processed with respect to mid-point polystyrene-latex-equivalent aerodynamic diameters (assuming spherical particles with a density of 1 g/cm3) and are rebinned to a standard binning scheme
DATA_INFO: Aerosol measurements are reported at standard temperature and pressure (0 deg C, 1013 mb)
   - Concentrations can be converted back to ambient conditions by dividing by the stdPT conversion factor
   - Integrated surface areas and volumes are calculated by assuming spherical particles
UNCERTAINTY: CPC data is 10%, UHSAS is 20%, APS is 20%
ULOD_FLAG: -7777
ULOD_VALUE: N/A
LLOD_FLAG: -8888
LLOD_VALUE: N/A
DM_CONTACT_INFO: Michael Shook (michael.shook@nasa.gov)
PROJECT_INFO: SARP 2022
STIPULATIONS_ON_USE: This is FIELD data. Please consult the PI and/or DM prior to use.
OTHER_COMMENTS: none
REVISION: RA
RA: None
******************************************************************************************************************
Time_Mid,CNgt3nm,CNgt10nm,IntegN_100to1000nm_UHSAS,IntegS_100to1000nm_UHSAS,IntegV_100to1000nm_UHSAS,IntegN_gt1000nm_APS,IntegS_gt1000nm_APS,IntegV_gt1000nm_APS,stdPT
[from data line 5939]
59904,1608.74,1526.54,435.05,39.45,1.30,-9999.00,-9999.00,-9999.00,1.199
59905,1609.67,1550.92,466.00,40.63,1.28,-9999.00,-9999.00,-9999.00,1.199
59906,1633.72,1504.44,457.53,38.65,1.26,-9999.00,-9999.00,-9999.00,1.200
59907,1693.57,1528.92,412.68,35.56,1.12,-9999.00,-9999.00,-9999.00,1.199
59908,1788.86,1577.02,428.37,39.71,1.36,-9999.00,-9999.00,-9999.00,1.199
59909,1660.49,1589.83,395.26,35.20,1.15,-9999.00,-9999.00,-9999.00,1.199
59910,1659.98,1577.57,430.28,39.81,1.40,-9999.00,-9999.00,-9999.00,1.199
59911,1778.68,1566.66,408.51,32.89,0.99,-9999.00,-9999.00,-9999.00,1.200
59912,1673.72,1579.43,420.53,38.36,1.29,-9999.00,-9999.00,-9999.00,1.199
59913,1650.69,1591.73,387.17,34.73,1.13,-9999.00,-9999.00,-9999.00,1.199
59914,1651.46,1580.68,416.42,34.69,1.08,-9999.00,-9999.00,-9999.00,1.199
59915,1617.03,1534.41,394.05,34.42,1.09,-9999.00,-9999.00,-9999.00,1.199
59916,1617.75,1499.67,399.84,35.19,1.18,-9999.00,-9999.00,-9999.00,1.199
59917,1642.05,1500.29,331.16,30.88,1.01,-9999.00,-9999.00,-9999.00,1.199
59918,1559.38,1500.31,366.94,33.68,1.13,-9999.00,-9999.00,-9999.00,1.199
59919,1607.30,1536.39,399.47,33.19,1.04,-9999.00,-9999.00,-9999.00,1.198
59920,1631.63,1501.57,389.06,32.31,0.98,-9999.00,-9999.00,-9999.00,1.198
59921,1596.12,1489.71,420.87,36.22,1.14,-9999.00,-9999.00,-9999.00,1.199
59922,1691.04,1466.35,412.12,41.90,1.90,-9999.00,-9999.00,-9999.00,1.199
59923,1715.29,1490.53,367.59,31.16,0.99,-9999.00,-9999.00,-9999.00,1.199
59924,1691.68,1514.23,347.04,31.09,1.02,-9999.00,-9999.00,-9999.00,1.200
59925,1799.23,1526.98,395.63,36.10,1.20,-9999.00,-9999.00,-9999.00,1.198
59926,1704.96,1574.72,400.42,35.18,1.13,-9999.00,-9999.00,-9999.00,1.198
59927,1776.41,1551.40,403.69,35.87,1.17,-9999.00,-9999.00,-9999.00,1.198
59928,1658.16,1527.88,353.03,27.66,0.81,-9999.00,-9999.00,-9999.00,1.198
59929,1729.91,1516.64,401.01,33.60,1.04,-9999.00,-9999.00,-9999.00,1.198
59930,1671.20,1493.42,395.44,37.66,1.34,-9999.00,-9999.00,-9999.00,1.198
59931,1493.38,1481.53,366.72,31.89,1.03,-9999.00,-9999.00,-9999.00,1.198
59932,1540.93,1469.81,358.88,29.68,0.91,-9999.00,-9999.00,-9999.00,1.198
59933,1611.68,1469.47,422.25,39.18,1.38,-9999.00,-9999.00,-9999.00,1.198
59934,1541.00,1458.02,448.72,41.33,1.37,-9999.00,-9999.00,-9999.00,1.198
59935,1625.06,1482.72,395.31,33.02,1.02,-9999.00,-9999.00,-9999.00,1.199
59936,1613.74,1471.36,407.93,32.75,0.98,-9999.00,-9999.00,-9999.00,1.199
59937,1531.71,1496.09,380.42,32.59,1.03,-9999.00,-9999.00,-9999.00,1.200
59938,1676.58,1462.55,408.36,36.83,1.20,-9999.00,-9999.00,-9999.00,1.198
59939,1616.50,1473.86,382.74,30.71,0.92,-9999.00,-9999.00,-9999.00,1.198
59940,1650.56,1472.44,417.66,38.04,1.30,-9999.00,-9999.00,-9999.00,1.199
59941,1780.36,1448.03,420.91,34.60,1.05,-9999.00,-9999.00,-9999.00,1.199
59942,1767.19,1470.69,409.62,36.34,1.16,-9999.00,-9999.00,-9999.00,1.199
59943,1718.57,1505.23,380.41,32.54,1.02,-9999.00,-9999.00,-9999.00,1.197
59944,1835.78,1504.16,426.17,39.29,1.31,-9999.00,-9999.00,-9999.00,1.198
59945,1669.55,1527.46,389.38,33.30,1.03,-9999.00,-9999.00,-9999.00,1.197
59946,1682.33,1516.47,386.63,33.11,1.06,-9999.00,-9999.00,-9999.00,1.197
59947,1695.12,1493.61,380.38,32.18,1.02,-9999.00,-9999.00,-9999.00,1.196
59948,1649.05,1506.68,358.96,30.22,0.92,-9999.00,-9999.00,-9999.00,1.197
59949,1662.21,1507.87,381.46,33.50,1.05,-9999.00,-9999.00,-9999.00,1.196
59950,1640.50,1497.85,447.08,41.82,1.47,-9999.00,-9999.00,-9999.00,1.196
59951,1654.55,1487.91,442.01,37.85,1.19,-9999.00,-9999.00,-9999.00,1.197
59952,1632.13,1524.91,428.81,37.29,1.24,-9999.00,-9999.00,-9999.00,1.197
59953,1621.72,1526.33,454.06,39.31,1.23,-9999.00,-9999.00,-9999.00,1.197
59954,1695.09,1516.03,451.49,43.57,1.53,-9999.00,-9999.00,-9999.00,1.198
59955,1636.20,1528.71,422.07,36.29,1.19,-9999.00,-9999.00,-9999.00,1.197
59956,1552.76,1516.93,376.72,36.99,1.46,-9999.00,-9999.00,-9999.00,1.197
59957,1684.53,1505.32,387.87,35.76,1.21,-9999.00,-9999.00,-9999.00,1.196
59958,1637.50,1506.02,400.20,36.23,1.34,-9999.00,-9999.00,-9999.00,1.197
59959,1578.13,1518.36,325.11,26.12,0.79,-9999.00,-9999.00,-9999.00,1.197
59960,1506.88,1506.88,340.07,33.31,1.18,-9999.00,-9999.00,-9999.00,1.197
59961,1639.04,1495.47,349.71,30.67,0.99,-9999.00,-9999.00,-9999.00,1.197
59962,1639.60,1519.92,301.91,26.70,0.86,-9999.00,-9999.00,-9999.00,1.197
59963,1735.13,1519.74,333.48,29.97,0.97,-9999.00,-9999.00,-9999.00,1.197
59964,1676.07,1544.38,350.12,29.81,0.94,-9999.00,-9999.00,-9999.00,1.196
59965,1663.67,1532.02,318.94,27.50,0.91,-9999.00,-9999.00,-9999.00,1.197
59966,1664.30,1532.60,355.88,32.02,1.05,-9999.00,-9999.00,-9999.00,1.197
59967,1532.35,1508.41,346.67,28.16,0.88,-9999.00,-9999.00,-9999.00,1.196
59968,1508.68,1472.76,382.19,32.79,1.00,-9999.00,-9999.00,-9999.00,1.196
59969,1616.27,1436.69,403.82,37.14,1.28,-9999.00,-9999.00,-9999.00,1.195
59970,1568.85,1437.11,394.62,33.93,1.09,-9999.00,-9999.00,-9999.00,1.195
59971,1532.60,1448.78,382.48,32.96,1.04,-9999.00,-9999.00,-9999.00,1.196
59972,1554.99,1423.42,428.77,37.08,1.19,-9999.00,-9999.00,-9999.00,1.195
59973,1579.03,1423.52,390.81,34.03,1.08,-9999.00,-9999.00,-9999.00,1.195
59974,1543.11,1411.53,403.04,35.61,1.14,-9999.00,-9999.00,-9999.00,1.194
59975,1542.78,1423.18,343.02,31.42,1.06,-9999.00,-9999.00,-9999.00,1.195
59976,1469.47,1421.68,380.98,33.30,1.06,-9999.00,-9999.00,-9999.00,1.194
59977,1456.20,1432.33,385.36,32.76,1.02,-9999.00,-9999.00,-9999.00,1.193
59978,1383.81,1407.67,358.23,29.35,0.89,-9999.00,-9999.00,-9999.00,1.194
59979,1310.97,1346.73,374.42,33.31,1.07,-9999.00,-9999.00,-9999.00,1.193
59980,1215.00,1250.74,370.79,34.09,1.13,-9999.00,-9999.00,-9999.00,1.192
59981,1135.11,1172.03,377.76,32.00,1.03,-9999.00,-9999.00,-9999.00,1.192
59982,1202.46,1126.27,391.64,33.73,1.05,-9999.00,-9999.00,-9999.00,1.190
59983,1214.36,1113.17,434.98,38.29,1.30,-9999.00,-9999.00,-9999.00,1.190
59984,1133.05,1131.86,412.86,37.80,1.30,-9999.00,-9999.00,-9999.00,1.191
59985,1126.96,1137.67,406.76,36.83,1.23,-9999.00,-9999.00,-9999.00,1.189
59986,1141.50,1104.60,434.00,35.96,1.11,-9999.00,-9999.00,-9999.00,1.189
59987,1103.86,1134.79,437.23,38.84,1.29,-9999.00,-9999.00,-9999.00,1.188
59988,1200.65,1118.62,434.72,37.59,1.20,-9999.00,-9999.00,-9999.00,1.189
59989,1096.78,1112.23,437.15,38.46,1.26,-9999.00,-9999.00,-9999.00,1.190
59990,1212.61,1125.83,418.47,36.77,1.20,-9999.00,-9999.00,-9999.00,1.191
59991,1366.72,1170.63,477.27,43.58,1.47,-9999.00,-9999.00,-9999.00,1.190
59992,1450.18,1186.29,401.33,36.78,1.51,-9999.00,-9999.00,-9999.00,1.191
59993,1496.88,1259.28,400.37,32.72,1.00,-9999.00,-9999.00,-9999.00,1.191
59994,1591.59,1377.79,392.00,33.29,1.02,-9999.00,-9999.00,-9999.00,1.192
59995,1650.45,1424.85,425.22,37.31,1.21,-9999.00,-9999.00,-9999.00,1.190
59996,1483.55,1459.81,396.99,33.59,1.05,-9999.00,-9999.00,-9999.00,1.191
59997,1436.14,1459.88,392.92,37.32,1.35,-9999.00,-9999.00,-9999.00,1.189
59998,1328.92,1435.70,378.67,31.32,0.96,-9999.00,-9999.00,-9999.00,1.189
59999,1257.11,1375.71,403.21,34.73,1.08,-9999.00,-9999.00,-9999.00,1.188
60000,1339.66,1292.23,391.37,33.75,1.05,-9999.00,-9999.00,-9999.00,1.188
60001,1209.08,1232.79,390.01,32.58,0.99,-9999.00,-9999.00,-9999.00,1.188
60002,1268.41,1209.14,452.60,40.38,1.52,-9999.00,-9999.00,-9999.00,1.187
60003,1184.01,1185.19,372.79,32.61,1.19,-9999.00,-9999.00,-9999.00,1.187
60004,1165.67,1145.54,347.88,28.54,0.90,-9999.00,-9999.00,-9999.00,1.187
60005,1196.08,1142.79,362.43,31.46,0.97,-9999.00,-9999.00,-9999.00,1.186
60006,1230.33,1107.29,354.12,29.09,0.89,-9999.00,-9999.00,-9999.00,1.185
60007,1167.37,1088.13,343.26,28.52,0.88,-9999.00,-9999.00,-9999.00,1.185
60008,1206.16,1085.54,332.20,28.35,0.89,-9999.00,-9999.00,-9999.00,1.183
60009,1138.52,1116.06,353.67,31.56,1.04,-9999.00,-9999.00,-9999.00,1.184
60010,1167.97,1101.77,355.46,31.19,1.01,-9999.00,-9999.00,-9999.00,1.184
60011,1205.48,1092.02,336.15,27.50,0.89,-9999.00,-9999.00,-9999.00,1.184
60012,1193.71,1110.98,286.42,23.46,0.73,-9999.00,-9999.00,-9999.00,1.183
60013,1125.97,1099.98,312.74,25.05,0.75,-9999.00,-9999.00,-9999.00,1.181
60014,1178.77,1087.82,335.38,29.36,0.95,-9999.00,-9999.00,-9999.00,1.182
60015,1192.74,1115.98,301.01,28.12,0.95,-9999.00,-9999.00,-9999.00,1.182
60016,1178.28,1094.46,349.82,29.74,0.94,-9999.00,-9999.00,-9999.00,1.182
60017,1286.20,1106.84,368.07,32.04,1.04,-9999.00,-9999.00,-9999.00,1.181
60018,1152.47,1112.37,319.42,26.46,0.83,-9999.00,-9999.00,-9999.00,1.182
60019,1108.11,1122.27,364.63,30.51,0.93,-9999.00,-9999.00,-9999.00,1.180
60020,1215.48,1111.64,356.00,32.23,1.05,-9999.00,-9999.00,-9999.00,1.181
60021,1166.48,1121.66,346.74,28.84,0.91,-9999.00,-9999.00,-9999.00,1.180
60022,1225.69,1110.19,365.31,31.14,0.98,-9999.00,-9999.00,-9999.00,1.179
60023,1159.46,1114.68,377.78,32.44,1.09,-9999.00,-9999.00,-9999.00,1.178
60024,1175.55,1107.23,321.93,28.76,0.94,-9999.00,-9999.00,-9999.00,1.178
60025,1189.31,1111.59,350.20,31.12,1.07,-9999.00,-9999.00,-9999.00,1.177
60026,1270.87,1128.48,329.23,30.58,1.12,-9999.00,-9999.00,-9999.00,1.177
60027,1176.14,1120.86,317.52,29.41,1.09,-9999.00,-9999.00,-9999.00,1.176
60028,1211.18,1117.11,351.52,29.71,0.95,-9999.00,-9999.00,-9999.00,1.176
60029,1246.16,1140.35,307.72,25.77,0.79,-9999.00,-9999.00,-9999.00,1.175
60030,1245.53,1140.95,325.31,25.39,0.75,-9999.00,-9999.00,-9999.00,1.175
60031,1244.70,1148.42,285.45,22.57,0.68,-9999.00,-9999.00,-9999.00,1.176
60032,1315.08,1150.70,319.37,26.74,0.85,-9999.00,-9999.00,-9999.00,1.175
60033,1209.20,1137.59,312.74,27.14,0.88,-9999.00,-9999.00,-9999.00,1.175
60034,1208.94,1126.78,307.69,24.89,0.77,-9999.00,-9999.00,-9999.00,1.175
60035,1164.28,1134.94,269.77,23.02,0.80,-9999.00,-9999.00,-9999.00,1.174
60036,1196.85,1134.66,297.81,22.35,0.65,-9999.00,-9999.00,-9999.00,1.174
60037,1242.81,1130.26,333.19,25.46,0.72,-9999.00,-9999.00,-9999.00,1.174
60038,1147.50,1119.37,301.05,23.05,0.67,-9999.00,-9999.00,-9999.00,1.174
60039,1218.59,1136.57,290.43,24.07,0.76,-9999.00,-9999.00,-9999.00,1.174
60040,1206.87,1133.05,284.28,23.29,0.71,-9999.00,-9999.00,-9999.00,1.173
60041,1288.41,1132.63,299.88,25.07,0.82,-9999.00,-9999.00,-9999.00,1.172
60042,1241.07,1134.53,327.16,25.79,0.76,-9999.00,-9999.00,-9999.00,1.172
60043,1311.10,1115.60,308.53,25.68,0.79,-9999.00,-9999.00,-9999.00,1.171
60044,1287.51,1136.52,290.60,22.11,0.65,-9999.00,-9999.00,-9999.00,1.171
60045,1181.72,1125.56,287.08,23.54,0.74,-9999.00,-9999.00,-9999.00,1.171
60046,1193.19,1126.51,278.89,21.02,0.61,-9999.00,-9999.00,-9999.00,1.171
60047,1205.16,1111.55,282.98,21.80,0.65,-9999.00,-9999.00,-9999.00,1.170
60048,1160.41,1111.28,285.60,23.74,0.75,-9999.00,-9999.00,-9999.00,1.171
60049,1239.08,1124.52,298.36,25.15,0.78,-9999.00,-9999.00,-9999.00,1.170
60050,1168.56,1106.62,285.68,24.10,0.77,-9999.00,-9999.00,-9999.00,1.170
60051,1272.38,1107.79,268.20,21.74,0.66,-9999.00,-9999.00,-9999.00,1.169
60052,1260.04,1118.87,295.29,26.17,1.04,-9999.00,-9999.00,-9999.00,1.169
60053,1157.68,1129.70,262.17,20.39,0.61,-9999.00,-9999.00,-9999.00,1.169
60054,1176.94,1115.18,255.33,22.54,0.73,-9999.00,-9999.00,-9999.00,1.168
60055,1120.85,1120.85,255.65,20.14,0.60,-9999.00,-9999.00,-9999.00,1.168
60056,1086.57,1106.37,299.23,24.90,0.79,-9999.00,-9999.00,-9999.00,1.167
60057,1233.67,1111.47,251.99,19.67,0.59,-9999.00,-9999.00,-9999.00,1.167
60058,1187.58,1104.92,266.24,22.68,0.74,-9999.00,-9999.00,-9999.00,1.163
60059,1187.31,1105.83,281.15,24.29,0.77,-9999.00,-9999.00,-9999.00,1.161
60060,1117.50,1104.71,313.54,27.17,0.89,-9999.00,-9999.00,-9999.00,1.159
60061,1098.79,1056.98,303.92,23.95,0.72,-9999.00,-9999.00,-9999.00,1.158
60062,921.66,1035.56,301.38,23.74,0.73,-9999.00,-9999.00,-9999.00,1.158
60063,1162.54,975.37,294.25,21.65,0.61,-9999.00,-9999.00,-9999.00,1.157
60064,1266.45,975.98,291.94,24.21,0.79,-9999.00,-9999.00,-9999.00,1.155
60065,1162.30,1133.24,279.80,22.92,0.75,-9999.00,-9999.00,-9999.00,1.155
60066,1218.05,1051.00,320.21,25.37,0.79,-9999.00,-9999.00,-9999.00,1.152
60067,17846.49,1053.41,275.02,22.99,0.78,-9999.00,-9999.00,-9999.00,1.152
60068,27703.75,5390.06,287.86,23.89,0.74,-9999.00,-9999.00,-9999.00,1.151
60069,23382.19,17131.50,258.05,19.82,0.59,-9999.00,-9999.00,-9999.00,1.151
60070,20955.51,15398.25,261.50,21.36,0.70,-9999.00,-9999.00,-9999.00,1.150
60071,20267.82,13087.22,281.52,23.59,0.75,-9999.00,-9999.00,-9999.00,1.148
60072,20483.08,12150.98,277.29,24.48,0.80,-9999.00,-9999.00,-9999.00,1.149
60073,16070.11,12254.90,253.87,20.34,0.63,-9999.00,-9999.00,-9999.00,1.149
60074,18979.54,10485.04,219.52,17.37,0.52,-9999.00,-9999.00,-9999.00,1.149
60075,18498.88,10405.62,291.13,24.05,0.74,-9999.00,-9999.00,-9999.00,1.147
60076,19282.23,10992.03,281.46,22.55,0.68,-9999.00,-9999.00,-9999.00,1.148
60077,16151.53,10890.75,317.70,24.41,0.73,-9999.00,-9999.00,-9999.00,1.148
60078,20895.31,9593.37,332.30,25.46,0.75,-9999.00,-9999.00,-9999.00,1.148
60079,19753.42,11332.22,276.71,21.89,0.67,-9999.00,-9999.00,-9999.00,1.148
60080,19391.97,11889.13,293.22,25.42,0.85,-9999.00,-9999.00,-9999.00,1.147
60081,17212.70,11667.67,306.07,24.37,0.73,-9999.00,-9999.00,-9999.00,1.147
60082,17548.70,10771.67,271.13,22.62,0.70,-9999.00,-9999.00,-9999.00,1.146
60083,16246.62,10727.38,300.12,23.50,0.70,-9999.00,-9999.00,-9999.00,1.147
60084,13144.99,10239.25,289.61,23.94,0.75,-9999.00,-9999.00,-9999.00,1.146
60085,18470.71,8508.07,241.47,20.86,0.69,-9999.00,-9999.00,-9999.00,1.146
60086,18819.25,9952.27,284.74,26.29,0.87,-9999.00,-9999.00,-9999.00,1.145
60087,18459.85,11018.22,339.14,32.53,1.08,-9999.00,-9999.00,-9999.00,1.146
60088,19245.79,11293.94,313.90,31.83,1.13,-9999.00,-9999.00,-9999.00,1.145
60089,19939.13,11271.95,303.74,32.10,1.33,-9999.00,-9999.00,-9999.00,1.145
60090,20424.47,11770.04,387.86,42.82,1.78,-9999.00,-9999.00,-9999.00,1.145
60091,19510.51,12121.92,485.27,73.26,4.26,-9999.00,-9999.00,-9999.00,1.145
60092,18455.80,11765.57,376.29,56.09,3.25,-9999.00,-9999.00,-9999.00,1.145
60093,19503.50,11505.91,395.37,53.31,2.76,-9999.00,-9999.00,-9999.00,1.145
60094,18007.74,11543.42,387.47,53.78,2.96,-9999.00,-9999.00,-9999.00,1.144
60095,19222.23,11291.62,345.42,41.00,1.97,-9999.00,-9999.00,-9999.00,1.145
60096,17404.80,11641.62,265.63,31.78,1.43,-9999.00,-9999.00,-9999.00,1.145
60097,16186.72,11030.09,273.94,30.71,1.34,-9999.00,-9999.00,-9999.00,1.145
60098,16756.93,10377.74,305.18,37.92,1.80,-9999.00,-9999.00,-9999.00,1.145
60099,15733.05,10978.43,291.01,35.57,1.52,-9999.00,-9999.00,-9999.00,1.145
60100,14684.74,9758.99,287.42,33.17,1.62,-9999.00,-9999.00,-9999.00,1.145
60101,14124.91,9482.21,217.31,27.15,1.17,-9999.00,-9999.00,-9999.00,1.144
60102,12735.98,8764.67,200.69,26.01,1.14,-9999.00,-9999.00,-9999.00,1.144
60103,11269.14,8677.47,236.83,31.15,1.52,-9999.00,-9999.00,-9999.00,1.144
60104,5694.45,7831.31,226.87,23.57,0.89,-9999.00,-9999.00,-9999.00,1.143
60105,10836.21,4800.71,236.53,30.55,1.42,-9999.00,-9999.00,-9999.00,1.144
60106,11703.85,5851.93,261.28,30.86,1.29,-9999.00,-9999.00,-9999.00,1.145
60107,14479.99,6672.38,196.80,23.93,1.06,-9999.00,-9999.00,-9999.00,1.144
60108,14711.92,8931.41,199.24,27.40,1.32,-9999.00,-9999.00,-9999.00,1.144
60109,10021.98,9373.91,185.60,23.43,1.17,-9999.00,-9999.00,-9999.00,1.144
60110,10468.99,7376.93,196.39,26.40,1.26,-9999.00,-9999.00,-9999.00,1.143
60111,11242.10,6131.00,202.25,23.67,1.00,-9999.00,-9999.00,-9999.00,1.143
60112,11568.39,6871.63,179.89,26.64,1.39,-9999.00,-9999.00,-9999.00,1.144
60113,10658.68,7522.41,201.42,24.84,1.15,-9999.00,-9999.00,-9999.00,1.144
60114,11364.99,7055.33,200.36,25.54,1.13,-9999.00,-9999.00,-9999.00,1.144
60115,12519.36,6758.14,204.30,30.30,1.81,-9999.00,-9999.00,-9999.00,1.144
60116,11237.60,8051.68,181.51,22.44,0.92,-9999.00,-9999.00,-9999.00,1.144
60117,11814.64,7679.52,116.99,16.84,0.86,-9999.00,-9999.00,-9999.00,1.144
60118,10123.73,7563.84,177.36,22.34,1.16,-9999.00,-9999.00,-9999.00,1.143
60119,9066.34,7246.12,143.01,15.73,0.59,-9999.00,-9999.00,-9999.00,1.144
60120,7311.35,6150.82,162.80,22.40,1.07,-9999.00,-9999.00,-9999.00,1.144
