NASA Intern/Datasets/LARGE/SASA-LARGE-MICROPHYSICAL_P3B_20220706_RA.ict
56,1001
Richard Moore, Luke Ziemba, Edward Winstead, Michael Shook, Claire Robinson, John Barrick, Bruce Anderson, and Ali Omar
NASA Langley
In-situ microphysical aerosol measurements from the NASA P3B
NASA SASA
1,1
2022,07,06,2022,07,7
1.0
Time_Mid,Secs after midnight,Time of acquisition
9
1,1,1,1,1,1,1,1,1
-9999,-9999,-9999,-9999,-9999,-9999,-9999,-9999,-9999
CNgt3nm, #/cm3, AerMP_NumConc_InSitu_RHd_None_Bulk_STP, Number concentration of particles with diameters greater than 3nm
CNgt10nm, #/cm3, AerMP_NumConc_InSitu_RHd_None_Bulk_STP, Number concentration of particles with diameters greater than 10nm
IntegN_100to1000nm_UHSAS, #/cm3, Number concentration of particles with diameters between 100 and 1000nm (inclusive) as measured by the UHSAS
IntegS_100to1000nm_UHSAS, um2/cm3, Surface area concentration of particles with diameters between 100 and 1000nm (inclusive) as measured by the UHSAS
IntegV_100to1000nm_UHSAS, um3/cm3, Volume concentration of particles with diameters between 100 and 1000nm (inclusive) as measured by the UHSAS
IntegN_gt1000nm_APS, #/cm3, Number concentration of particles with diameters greater than 1000nm as measured by the APS
IntegS_gt1000nm_APS, um2/cm3, Surface area concentration of particles with diameters greater 1000nm as measured by the APS
IntegV_gt1000nm_APS, um3/cm3, Volume concentration of particles with diameters greater than 1000nm as measured by the APS
stdPT, unitless, None, Conversion factor to convert between ambient and standard pressure and temperature conditions
0
33
******************************************************************************************************************
Langley Aerosol data from the 2022 SASA field campaign
 
PI_CONTACT_INFO: richard.h.moore@nasa.gov
PLATFORM: NASA P3B aircraft
LOCATION: Latitude, Longitude, and Altitude included in MetNav files
ASSOCIATED_DATA: None
INSTRUMENT_INFO: Flagged data are due to missing data or to instrument issues.
CN statistics: TSI Condensation Particle Counters
	- CNgt3nm is measured with a TSI CPC-3776
	- CNgt10nm is measured with a TSI CPC-3772
	- The CPC-3772 data are corrected for coincidence errors when the aerosol concentrations exceed 10,000 cm-3
	- Due to flow irregularities and response times differences, there will be times where CNgt10nm > CNgt3nm
UHSAS statistics: Optical Size Distribution Data from the DMT Ultra-High Sensitivity Aerosol Spectrometer (UHSAS)
   - Data are processed with respect to mid-point polystyrene-latex-equivalent optical diameters and are rebinned to a standard binning scheme
APS statistics: Aerodynamic Size Distribution Data From the TSI Aerodynamic Particle Sizer (APS), Model 3321
   - Data are processed with respect to mid-point polystyrene-latex-equivalent aerodynamic diameters (assuming spherical particles with a density of 1 g/cm3) and are rebinned to a standard binning scheme
DATA_INFO: Aerosol measurements are reported at standard temperature and pressure (0 deg C, 1013 mb)
   - Concentrations can be converted back to ambient conditions by dividing by the stdPT conversion factor
   - Integrated surface areas and volumes are calculated by assuming spherical particles
UNCERTAINTY: CPC data is 10%, UHSAS is 20%, APS is 20%
ULOD_FLAG: -7777
ULOD_VALUE: N/A
LLOD_FLAG: -8888
LLOD_VALUE: N/A
DM_CONTACT_INFO: Michael Shook (michael.shook@nasa.gov)
PROJECT_INFO: SARP 2022
STIPULATIONS_ON_USE: This is FIELD data. Please consult the PI and/or DM prior to use.
OTHER_COMMENTS: none
REVISION: RA
RA: None
******************************************************************************************************************
Time_Mid,CNgt3nm,CNgt10nm,IntegN_100to1000nm_UHSAS,IntegS_100to1000nm_UHSAS,IntegV_100to1000nm_UHSAS,IntegN_gt1000nm_APS,IntegS_gt1000nm_APS,IntegV_gt1000nm_APS,stdPT
[from data line 4777]
58677,11958.98,12294.28,424.63,53.41,2.27,0.00,0.00,0.00,1.166
58678,11738.44,11850.24,442.22,48.27,1.80,0.00,0.00,0.00,1.161
58679,11742.37,11518.71,439.48,48.44,1.78,0.00,0.00,0.00,1.163
58680,13079.95,11403.04,417.45,49.19,1.86,0.00,0.00,0.00,1.164
58681,12634.15,12075.11,377.37,48.17,2.23,0.00,0.00,0.00,1.163
58682,12412.28,12859.57,436.24,49.20,1.84,0.00,0.00,0.00,1.168
58683,9891.90,12295.01,468.31,54.27,2.10,0.00,0.00,0.00,1.167
58684,9598.90,10895.14,446.54,47.52,1.70,0.00,0.00,0.00,1.165
58685,10815.17,9720.24,442.77,48.81,1.80,0.00,0.00,0.00,1.167
58686,11504.77,9874.00,400.26,45.81,1.70,0.00,0.00,0.00,1.163
58687,11393.89,11282.18,406.72,47.82,1.88,0.00,0.00,0.00,1.165
58688,12285.07,11078.90,415.89,48.65,1.88,0.00,0.00,0.00,1.168
58689,23234.49,11393.84,448.18,52.18,1.97,0.00,0.00,0.00,1.166
58690,25245.71,17202.83,393.20,44.93,1.71,0.00,0.00,0.00,1.161
58691,22126.92,24697.22,391.50,45.05,1.71,0.00,0.00,0.00,1.161
58692,20889.79,21560.06,429.65,50.33,2.23,0.00,0.00,0.00,1.165
58693,24904.65,20995.85,439.67,46.62,1.67,0.00,0.00,0.00,1.161
58694,27944.94,22467.73,375.86,41.09,1.46,0.00,0.00,0.00,1.161
58695,27596.59,25473.78,451.38,52.16,2.00,0.00,0.00,0.00,1.166
58696,28033.34,27363.22,424.41,49.43,1.85,0.00,0.00,0.00,1.163
58697,27145.99,27034.28,388.11,45.24,1.80,0.00,0.00,0.00,1.165
58698,23447.87,26797.56,446.83,52.94,2.18,0.00,0.00,0.00,1.161
58699,30275.32,24130.88,399.84,45.61,1.72,0.00,0.00,0.00,1.162
58700,32401.81,27150.48,347.81,44.10,1.77,0.00,0.00,0.00,1.166
58701,33641.31,30623.65,386.48,46.61,1.81,0.00,0.00,0.00,1.162
58702,32204.60,31421.85,384.80,44.19,1.69,0.00,0.00,0.00,1.161
58703,32536.63,30971.30,334.01,38.79,1.52,0.00,0.00,0.00,1.160
58704,30843.90,30732.14,434.61,45.92,1.63,0.00,0.00,0.00,1.165
58705,30466.66,29685.47,434.15,50.44,1.99,0.00,0.00,0.00,1.161
58706,30693.61,28796.19,470.21,53.34,2.03,0.00,0.00,0.00,1.166
58707,30793.41,27669.44,447.16,52.11,2.04,0.00,0.00,0.00,1.165
58708,30113.44,28998.13,454.88,53.87,2.21,0.00,0.00,0.00,1.162
58709,29994.91,28322.33,455.71,51.78,2.05,0.00,0.00,0.00,1.163
58710,31323.30,27756.23,486.09,55.80,2.15,0.00,0.00,0.00,1.162
58711,30555.07,28659.32,451.94,51.11,1.91,0.00,0.00,0.00,1.162
58712,29660.43,29102.90,454.78,52.24,2.02,0.00,0.00,0.00,1.162
58713,28796.48,28796.48,438.33,50.99,1.95,0.00,0.00,0.00,1.161
58714,29026.49,28133.37,437.59,50.69,2.09,0.00,0.00,0.00,1.163
58715,29024.00,27907.70,428.84,45.70,1.68,0.00,0.00,0.00,1.160
58716,29695.76,28244.46,468.29,56.09,2.16,0.00,0.00,0.00,1.162
58717,26781.25,29124.61,505.46,53.66,1.90,0.00,0.00,0.00,1.162
58718,25333.36,27230.57,467.72,49.82,1.83,0.00,0.00,0.00,1.165
58719,27542.55,26204.45,527.53,60.89,2.35,0.00,0.00,0.00,1.162
58720,28033.85,25465.02,449.14,49.27,1.83,0.00,0.00,0.00,1.165
58721,23097.53,28788.23,443.06,51.56,2.00,0.00,0.00,0.00,1.161
58722,25897.31,24781.05,451.65,54.63,2.19,0.00,0.00,0.00,1.164
58723,23533.68,25875.90,507.65,56.11,2.16,0.00,0.00,0.00,1.162
58724,21882.37,26124.87,448.95,51.73,1.95,0.00,0.00,0.00,1.163
58725,24346.06,23005.91,456.94,51.77,1.94,0.00,0.00,0.00,1.162
58726,26484.06,23802.13,446.84,50.49,1.91,0.00,0.00,0.00,1.162
58727,23792.72,27367.21,473.67,52.93,1.96,0.00,0.00,0.00,1.162
58728,20562.13,25814.41,468.01,54.11,2.06,0.00,0.00,0.00,1.162
58729,20425.19,22434.23,530.09,59.83,2.27,0.00,0.00,0.00,1.163
58730,19753.62,20646.44,503.05,53.07,1.91,0.00,0.00,0.00,1.162
58731,21659.08,20989.21,507.42,60.06,2.40,0.00,0.00,0.00,1.162
58732,21207.45,21430.69,450.43,49.96,1.86,0.00,0.00,0.00,1.163
58733,18533.21,21659.30,479.71,53.49,1.98,0.00,0.00,0.00,1.162
58734,17750.16,20764.34,473.84,53.54,1.99,0.00,0.00,0.00,1.164
58735,21539.68,17856.73,484.13,54.08,2.01,0.00,0.00,0.00,1.162
58736,22001.81,20661.60,463.62,54.26,2.10,0.00,0.00,0.00,1.163
58737,22454.83,22007.97,447.78,50.34,1.88,0.00,0.00,0.00,1.161
58738,21684.85,22467.29,461.09,48.18,1.73,0.00,0.00,0.00,1.166
58739,20332.77,22455.42,516.07,59.33,2.29,0.00,0.00,0.00,1.162
58740,21807.15,21359.82,470.47,51.12,1.83,0.00,0.00,0.00,1.164
58741,21592.11,21144.61,434.29,50.18,1.92,0.00,0.00,0.00,1.167
58742,22808.16,21913.73,484.97,53.89,1.99,0.00,0.00,0.00,1.165
58743,25704.35,22463.37,510.09,57.75,2.17,0.00,0.00,0.00,1.163
58744,29381.31,24800.95,502.93,60.38,2.33,0.00,0.00,0.00,1.164
58745,29566.20,26107.51,524.90,57.79,2.21,0.00,0.00,0.00,1.163
58746,28594.31,29152.79,524.28,69.53,3.16,0.00,0.00,0.00,1.165
58747,29074.50,27844.42,418.84,46.57,1.74,0.00,0.00,0.00,1.166
58748,32434.86,28184.77,493.10,56.39,2.17,0.00,0.00,0.00,1.163
58749,32090.80,30413.58,472.61,52.88,1.98,0.00,0.00,0.00,1.161
58750,48859.90,30523.46,460.25,53.33,2.03,0.00,0.00,0.00,1.163
58751,60249.54,32975.16,478.40,57.51,2.51,0.00,0.00,0.00,1.163
58752,61364.49,42027.41,523.31,58.46,2.25,0.00,0.00,0.00,1.159
58753,66394.57,41356.89,515.16,62.37,2.42,0.00,0.00,0.00,1.165
58754,61445.26,45804.65,495.94,58.05,2.26,0.00,0.00,0.00,1.161
58755,60663.99,45916.94,533.18,58.24,2.17,0.00,0.00,0.00,1.166
58756,64223.73,43337.05,483.68,59.23,2.66,0.00,0.00,0.00,1.166
58757,60928.10,46282.99,459.59,51.12,1.93,0.00,0.00,0.00,1.163
58758,60363.69,47061.32,487.77,55.14,2.09,0.00,0.00,0.00,1.163
58759,20212.37,50251.74,474.16,57.84,2.48,0.00,0.00,0.00,1.162
58760,20201.40,31920.45,520.99,60.05,2.45,0.00,0.00,0.00,1.165
58761,35651.33,20452.02,449.44,46.96,1.67,0.00,0.00,0.00,1.165
58762,27996.87,27439.16,496.99,56.30,2.16,0.00,0.00,0.00,1.166
58763,32152.92,30589.93,525.37,59.34,2.30,0.00,0.00,0.00,1.164
58764,31182.30,29394.07,471.85,52.87,1.97,0.00,0.00,0.00,1.163
58765,28184.83,28855.90,465.58,54.31,2.15,0.00,0.00,0.00,1.162
58766,24046.74,30198.23,432.28,49.74,2.13,0.00,0.00,0.00,1.162
58767,20414.40,26772.99,585.15,71.10,2.83,0.00,0.00,0.00,1.163
58768,39253.16,21633.84,604.07,68.48,2.70,0.00,0.00,0.00,1.162
58769,46517.31,28222.73,529.58,63.49,2.62,0.00,0.00,0.00,1.165
58770,29339.89,38376.13,501.73,53.32,1.98,0.00,0.00,0.00,1.166
58771,22219.71,35171.90,525.89,57.63,2.16,0.00,0.00,0.00,1.165
58772,17651.06,24018.84,491.26,50.16,1.78,0.00,0.00,0.00,1.162
58773,15198.03,21009.05,470.24,56.71,2.25,0.00,0.00,0.00,1.163
58774,13179.33,17870.28,455.69,50.66,1.90,0.00,0.00,0.00,1.167
58775,14973.18,14973.18,517.86,61.09,2.35,0.00,0.00,0.00,1.163
58776,20781.05,14859.57,470.04,55.63,2.18,0.00,0.00,0.00,1.165
58777,18443.74,16990.60,507.62,56.10,2.13,0.00,0.00,0.00,1.165
58778,13071.51,20668.63,528.37,58.91,2.21,0.00,0.00,0.00,1.164
58779,12741.44,14641.48,492.73,62.80,2.82,0.00,0.00,0.00,1.167
58780,12284.15,13512.56,520.96,59.79,2.36,0.00,0.00,0.00,1.163
58781,12614.29,13060.81,505.95,64.45,2.91,0.00,0.00,0.00,1.162
58782,12404.37,13074.87,440.11,51.07,1.97,0.00,0.00,0.00,1.163
58783,13080.25,13639.23,489.24,55.33,2.16,0.00,0.00,0.00,1.163
58784,14079.16,13520.46,526.69,58.69,2.24,0.00,0.00,0.00,1.165
58785,13745.40,15421.67,460.96,50.37,1.82,0.00,0.00,0.00,1.163
58786,14297.96,15191.58,508.39,55.50,2.05,0.00,0.00,0.00,1.162
58787,13867.02,15544.48,425.36,52.67,2.06,0.00,0.00,0.00,1.163
58788,13731.87,15406.48,522.73,56.00,2.20,0.00,0.00,0.00,1.165
58789,14288.40,15404.68,485.36,57.29,2.22,0.00,0.00,0.00,1.165
58790,14170.66,15286.46,541.71,58.32,2.12,0.00,0.00,0.00,1.163
58791,12867.67,15664.98,439.76,45.60,1.64,0.00,0.00,0.00,1.161
58792,13453.63,14686.88,365.53,42.56,1.65,0.00,0.00,0.00,1.164
58793,14035.79,14372.65,347.01,37.72,1.40,0.00,0.00,0.00,1.159
58794,14104.10,15559.29,498.42,51.53,1.82,0.00,0.00,0.00,1.161
58795,15525.69,15302.30,600.43,73.06,2.94,0.00,0.00,0.00,1.161
58796,15162.29,15385.27,553.85,66.53,2.73,0.00,0.00,0.00,1.165
58797,14924.17,15926.54,602.28,68.04,2.59,0.00,0.00,0.00,1.161
58798,14132.26,15912.70,565.83,65.57,2.52,0.00,0.00,0.00,1.159
58799,14228.40,15006.52,534.81,58.73,2.26,0.00,0.00,0.00,1.158
58800,13890.72,15001.97,555.82,68.79,2.78,0.00,0.00,0.00,1.160
58801,13565.65,15011.17,466.79,51.28,1.95,0.00,0.00,0.00,1.159
58802,13439.79,15216.95,484.02,57.33,2.18,0.00,0.00,0.00,1.157
58803,13984.55,15205.42,465.27,53.72,2.02,0.00,0.00,0.00,1.157
58804,14093.44,15092.19,550.86,60.94,2.30,0.00,0.00,0.00,1.157
58805,13880.70,15102.21,425.51,50.31,1.98,0.00,0.00,0.00,1.155
58806,13655.52,14876.74,426.36,50.95,1.98,0.00,0.00,0.00,1.158
58807,13768.46,14767.78,476.48,52.98,1.96,0.00,0.00,0.00,1.154
58808,13523.51,14521.15,488.92,57.47,2.26,0.00,0.00,0.00,1.152
58809,13920.73,14362.66,586.57,67.79,2.60,0.00,0.00,0.00,1.155
58810,13705.51,14589.74,563.29,63.02,2.33,0.00,0.00,0.00,1.158
58811,12845.93,14396.30,445.54,54.35,2.16,0.00,0.00,0.00,1.158
58812,12303.91,14299.13,380.40,42.87,1.60,0.00,0.00,0.00,1.154
58813,12875.48,13985.44,391.18,43.25,1.61,0.00,0.00,0.00,1.153
58814,12093.86,13647.20,443.27,48.03,1.77,0.00,0.00,0.00,1.158
58815,11900.78,13791.56,445.76,49.59,1.82,0.00,0.00,0.00,1.157
58816,11440.18,13217.29,460.74,54.03,2.18,0.00,0.00,0.00,1.155
58817,11755.44,12864.44,517.06,60.54,2.39,0.00,0.00,0.00,1.153
58818,11841.62,12726.97,615.20,73.76,2.96,0.00,0.00,0.00,1.152
58819,12304.58,12747.99,477.42,53.31,2.03,0.00,0.00,0.00,1.155
58820,11291.44,12841.25,466.04,53.06,1.99,0.00,0.00,0.00,1.154
58821,12410.96,12965.02,455.01,52.04,1.99,0.00,0.00,0.00,1.153
58822,12722.00,13275.13,592.29,65.36,2.41,0.00,0.00,0.00,1.154
58823,13132.23,13904.72,590.15,67.37,2.53,0.00,0.00,0.00,1.157
58824,13252.44,14135.93,566.32,67.14,2.74,0.00,0.00,0.00,1.151
58825,12810.97,14025.80,473.18,54.56,2.05,0.00,0.00,0.00,1.154
58826,13549.36,14540.78,535.61,65.00,2.76,0.00,0.00,0.00,1.153
58827,13769.84,14761.26,524.62,58.10,2.18,0.00,0.00,0.00,1.155
58828,13661.64,14763.38,480.28,54.06,2.00,0.00,0.00,0.00,1.152
58829,13458.05,14671.48,432.77,49.73,1.99,0.00,0.00,0.00,1.152
58830,13602.72,14819.23,371.88,41.53,1.55,0.00,0.00,0.00,1.153
58831,13585.56,14690.07,475.14,54.29,2.11,0.00,0.00,0.00,1.150
58832,13716.69,14491.02,454.98,50.04,1.85,0.00,0.00,0.00,1.151
58833,12375.25,14364.13,455.23,51.37,1.95,0.00,0.00,0.00,1.153
58834,12717.99,14155.68,483.05,55.54,2.11,0.00,0.00,0.00,1.151
58835,12055.69,13161.71,469.57,54.77,2.09,0.00,0.00,0.00,1.149
58836,12379.30,13153.00,489.92,56.55,2.17,0.00,0.00,0.00,1.156
58837,12253.92,12916.29,515.31,62.55,2.50,0.00,0.00,0.00,1.150
58838,11375.60,13253.12,482.74,58.34,2.26,0.00,0.00,0.00,1.156
58839,11258.58,12362.36,494.63,59.20,2.30,0.00,0.00,0.00,1.152
58840,11502.09,11944.48,451.44,54.00,2.07,0.00,0.00,0.00,1.153
58841,11041.56,12095.78,341.51,39.07,1.48,0.00,0.00,0.00,1.151
58842,10815.41,12115.92,333.35,38.22,1.45,0.00,0.00,0.00,1.150
58843,11005.98,11784.18,354.37,46.92,2.09,0.00,0.00,0.00,1.149
58844,10951.89,11650.95,504.70,54.86,2.05,0.00,0.00,0.00,1.150
58845,10912.21,11422.33,555.90,66.74,2.64,0.00,0.00,0.00,1.150
58846,10356.86,11433.62,462.36,52.03,1.97,0.00,0.00,0.00,1.150
58847,10193.97,11314.31,489.78,58.31,2.43,0.00,0.00,0.00,1.151
58848,9892.42,11140.12,367.52,46.18,1.89,0.00,0.00,0.00,1.150
58849,9438.00,10929.38,451.52,48.80,1.77,0.00,0.00,0.00,1.151
58850,9756.77,10803.73,443.78,50.35,1.91,0.00,0.00,0.00,1.152
58851,9413.16,10662.30,439.79,51.24,2.00,0.00,0.00,0.00,1.151
58852,9500.73,10663.17,383.90,43.51,1.75,0.00,0.00,0.00,1.151
58853,9423.90,10640.97,435.97,49.24,1.86,0.00,0.00,0.00,1.151
58854,9947.25,10776.19,405.06,47.99,1.85,0.00,0.00,0.00,1.153
58855,9553.57,10843.08,366.84,39.33,1.42,0.00,0.00,0.00,1.151
58856,9965.50,10919.41,373.13,43.84,1.69,0.00,0.00,0.00,1.152
58857,10443.71,11061.34,412.81,49.16,1.92,0.00,0.00,0.00,1.151
58858,10653.09,11414.02,563.30,65.07,2.46,0.00,0.00,0.00,1.154
58859,11512.66,11624.43,619.16,70.10,2.69,0.00,0.00,0.00,1.153
58860,10651.17,12418.90,463.44,52.07,1.97,0.00,0.00,0.00,1.151
58861,10582.97,11970.16,505.50,58.47,2.23,0.00,0.00,0.00,1.155
58862,11014.40,11964.89,491.05,58.67,2.33,0.00,0.00,0.00,1.150
58863,10519.18,11961.23,523.49,64.18,2.87,0.00,0.00,0.00,1.152
58864,10745.93,11840.63,506.55,59.27,2.29,0.00,0.00,0.00,1.150
58865,10711.97,11728.44,497.50,60.75,2.40,0.00,0.00,0.00,1.151
58866,9703.80,11698.04,632.35,70.02,2.63,0.00,0.00,0.00,1.153
58867,9716.58,10596.86,567.23,63.60,2.37,0.00,0.00,0.00,1.150
58868,8011.38,9906.18,739.00,81.14,3.03,0.00,0.00,0.00,1.151
58869,7863.61,9314.50,674.68,78.19,3.06,0.00,0.00,0.00,1.152
58870,9280.99,8048.70,518.33,63.07,2.47,0.00,0.00,0.00,1.149
58871,9106.45,8929.19,534.57,62.09,2.36,0.00,0.00,0.00,1.150
58872,9053.92,10260.37,594.04,68.29,2.62,0.00,0.00,0.00,1.147
58873,8846.71,9810.00,541.50,62.55,2.44,0.00,0.00,0.00,1.149
58874,8965.53,9585.37,544.56,65.21,2.55,0.00,0.00,0.00,1.146
58875,8923.96,10062.96,507.09,60.00,2.35,0.00,0.00,0.00,1.148
58876,9230.92,10249.20,494.66,58.85,2.28,0.00,0.00,0.00,1.148
58877,9400.03,10206.38,554.61,63.98,2.51,0.00,0.00,0.00,1.147
58878,9073.55,10222.94,470.12,51.74,1.96,0.00,0.00,0.00,1.152
58879,9571.88,10235.06,438.46,49.49,1.84,0.00,0.00,0.00,1.154
58880,10141.28,9555.15,470.16,53.61,2.01,0.00,0.00,0.00,1.151
58881,9878.92,10763.93,407.86,46.81,1.77,0.00,0.00,0.00,1.148
58882,9987.72,10694.04,534.10,63.51,2.46,0.00,0.00,0.00,1.151
58883,11036.83,10286.32,527.16,62.51,2.47,0.00,0.00,0.00,1.148
58884,10644.94,11275.01,382.62,44.58,1.67,0.00,0.00,0.00,1.150
58885,10241.61,11613.06,416.24,48.34,1.93,0.00,0.00,0.00,1.148
58886,10382.56,11597.54,467.37,52.13,1.99,0.00,0.00,0.00,1.148
58887,10822.16,11275.38,446.95,53.99,2.12,0.00,0.00,0.00,1.148
58888,10758.37,11499.18,490.04,54.93,2.11,0.00,0.00,0.00,1.149
58889,10986.70,11850.58,410.94,46.51,1.78,0.00,0.00,0.00,1.150
58890,10862.14,12290.50,397.68,46.58,1.79,0.00,0.00,0.00,1.149
58891,11509.07,12394.38,517.27,61.12,2.40,0.00,0.00,0.00,1.148
58892,10745.81,12407.54,511.42,61.74,2.36,0.00,0.00,0.00,1.147
58893,10323.72,12308.62,411.22,51.47,2.06,0.00,0.00,0.00,1.147
58894,9694.79,11757.98,451.94,50.82,1.93,0.00,0.00,0.00,1.146
58895,9643.72,11319.44,453.33,52.07,1.97,0.00,0.00,0.00,1.148
58896,9962.66,11205.22,448.38,50.80,1.91,0.00,0.00,0.00,1.151
58897,9380.84,11212.61,434.49,50.53,1.91,0.00,0.00,0.00,1.148
58898,9044.00,10843.91,472.55,56.15,2.23,0.00,0.00,0.00,1.148
58899,9389.70,10178.66,459.34,53.22,2.09,0.00,0.00,0.00,1.150
58900,9206.58,10060.68,509.21,60.67,2.35,0.00,0.00,0.00,1.148
58901,9289.67,10088.78,460.65,55.59,2.20,0.00,0.00,0.00,1.147
58902,9689.62,10055.47,517.92,57.71,2.14,0.00,0.00,0.00,1.144
58903,9118.71,10060.50,550.91,61.86,2.35,0.00,0.00,0.00,1.146
58904,8768.61,9965.84,457.20,51.80,1.92,0.00,0.00,0.00,1.148
58905,8498.99,9651.40,485.02,56.08,2.25,0.00,0.00,0.00,1.146
58906,8929.09,9504.44,599.35,72.38,2.87,0.00,0.00,0.00,1.146
58907,8981.39,9545.49,534.38,66.97,2.77,0.00,0.00,0.00,1.145
58908,9336.63,9712.31,585.97,70.47,2.75,0.00,0.00,0.00,1.145
58909,9722.85,9899.63,578.94,68.48,2.61,0.00,0.00,0.00,1.145
58910,9202.08,10251.54,563.67,68.47,2.81,0.00,0.00,0.00,1.145
58911,9003.49,10174.49,588.02,69.55,2.67,0.00,0.00,0.00,1.146
58912,8862.59,10033.95,495.13,57.70,2.27,0.00,0.00,0.00,1.146
58913,8516.19,9918.99,513.24,61.98,2.37,0.00,0.00,0.00,1.144
58914,7989.90,9545.95,499.05,63.58,2.64,0.00,0.00,0.00,1.148
58915,7832.25,9235.20,545.10,63.97,2.57,0.00,0.00,0.00,1.144
58916,7933.74,8718.27,464.33,54.93,2.17,0.00,0.00,0.00,1.145
58917,7925.31,8733.34,419.11,47.82,1.86,0.00,0.00,0.00,1.143
58918,7574.01,8803.12,416.97,46.17,1.70,0.00,0.00,0.00,1.146
58919,7764.71,8406.24,491.23,56.43,2.26,0.00,0.00,0.00,1.149
58920,7999.61,8397.38,516.21,60.09,2.41,0.00,0.00,0.00,1.145
58921,7745.05,8507.40,495.54,56.88,2.21,0.00,0.00,0.00,1.145
58922,7693.28,8356.49,495.72,57.53,2.24,0.00,0.00,0.00,1.149
58923,7485.75,8237.65,474.37,53.95,2.03,0.00,0.00,0.00,1.148
58924,7210.35,8128.23,424.24,52.96,2.13,0.00,0.00,0.00,1.147
58925,6780.22,8007.96,475.87,56.25,2.22,0.00,0.00,0.00,1.146
58926,6849.24,7799.30,562.89,71.22,3.03,0.00,0.00,0.00,1.147
58927,7212.81,7754.05,491.28,55.07,2.06,0.00,0.00,0.00,1.148
58928,7087.29,7705.49,498.42,55.20,2.08,0.00,0.00,0.00,1.148
58929,7158.53,7720.20,565.57,63.30,2.37,0.00,0.00,0.00,1.146
58930,7545.27,7765.89,473.52,55.60,2.17,0.00,0.00,0.00,1.150
58931,7203.74,7821.52,434.10,47.47,1.73,0.00,0.00,0.00,1.145
