NASA Intern/Datasets/LARGE/SASA-LARGE-UHSAS_P3B_20220708_RA.ict
70, 1001
Richard Moore, Luke Ziemba, Edward Winstead, Michael Shook, Claire Robinson, John Barrick, Bruce Anderson, and Ali Omar
NASA Langley
In-situ Submicron  Particle Size Distributions from the DMT UHSAS on the NASA P3B
NASA SASA
1,1
2022,07,08,2022,07,8
1.0
Start_UTC,Secs after midnight,Time of acquisition
29
1,1,1,1,1,1,1,1,1,1,1,1,1,1,1,1,1,1,1,1,1,1,1,1,1,1,1,1,1
-9999,-9999,-9999,-9999,-9999,-9999,-9999,-9999,-9999,-9999,-9999,-9999,-9999,-9999,-9999,-9999,-9999,-9999,-9999,-9999,-9999,-9999,-9999,-9999,-9999,-9999,-9999,-9999,-9999
nUHSAS_PSL, #/cm3, integrated UHSAS Dry Aerosol Number Concentration (PSL optical diameter)
sUHSAS_PSL, um2/cm3, integrated UHSAS Dry Aerosol Surface Area Concentration (PSL optical diameter)
vUHSAS_PSL, um3/cm3, integrated UHSAS Dry Aerosol Volume Concentration (PSL optical diameter)
UHSAS_Bin01, #/cm3, Binned UHSAS Dry Aerosol Number Size Distribution (dNdlogD, PSL optical diameter) at bin center 63 nm
UHSAS_Bin02, #/cm3, Binned UHSAS Dry Aerosol Number Size Distribution (dNdlogD, PSL optical diameter) at bin center 71 nm
UHSAS_Bin03, #/cm3, Binned UHSAS Dry Aerosol Number Size Distribution (dNdlogD, PSL optical diameter) at bin center 79 nm
UHSAS_Bin04, #/cm3, Binned UHSAS Dry Aerosol Number Size Distribution (dNdlogD, PSL optical diameter) at bin center 89 nm
UHSAS_Bin05, #/cm3, Binned UHSAS Dry Aerosol Number Size Distribution (dNdlogD, PSL optical diameter) at bin center 100 nm
UHSAS_Bin06, #/cm3, Binned UHSAS Dry Aerosol Number Size Distribution (dNdlogD, PSL optical diameter) at bin center 112 nm
UHSAS_Bin07, #/cm3, Binned UHSAS Dry Aerosol Number Size Distribution (dNdlogD, PSL optical diameter) at bin center 126 nm
UHSAS_Bin08, #/cm3, Binned UHSAS Dry Aerosol Number Size Distribution (dNdlogD, PSL optical diameter) at bin center 141 nm
UHSAS_Bin09, #/cm3, Binned UHSAS Dry Aerosol Number Size Distribution (dNdlogD, PSL optical diameter) at bin center 158 nm
UHSAS_Bin10, #/cm3, Binned UHSAS Dry Aerosol Number Size Distribution (dNdlogD, PSL optical diameter) at bin center 178 nm
UHSAS_Bin11, #/cm3, Binned UHSAS Dry Aerosol Number Size Distribution (dNdlogD, PSL optical diameter) at bin center 200 nm
UHSAS_Bin12, #/cm3, Binned UHSAS Dry Aerosol Number Size Distribution (dNdlogD, PSL optical diameter) at bin center 224 nm
UHSAS_Bin13, #/cm3, Binned UHSAS Dry Aerosol Number Size Distribution (dNdlogD, PSL optical diameter) at bin center 251 nm
UHSAS_Bin14, #/cm3, Binned UHSAS Dry Aerosol Number Size Distribution (dNdlogD, PSL optical diameter) at bin center 282 nm
UHSAS_Bin15, #/cm3, Binned UHSAS Dry Aerosol Number Size Distribution (dNdlogD, PSL optical diameter) at bin center 316 nm
UHSAS_Bin16, #/cm3, Binned UHSAS Dry Aerosol Number Size Distribution (dNdlogD, PSL optical diameter) at bin center 355 nm
UHSAS_Bin17, #/cm3, Binned UHSAS Dry Aerosol Number Size Distribution (dNdlogD, PSL optical diameter) at bin center 398 nm
UHSAS_Bin18, #/cm3, Binned UHSAS Dry Aerosol Number Size Distribution (dNdlogD, PSL optical diameter) at bin center 447 nm
UHSAS_Bin19, #/cm3, Binned UHSAS Dry Aerosol Number Size Distribution (dNdlogD, PSL optical diameter) at bin center 501 nm
UHSAS_Bin20, #/cm3, Binned UHSAS Dry Aerosol Number Size Distribution (dNdlogD, PSL optical diameter) at bin center 562 nm
[...]
INSTRUMENT_INFO: Size Distribution Data From the DMT Ultra-High Sensitivity Aerosol Spectrometer (UHSAS)
DATA_INFO: UHSAS measurements are reported at standard temperature and pressure (0 deg C, 1013 mb)
  - Flagged data are due to missing data or instrument issues
  - Concentrations can be converted back to ambient conditions by dividing by the stdPT conversion factor
  - Integrated surface areas and volumes are calculated by assuming spherical particles
UNCERTAINTY: all data are 20%
ULOD_FLAG: -7777
ULOD_VALUE: N/A
LLOD_FLAG: -8888
LLOD_VALUE: N/A
DM_CONTACT_INFO: Michael Shook (michael.shook@nasa.gov)
PROJECT_INFO: SASA 2022
STIPULATIONS_ON_USE: STIPULATIONS_ON_USE: This is FIELD data. Please consult the PI and/or DM prior to use.
OTHER_COMMENTS: Data are processed with respect to mid-point polystyrene-latex-equivalent optical diameters and are rebinned to a 20 channels per decade standard binning scheme (dlogD = 0.05)
OTHER_COMMENTS: Mid-point diameters (in nm) are:
        63.1, 70.8, 79.4, 89.1, 100.0, 112.2, 125.9, 141.3, 158.5, 177.8, 199.5, 223.9, 251.2, 281.8, 316.2, 354.8, 398.1, 446.7, 501.2, 562.3, 631.0, 707.9, 794.3, 891.3, 1000.0
REVISION: RA
RA: None
*******************************************************************************************************************************
Start_UTC,nUHSAS_PSL,sUHSAS_PSL,vUHSAS_PSL,UHSAS_Bin01,UHSAS_Bin02,UHSAS_Bin03,UHSAS_Bin04,UHSAS_Bin05,UHSAS_Bin06,UHSAS_Bin07,UHSAS_Bin08,UHSAS_Bin09,UHSAS_Bin10,UHSAS_Bin11,UHSAS_Bin12,UHSAS_Bin13,UHSAS_Bin14,UHSAS_Bin15,UHSAS_Bin16,UHSAS_Bin17,UHSAS_Bin18,UHSAS_Bin19,UHSAS_Bin20,UHSAS_Bin21,UHSAS_Bin22,UHSAS_Bin23,UHSAS_Bin24,UHSAS_Bin25,stdPT
[from data line 5903]
59868,868.18,59.47,1.93,97.14,1019.96,1845.65,1797.08,2088.50,1505.66,1505.66,1821.36,1602.80,1214.24,1165.67,801.40,267.13,388.56,145.71,48.57,24.28,0.00,0.00,0.00,24.28,0.00,0.00,0.00,0.00,1.206
59869,829.24,59.88,1.96,97.21,729.11,1385.31,1847.08,2017.21,1579.74,1531.13,1676.96,1676.96,1069.36,1069.36,777.72,437.47,349.97,170.13,97.21,48.61,0.00,24.30,0.00,0.00,0.00,0.00,0.00,0.00,1.206
59870,848.33,58.83,1.82,97.09,703.91,1286.46,1747.64,2281.64,2063.19,1335.00,1432.09,1723.37,1504.91,1068.00,825.27,315.55,291.27,169.91,121.36,0.00,0.00,0.00,0.00,0.00,0.00,0.00,0.00,0.00,1.206
59871,854.08,56.80,1.84,24.31,1021.10,1847.71,1628.90,2285.32,2017.89,1483.03,1507.34,1410.09,1555.97,705.05,729.36,243.12,330.64,194.50,48.62,24.31,0.00,0.00,0.00,24.31,0.00,0.00,0.00,0.00,1.206
59872,852.63,55.48,1.66,72.69,896.49,1889.89,1599.14,1914.12,2156.41,1502.22,1405.30,1623.37,1211.47,1381.07,775.34,266.52,213.22,72.69,24.23,24.23,24.23,0.00,0.00,0.00,0.00,0.00,0.00,0.00,1.205
59873,897.42,62.00,1.95,121.47,898.88,1822.05,1749.17,1846.35,1822.05,1724.88,1554.82,1797.76,1409.05,1579.11,874.59,315.82,213.79,121.47,24.29,24.29,0.00,48.59,0.00,0.00,0.00,0.00,0.00,0.00,1.204
59874,818.03,55.02,1.68,0.00,704.15,1505.42,2015.32,1869.64,1796.79,1286.89,1748.23,1578.26,1262.61,1019.80,898.40,194.25,310.80,48.56,48.56,72.84,0.00,0.00,0.00,0.00,0.00,0.00,0.00,0.00,1.204
59875,823.58,52.39,1.57,121.29,800.54,1698.11,2183.29,2086.25,1407.01,1479.78,1770.89,1431.27,1212.94,873.32,679.25,291.11,291.11,72.78,24.26,24.26,24.26,0.00,0.00,0.00,0.00,0.00,0.00,0.00,1.204
59876,876.14,60.07,1.88,48.55,995.34,1675.09,1893.58,1626.53,1990.68,1917.85,1602.26,1505.15,1432.32,1141.00,752.58,315.60,310.74,169.94,121.38,0.00,24.28,0.00,0.00,0.00,0.00,0.00,0.00,0.00,1.203
59877,853.24,55.31,1.65,48.65,875.61,1678.26,1678.26,1970.13,2091.75,1532.33,2091.75,1410.71,1386.39,826.97,729.68,291.87,233.50,97.29,97.29,24.32,0.00,0.00,0.00,0.00,0.00,0.00,0.00,0.00,1.203
59878,811.16,59.47,1.95,24.26,703.67,1383.08,1892.64,1795.58,1552.93,1383.08,1698.52,1480.14,1431.61,1043.38,752.20,339.70,330.00,291.17,24.26,72.79,24.26,0.00,0.00,0.00,0.00,0.00,0.00,0.00,1.201
59879,826.01,57.09,1.80,48.53,776.51,1698.62,1431.69,1989.81,1819.95,1601.56,1407.43,1674.35,1261.83,1358.90,655.18,315.46,213.54,97.06,72.80,72.80,24.27,0.00,0.00,0.00,0.00,0.00,0.00,0.00,1.202
59880,808.84,55.24,1.76,0.00,824.60,1406.67,1600.70,1940.24,1988.74,1455.18,2013.00,1261.15,1261.15,1018.62,485.06,315.29,388.05,97.01,48.51,48.51,0.00,0.00,24.25,0.00,0.00,0.00,0.00,0.00,1.201
59881,790.53,51.61,1.56,72.88,826.00,1773.46,1603.41,2089.29,1433.35,1554.82,1287.58,1481.94,1311.88,971.76,583.06,413.00,310.96,48.59,0.00,24.29,24.29,0.00,0.00,0.00,0.00,0.00,0.00,0.00,1.201
59882,836.73,53.85,1.62,72.80,922.14,1917.09,1965.62,1892.82,1820.02,1407.48,1601.62,1334.68,1480.29,897.88,558.14,315.47,330.03,169.87,24.27,24.27,0.00,0.00,0.00,0.00,0.00,0.00,0.00,0.00,1.201
59883,826.69,57.93,1.90,97.03,1091.58,1261.38,1698.01,2037.61,1795.04,1600.98,1625.24,1382.67,1261.38,921.78,679.20,460.89,329.90,145.54,72.77,24.26,24.26,0.00,24.26,0.00,0.00,0.00,0.00,0.00,1.201
59884,851.94,59.93,1.99,48.67,924.70,1776.40,1995.41,1922.41,1581.73,1679.06,1508.73,1508.73,1046.37,1314.05,754.36,340.68,272.54,170.34,97.34,48.67,24.33,0.00,24.33,0.00,0.00,0.00,0.00,0.00,1.202
59885,868.29,56.55,1.72,97.02,703.36,1697.78,2255.62,1819.05,2085.84,1673.52,2037.33,1406.73,921.65,1188.44,679.11,242.54,291.05,145.52,97.02,0.00,24.25,0.00,0.00,0.00,0.00,0.00,0.00,0.00,1.201
59886,763.42,52.61,1.78,96.91,751.07,1695.95,1962.46,1744.41,1211.40,1574.81,1284.08,1550.59,1259.85,726.84,484.56,290.74,271.35,218.05,72.68,24.23,24.23,0.00,0.00,24.23,0.00,0.00,0.00,0.00,1.201
59887,804.60,53.49,1.62,48.63,705.15,1556.18,1847.97,1993.86,1847.97,1483.24,1507.55,1410.29,1021.24,1094.19,753.78,340.41,213.98,218.84,48.63,0.00,0.00,0.00,0.00,0.00,0.00,0.00,0.00,0.00,1.201
59888,831.99,57.15,1.82,24.32,729.61,1872.66,1386.25,1969.94,2042.90,1896.98,1605.13,1070.09,1483.53,997.13,559.36,340.48,369.67,97.28,97.28,97.28,0.00,0.00,0.00,0.00,0.00,0.00,0.00,0.00,1.201
59889,854.45,53.90,1.60,72.68,920.59,1623.14,1986.53,1962.31,2010.76,1792.72,1768.50,1477.79,1259.75,799.46,726.78,242.26,251.95,169.58,0.00,0.00,0.00,24.23,0.00,0.00,0.00,0.00,0.00,0.00,1.200
59890,862.82,58.91,1.88,72.91,1045.10,1361.06,1895.77,2041.59,1895.77,1774.24,1749.94,1555.50,1166.63,1142.32,729.14,218.74,194.44,218.74,72.91,97.22,24.30,0.00,0.00,0.00,0.00,0.00,0.00,0.00,1.200
59891,857.05,57.61,1.78,48.57,947.15,1821.44,1967.15,1651.44,1870.01,1748.58,1578.58,1384.29,1384.29,1092.86,752.86,315.72,310.86,170.00,72.86,0.00,24.29,0.00,0.00,0.00,0.00,0.00,0.00,0.00,1.200
59892,825.38,52.52,1.56,24.35,949.55,1387.80,2142.57,1801.71,2215.61,1582.58,1582.58,1168.67,1314.76,827.81,876.51,219.13,292.17,24.35,48.69,48.69,0.00,0.00,0.00,0.00,0.00,0.00,0.00,0.00,1.200
59893,802.16,51.19,1.53,72.95,996.93,1458.92,1775.02,1920.91,1410.29,1775.02,1799.34,1507.55,1288.71,826.72,510.62,291.78,213.98,145.89,24.32,0.00,0.00,24.32,0.00,0.00,0.00,0.00,0.00,0.00,1.200
59894,780.31,55.81,1.76,72.84,801.19,1189.65,1578.11,1699.50,1699.50,1480.99,1748.06,1141.09,1238.21,1141.09,825.47,509.85,310.77,48.56,72.84,24.28,24.28,0.00,0.00,0.00,0.00,0.00,0.00,0.00,1.198
59895,790.51,54.99,1.68,24.31,826.49,1264.05,1434.21,1847.45,1458.51,1507.13,1993.30,1409.90,1361.28,1118.19,777.87,364.63,252.81,48.62,97.23,24.31,0.00,0.00,0.00,0.00,0.00,0.00,0.00,0.00,1.198
59896,695.71,47.25,1.44,48.50,703.22,1091.21,1406.45,1624.69,1406.45,1527.69,1357.95,1333.70,1260.95,1018.46,509.23,193.99,213.39,121.25,72.75,24.25,0.00,0.00,0.00,0.00,0.00,0.00,0.00,0.00,1.199
59897,669.06,44.01,1.34,72.88,510.17,1336.17,1360.47,1724.88,1749.17,1117.53,1554.82,996.06,777.41,1068.94,461.59,242.94,213.79,145.76,24.29,0.00,24.29,0.00,0.00,0.00,0.00,0.00,0.00,0.00,1.199
59898,722.21,47.87,1.40,97.33,511.00,1192.33,1192.33,1679.00,1727.66,1533.00,1533.00,1630.33,1338.33,851.67,657.00,219.00,136.27,97.33,24.33,24.33,0.00,0.00,0.00,0.00,0.00,0.00,0.00,0.00,1.199
59899,696.20,49.39,1.55,0.00,680.17,1336.04,850.21,1627.54,1651.83,1603.25,1530.37,1384.62,923.08,753.04,631.58,388.67,369.23,72.87,97.17,24.29,0.00,0.00,0.00,0.00,0.00,0.00,0.00,0.00,1.198
59900,714.24,45.65,1.33,0.00,583.06,1263.29,1530.52,1749.17,1700.58,1506.23,1700.58,1287.58,996.06,947.47,437.29,242.94,194.35,97.18,24.29,24.29,0.00,0.00,0.00,0.00,0.00,0.00,0.00,0.00,1.198
59901,711.71,49.27,1.51,0.00,484.82,1042.36,1381.73,1575.66,1551.42,1405.97,2157.44,1357.49,1163.56,848.43,557.54,266.65,271.50,72.72,48.48,24.24,24.24,0.00,0.00,0.00,0.00,0.00,0.00,0.00,1.198
59902,687.18,45.52,1.37,48.51,751.95,1018.77,1552.41,1576.66,1431.12,1479.64,1576.66,1164.30,1212.82,679.18,654.92,218.31,232.86,48.51,48.51,48.51,0.00,0.00,0.00,0.00,0.00,0.00,0.00,0.00,1.199
59903,639.05,45.95,1.51,0.00,607.23,1068.72,1311.62,1335.91,1360.20,1335.91,1433.06,1165.88,1068.72,704.39,607.23,267.18,272.04,121.45,97.16,0.00,0.00,0.00,24.29,0.00,0.00,0.00,0.00,0.00,1.198
59904,667.86,45.22,1.39,24.25,630.51,1042.77,1309.53,1649.04,1770.29,1139.78,1309.53,1236.78,1309.53,776.02,509.26,194.00,310.41,48.50,72.75,0.00,24.25,0.00,0.00,0.00,0.00,0.00,0.00,0.00,1.199
59905,708.13,46.60,1.37,48.67,486.69,1362.72,1314.05,1630.40,1484.39,1679.06,1411.39,1533.06,1241.05,924.70,462.35,243.34,194.67,97.34,24.33,24.33,0.00,0.00,0.00,0.00,0.00,0.00,0.00,0.00,1.199
59906,685.80,44.32,1.34,24.28,437.13,1117.10,1505.66,1481.38,2064.21,1529.95,1311.38,1408.52,1044.25,874.25,437.13,169.99,213.71,0.00,72.85,0.00,0.00,0.00,24.28,0.00,0.00,0.00,0.00,0.00,1.200
59907,644.78,41.17,1.21,0.00,729.11,1069.36,1506.83,1336.70,1458.22,1409.62,1409.62,1263.79,1069.36,729.11,388.86,170.13,233.32,72.91,24.30,24.30,0.00,0.00,0.00,0.00,0.00,0.00,0.00,0.00,1.199
59908,675.93,45.71,1.44,0.00,558.22,1431.95,1577.57,1383.41,1504.76,1262.06,1747.47,1067.90,1092.17,728.11,388.33,315.51,194.16,121.35,72.81,48.54,24.27,0.00,0.00,0.00,0.00,0.00,0.00,0.00,1.199
59909,634.85,41.00,1.23,0.00,705.38,1143.21,1556.71,1386.45,1556.71,1216.18,1435.09,1021.59,827.00,705.38,583.77,145.94,291.88,72.97,0.00,48.65,0.00,0.00,0.00,0.00,0.00,0.00,0.00,0.00,1.199
59910,660.00,45.47,1.49,48.62,486.19,1166.86,1385.64,1507.19,1458.57,1628.74,1482.88,1288.41,948.07,607.74,364.64,413.26,194.48,24.31,145.86,0.00,24.31,0.00,24.31,0.00,0.00,0.00,0.00,0.00,1.199
59911,627.10,38.32,1.08,72.86,485.75,1068.64,1141.50,1602.96,1408.66,1748.68,1651.53,1141.50,922.92,558.61,242.87,170.01,252.59,48.57,24.29,0.00,0.00,0.00,0.00,0.00,0.00,0.00,0.00,0.00,1.200
59912,646.33,43.88,1.38,24.28,752.68,898.36,1359.68,1481.08,1505.36,1553.92,1116.88,1505.36,704.12,801.24,631.28,218.52,155.39,97.12,72.84,0.00,48.56,0.00,0.00,0.00,0.00,0.00,0.00,0.00,1.199
59913,616.70,40.22,1.21,24.29,558.65,1578.80,1093.01,1335.91,1554.51,1190.17,1360.20,874.41,728.68,922.99,485.78,315.76,213.74,48.58,0.00,48.58,0.00,0.00,0.00,0.00,0.00,0.00,0.00,0.00,1.199
59914,650.88,40.39,1.17,24.30,728.86,947.52,1603.50,1384.84,1749.28,1263.37,1627.80,1263.37,947.52,583.09,437.32,121.48,213.80,48.59,48.59,24.30,0.00,0.00,0.00,0.00,0.00,0.00,0.00,0.00,1.199
59915,622.84,40.00,1.18,0.00,559.80,1387.33,1119.60,1509.03,1436.01,1192.62,1484.69,1119.60,900.55,778.85,438.10,243.39,116.83,121.70,48.68,0.00,0.00,0.00,0.00,0.00,0.00,0.00,0.00,0.00,1.199
59916,635.76,41.05,1.27,48.64,632.35,1021.49,1289.02,1726.80,1507.91,1434.95,1191.74,1216.06,899.88,802.60,486.42,218.89,116.74,24.32,48.64,24.32,0.00,0.00,24.32,0.00,0.00,0.00,0.00,0.00,1.199
59917,548.61,36.22,1.09,0.00,413.04,1457.79,996.15,1482.08,874.67,947.56,1312.01,1141.93,728.89,583.12,437.34,218.67,233.25,121.48,24.30,0.00,0.00,0.00,0.00,0.00,0.00,0.00,0.00,0.00,1.199
59918,575.79,38.82,1.21,48.57,582.84,825.68,1359.95,1359.95,1214.24,1457.09,1262.81,801.40,922.82,534.27,509.98,194.28,271.99,121.42,0.00,24.28,24.28,0.00,0.00,0.00,0.00,0.00,0.00,0.00,1.199
59919,606.01,38.28,1.12,0.00,461.68,1044.85,1336.44,1287.84,1652.32,1482.23,1263.54,1214.94,777.56,801.86,413.08,145.79,116.63,48.60,24.30,48.60,0.00,0.00,0.00,0.00,0.00,0.00,0.00,0.00,1.198
59920,642.85,38.53,1.08,24.29,680.00,1311.43,1360.01,1700.01,1384.29,1384.29,1578.58,777.15,1092.86,752.86,461.43,145.71,155.43,0.00,48.57,0.00,0.00,0.00,0.00,0.00,0.00,0.00,0.00,0.00,1.198
59921,654.15,41.96,1.22,0.00,558.90,1190.69,1409.39,1506.59,1530.89,1506.59,1263.59,1457.99,850.49,704.70,558.90,267.30,155.52,72.90,48.60,0.00,0.00,0.00,0.00,0.00,0.00,0.00,0.00,0.00,1.199
59922,619.51,46.94,1.97,24.26,557.90,921.74,1479.64,1164.30,1164.30,1552.41,1528.15,1140.05,800.46,1115.79,412.36,72.77,213.46,48.51,121.28,0.00,24.26,0.00,0.00,0.00,24.26,0.00,24.26,0.00,1.199
59923,571.94,36.28,1.07,24.33,510.88,802.81,1265.03,1483.98,1410.99,1289.36,1216.37,1046.08,1094.74,608.19,218.95,243.27,77.85,72.98,48.65,0.00,24.33,0.00,0.00,0.00,0.00,0.00,0.00,0.00,1.199
59924,547.40,36.01,1.10,24.29,510.00,971.43,1190.00,1311.43,1311.43,947.15,1262.86,1068.58,922.86,631.43,291.43,145.71,116.57,170.00,48.57,24.29,0.00,0.00,0.00,0.00,0.00,0.00,0.00,0.00,1.200
59925,594.90,41.10,1.27,0.00,461.72,704.74,1506.68,1312.27,1239.37,1142.16,1190.76,1798.30,947.75,583.23,364.52,267.31,233.29,24.30,72.90,24.30,24.30,0.00,0.00,0.00,0.00,0.00,0.00,0.00,1.198
59926,637.17,41.09,1.22,24.28,461.37,1141.27,1481.23,1626.92,1456.95,1408.38,1116.99,1456.95,825.60,728.47,437.08,218.54,213.69,97.13,24.28,24.28,0.00,0.00,0.00,0.00,0.00,0.00,0.00,0.00,1.198
59927,615.84,41.07,1.25,48.49,363.69,1260.78,1236.53,1333.52,1333.52,1430.50,1333.52,1478.99,800.11,703.13,290.95,339.44,193.97,96.98,24.25,48.49,0.00,0.00,0.00,0.00,0.00,0.00,0.00,0.00,1.198
59928,584.91,33.17,0.89,0.00,704.12,1383.96,1286.84,1262.56,1311.12,1383.96,1238.28,1262.56,801.24,412.76,388.48,121.40,116.54,0.00,24.28,0.00,0.00,0.00,0.00,0.00,0.00,0.00,0.00,0.00,1.198
59929,662.12,39.93,1.14,24.29,728.68,1214.46,1773.11,1481.64,1603.09,1238.75,1457.35,1044.44,1287.33,558.65,412.92,121.45,174.88,97.16,0.00,24.29,0.00,0.00,0.00,0.00,0.00,0.00,0.00,0.00,1.198
59930,629.70,43.41,1.42,0.00,534.05,1189.48,1529.34,1432.24,1165.21,1432.24,1432.24,1092.38,849.63,801.08,461.23,242.75,213.62,97.10,48.55,24.28,24.28,0.00,24.28,0.00,0.00,0.00,0.00,0.00,1.198
59931,588.93,37.42,1.11,0.00,485.72,995.72,1530.01,1432.86,1408.58,1360.01,1238.58,995.72,850.00,437.14,534.29,121.43,291.43,72.86,0.00,0.00,24.29,0.00,0.00,0.00,0.00,0.00,0.00,0.00,1.198
59932,576.35,35.00,0.99,0.00,704.64,1020.51,1142.00,1482.17,1239.19,1409.28,1579.36,899.02,728.94,510.26,340.17,218.68,155.51,72.89,24.30,0.00,0.00,0.00,0.00,0.00,0.00,0.00,0.00,0.00,1.198
59933,653.99,44.94,1.46,24.27,461.07,1189.08,1407.48,1553.09,1625.89,1261.88,1456.02,1456.02,655.21,679.48,606.67,291.20,194.14,145.60,24.27,0.00,0.00,24.27,24.27,0.00,0.00,0.00,0.00,0.00,1.198
59934,648.27,46.21,1.44,24.33,486.69,1022.04,1192.38,1265.38,1216.71,1314.05,1727.73,1606.06,1338.39,559.69,462.35,267.68,214.14,194.67,48.67,0.00,24.33,0.00,0.00,0.00,0.00,0.00,0.00,0.00,1.198
59935,599.78,38.12,1.09,0.00,462.49,1022.35,1144.05,1460.49,1533.52,1192.74,1265.76,1460.49,1071.03,584.20,365.12,243.42,116.84,0.00,48.68,24.34,0.00,0.00,0.00,0.00,0.00,0.00,0.00,0.00,1.199
59936,614.69,37.67,1.06,24.33,632.45,1289.23,948.68,1240.58,1654.10,1556.80,1313.55,1240.58,1021.65,681.10,243.25,243.25,155.68,24.33,0.00,24.33,0.00,0.00,0.00,0.00,0.00,0.00,0.00,0.00,1.199
59937,581.09,37.41,1.10,24.32,656.74,924.30,1289.15,1118.89,1483.74,1240.50,1410.77,1045.91,948.62,413.50,559.44,145.94,311.34,24.32,0.00,24.32,0.00,0.00,0.00,0.00,0.00,0.00,0.00,0.00,1.200
59938,619.83,42.06,1.28,48.61,534.76,850.75,1385.51,1409.81,1215.36,1458.43,1409.81,1288.28,1118.13,510.45,510.45,267.38,194.46,97.23,97.23,0.00,0.00,0.00,0.00,0.00,0.00,0.00,0.00,0.00,1.198
59939,593.21,35.72,0.99,48.66,559.63,1289.59,1143.60,1167.93,1240.92,1313.92,1630.23,1532.91,802.95,510.97,267.65,121.66,136.26,73.00,24.33,0.00,0.00,0.00,0.00,0.00,0.00,0.00,0.00,0.00,1.198
59940,614.46,42.80,1.37,24.30,558.82,1069.04,1069.04,1214.82,1166.23,1433.49,1554.97,1409.19,1117.64,753.19,364.45,145.78,116.62,194.37,72.89,0.00,0.00,0.00,24.30,0.00,0.00,0.00,0.00,0.00,1.199
59941,618.21,39.63,1.13,24.36,438.45,779.46,1096.11,1607.63,1558.92,1583.28,1558.92,1193.55,901.25,779.46,414.09,121.79,233.84,48.72,24.36,0.00,0.00,0.00,0.00,0.00,0.00,0.00,0.00,0.00,1.199
59942,604.09,41.11,1.23,24.31,583.43,753.60,1312.71,1215.48,1385.64,1458.57,1264.10,1312.71,656.36,996.69,632.05,145.86,194.48,97.24,48.62,0.00,0.00,0.00,0.00,0.00,0.00,0.00,0.00,0.00,1.199
59943,590.53,37.55,1.09,0.00,583.00,1214.58,1336.04,1068.83,1214.58,1311.75,1408.91,1287.46,874.50,631.58,461.54,145.75,174.90,24.29,72.87,0.00,0.00,0.00,0.00,0.00,0.00,0.00,0.00,0.00,1.197
59944,645.68,44.61,1.39,0.00,751.92,1067.24,1140.00,1431.07,1358.30,1309.79,1625.11,1018.73,1212.77,800.43,557.87,266.81,155.23,121.28,48.51,24.26,24.26,0.00,0.00,0.00,0.00,0.00,0.00,0.00,1.198
59945,628.80,39.12,1.12,48.61,559.04,1215.31,1579.90,1385.45,1142.39,1336.84,1482.67,1312.53,923.63,826.41,291.67,218.76,155.56,48.61,48.61,0.00,0.00,0.00,0.00,0.00,0.00,0.00,0.00,0.00,1.197
59946,589.28,38.05,1.14,72.81,655.30,873.73,1043.62,1407.68,1407.68,1383.41,1480.49,1067.90,825.19,776.65,388.33,72.81,135.91,121.35,24.27,48.54,0.00,0.00,0.00,0.00,0.00,0.00,0.00,0.00,1.197
59947,572.99,36.96,1.09,96.91,387.65,847.98,1211.40,1308.31,1405.22,1453.68,1259.85,1114.48,799.52,799.52,363.42,193.82,96.91,48.46,48.46,0.00,24.23,0.00,0.00,0.00,0.00,0.00,0.00,0.00,1.196
59948,561.48,35.34,1.00,48.51,388.06,824.63,1285.46,1503.74,1115.68,1212.70,1406.73,945.90,1115.68,630.60,485.08,72.76,97.02,72.76,24.25,0.00,0.00,0.00,0.00,0.00,0.00,0.00,0.00,0.00,1.197
59949,569.40,37.87,1.11,48.50,800.27,970.02,945.77,994.27,1042.77,1139.78,1527.79,1430.78,848.77,630.51,557.76,194.00,135.80,97.00,24.25,0.00,0.00,0.00,0.00,0.00,0.00,0.00,0.00,0.00,1.196
