NASA Intern/Datasets/LARGE/SASA-LARGE-UHSAS_P3B_20220712_RA_L2.ict
70, 1001
Richard Moore, Luke Ziemba, Edward Winstead, Michael Shook, Claire Robinson, John Barrick, Bruce Anderson, and Ali Omar
NASA Langley
In-situ Submicron  Particle Size Distributions from the DMT UHSAS on the NASA P3B
NASA SASA
1,1
2022,07,12,2022,07,13
1.0
Start_UTC,Secs after midnight,Time of acquisition
29
1,1,1,1,1,1,1,1,1,1,1,1,1,1,1,1,1,1,1,1,1,1,1,1,1,1,1,1,1
-9999,-9999,-9999,-9999,-9999,-9999,-9999,-9999,-9999,-9999,-9999,-9999,-9999,-9999,-9999,-9999,-9999,-9999,-9999,-9999,-9999,-9999,-9999,-9999,-9999,-9999,-9999,-9999,-9999
nUHSAS_PSL, #/cm3, integrated UHSAS Dry Aerosol Number Concentration (PSL optical diameter)
sUHSAS_PSL, um2/cm3, integrated UHSAS Dry Aerosol Surface Area Concentration (PSL optical diameter)
vUHSAS_PSL, um3/cm3, integrated UHSAS Dry Aerosol Volume Concentration (PSL optical diameter)
UHSAS_Bin01, #/cm3, Binned UHSAS Dry Aerosol Number Size Distribution (dNdlogD, PSL optical diameter) at bin center 63 nm
UHSAS_Bin02, #/cm3, Binned UHSAS Dry Aerosol Number Size Distribution (dNdlogD, PSL optical diameter) at bin center 71 nm
UHSAS_Bin03, #/cm3, Binned UHSAS Dry Aerosol Number Size Distribution (dNdlogD, PSL optical diameter) at bin center 79 nm
UHSAS_Bin04, #/cm3, Binned UHSAS Dry Aerosol Number Size Distribution (dNdlogD, PSL optical diameter) at bin center 89 nm
UHSAS_Bin05, #/cm3, Binned UHSAS Dry Aerosol Number Size Distribution (dNdlogD, PSL optical diameter) at bin center 100 nm
UHSAS_Bin06, #/cm3, Binned UHSAS Dry Aerosol Number Size Distribution (dNdlogD, PSL optical diameter) at bin center 112 nm
UHSAS_Bin07, #/cm3, Binned UHSAS Dry Aerosol Number Size Distribution (dNdlogD, PSL optical diameter) at bin center 126 nm
UHSAS_Bin08, #/cm3, Binned UHSAS Dry Aerosol Number Size Distribution (dNdlogD, PSL optical diameter) at bin center 141 nm
UHSAS_Bin09, #/cm3, Binned UHSAS Dry Aerosol Number Size Distribution (dNdlogD, PSL optical diameter) at bin center 158 nm
UHSAS_Bin10, #/cm3, Binned UHSAS Dry Aerosol Number Size Distribution (dNdlogD, PSL optical diameter) at bin center 178 nm
UHSAS_Bin11, #/cm3, Binned UHSAS Dry Aerosol Number Size Distribution (dNdlogD, PSL optical diameter) at bin center 200 nm
UHSAS_Bin12, #/cm3, Binned UHSAS Dry Aerosol Number Size Distribution (dNdlogD, PSL optical diameter) at bin center 224 nm
UHSAS_Bin13, #/cm3, Binned UHSAS Dry Aerosol Number Size Distribution (dNdlogD, PSL optical diameter) at bin center 251 nm
UHSAS_Bin14, #/cm3, Binned UHSAS Dry Aerosol Number Size Distribution (dNdlogD, PSL optical diameter) at bin center 282 nm
UHSAS_Bin15, #/cm3, Binned UHSAS Dry Aerosol Number Size Distribution (dNdlogD, PSL optical diameter) at bin center 316 nm
UHSAS_Bin16, #/cm3, Binned UHSAS Dry Aerosol Number Size Distribution (dNdlogD, PSL optical diameter) at bin center 355 nm
UHSAS_Bin17, #/cm3, Binned UHSAS Dry Aerosol Number Size Distribution (dNdlogD, PSL optical diameter) at bin center 398 nm
UHSAS_Bin18, #/cm3, Binned UHSAS Dry Aerosol Number Size Distribution (dNdlogD, PSL optical diameter) at bin center 447 nm
UHSAS_Bin19, #/cm3, Binned UHSAS Dry Aerosol Number Size Distribution (dNdlogD, PSL optical diameter) at bin center 501 nm
UHSAS_Bin20, #/cm3, Binned UHSAS Dry Aerosol Number Size Distribution (dNdlogD, PSL optical diameter) at bin center 562 nm
[...]
INSTRUMENT_INFO: Size Distribution Data From the DMT Ultra-High Sensitivity Aerosol Spectrometer (UHSAS)
DATA_INFO: UHSAS measurements are reported at standard temperature and pressure (0 deg C, 1013 mb)
  - Flagged data are due to missing data or instrument issues
  - Concentrations can be converted back to ambient conditions by dividing by the stdPT conversion factor
  - Integrated surface areas and volumes are calculated by assuming spherical particles
UNCERTAINTY: all data are 20%
ULOD_FLAG: -7777
ULOD_VALUE: N/A
LLOD_FLAG: -8888
LLOD_VALUE: N/A
DM_CONTACT_INFO: Michael Shook (michael.shook@nasa.gov)
PROJECT_INFO: SASA 2022
STIPULATIONS_ON_USE: STIPULATIONS_ON_USE: This is FIELD data. Please consult the PI and/or DM prior to use.
OTHER_COMMENTS: Data are processed with respect to mid-point polystyrene-latex-equivalent optical diameters and are rebinned to a 20 channels per decade standard binning scheme (dlogD = 0.05)
OTHER_COMMENTS: Mid-point diameters (in nm) are:
        63.1, 70.8, 79.4, 89.1, 100.0, 112.2, 125.9, 141.3, 158.5, 177.8, 199.5, 223.9, 251.2, 281.8, 316.2, 354.8, 398.1, 446.7, 501.2, 562.3, 631.0, 707.9, 794.3, 891.3, 1000.0
REVISION: RA
RA: None
*******************************************************************************************************************************
Start_UTC,nUHSAS_PSL,sUHSAS_PSL,vUHSAS_PSL,UHSAS_Bin01,UHSAS_Bin02,UHSAS_Bin03,UHSAS_Bin04,UHSAS_Bin05,UHSAS_Bin06,UHSAS_Bin07,UHSAS_Bin08,UHSAS_Bin09,UHSAS_Bin10,UHSAS_Bin11,UHSAS_Bin12,UHSAS_Bin13,UHSAS_Bin14,UHSAS_Bin15,UHSAS_Bin16,UHSAS_Bin17,UHSAS_Bin18,UHSAS_Bin19,UHSAS_Bin20,UHSAS_Bin21,UHSAS_Bin22,UHSAS_Bin23,UHSAS_Bin24,UHSAS_Bin25,stdPT
[from data line 4281]
71076,1022.05,84.06,2.89,0.00,849.68,1577.98,1772.19,1675.09,1893.58,1772.19,2646.15,1990.68,1699.36,1553.70,1238.11,558.36,582.64,315.60,194.21,97.11,24.28,0.00,0.00,0.00,0.00,0.00,0.00,0.00,1.350
71077,1182.89,106.06,4.16,48.63,948.26,1726.32,1799.26,1896.52,2309.87,2261.24,2455.75,2358.50,2042.41,2018.09,1167.09,1045.52,680.80,486.29,243.14,24.31,97.26,0.00,24.31,0.00,0.00,0.00,24.31,0.00,1.353
71078,1154.54,97.89,3.70,0.00,1140.71,1868.82,1941.63,2160.06,2062.98,2791.09,2378.49,2184.33,1480.49,1553.30,1067.90,946.54,543.66,558.22,218.43,97.08,24.27,0.00,48.54,0.00,24.27,0.00,0.00,0.00,1.348
71079,1124.78,90.57,3.14,0.00,1018.12,1963.51,1963.51,2084.72,2230.16,2157.44,2375.61,2302.89,1575.66,1478.70,1236.29,751.47,775.71,290.89,121.20,96.96,48.48,24.24,0.00,0.00,0.00,0.00,0.00,0.00,1.349
71080,1118.71,90.52,3.15,72.80,1237.62,1941.36,1722.95,2014.16,2062.69,2014.16,2548.03,2208.29,1965.62,1431.75,946.41,800.81,776.54,291.20,169.87,121.33,24.27,24.27,0.00,0.00,0.00,0.00,0.00,0.00,1.346
71081,1138.19,97.28,3.82,121.60,997.13,1994.26,2140.18,2261.78,2213.14,1824.02,2407.70,1726.73,1969.94,1556.49,1410.57,559.36,680.97,437.76,194.56,170.24,72.96,0.00,0.00,0.00,0.00,0.00,24.32,0.00,1.346
71082,1119.78,97.10,3.55,0.00,897.18,1648.87,1648.87,2255.08,2206.58,2327.82,2740.04,1648.87,1867.11,1406.39,1333.65,775.94,620.75,557.71,242.48,145.49,48.50,0.00,24.25,0.00,0.00,0.00,0.00,0.00,1.347
71083,1081.88,95.61,3.70,48.62,1118.35,1701.84,1555.97,1847.71,2090.83,2066.52,2261.01,2115.14,1774.77,1604.59,1094.04,948.17,486.24,461.93,218.81,121.56,48.62,24.31,0.00,24.31,24.31,0.00,0.00,0.00,1.344
71084,1025.21,85.27,2.95,0.00,921.65,1503.74,1746.28,1382.47,1891.81,1964.57,2231.36,2522.41,1988.82,1503.74,970.16,727.62,446.27,388.06,194.03,48.51,72.76,0.00,0.00,0.00,0.00,0.00,0.00,0.00,1.344
71085,1100.37,88.25,3.09,73.05,681.80,1485.34,1801.89,2386.28,2556.73,2386.28,2337.58,2508.03,1485.34,1290.54,998.34,657.45,701.27,340.90,146.10,146.10,0.00,0.00,0.00,24.35,0.00,0.00,0.00,0.00,1.347
71086,1137.18,99.70,3.82,24.31,1094.15,1507.49,1969.47,1945.15,2358.50,1920.84,2431.44,2504.38,1896.52,1604.75,1361.61,534.92,641.90,413.34,218.83,145.89,121.57,0.00,24.31,0.00,24.31,0.00,0.00,0.00,1.345
71087,1152.60,93.89,3.38,97.14,995.72,1700.01,2161.44,1894.29,2380.01,2404.30,2525.72,1991.44,1821.44,1724.29,1214.29,874.29,660.57,340.00,170.00,72.86,0.00,0.00,0.00,0.00,0.00,24.29,0.00,0.00,1.348
71088,1134.54,91.70,3.33,170.24,997.13,1775.37,1702.41,2286.10,2359.06,2553.62,2894.10,1945.62,1653.77,948.49,1191.69,875.53,680.97,243.20,218.88,121.60,0.00,24.32,24.32,24.32,0.00,0.00,0.00,0.00,1.342
71089,1224.37,109.72,4.18,48.59,1093.19,1846.27,2089.20,1992.03,2453.60,2307.84,2696.53,2089.20,1846.27,1700.52,1530.46,680.21,1068.90,534.45,194.34,194.34,97.17,0.00,0.00,0.00,24.29,0.00,0.00,0.00,1.343
71090,1133.10,100.70,3.83,0.00,778.09,1410.29,1531.87,2334.27,2699.00,2334.27,2796.27,1945.23,1410.29,1507.55,1313.03,729.46,875.35,583.57,218.84,121.58,0.00,24.32,24.32,0.00,24.32,0.00,0.00,0.00,1.341
71091,1233.10,105.88,3.86,24.30,996.39,1846.97,1895.58,2138.60,2430.23,2746.16,2721.85,2551.74,1774.07,1433.83,1725.46,680.46,699.91,461.74,291.63,121.51,48.60,72.91,0.00,0.00,0.00,0.00,0.00,0.00,1.338
71092,1142.82,93.10,3.23,0.00,968.69,1913.17,1937.39,2082.69,2106.91,2276.43,2906.08,2034.26,1598.34,1598.34,1307.74,678.09,794.33,314.83,121.09,193.74,24.22,0.00,0.00,0.00,0.00,0.00,0.00,0.00,1.338
71093,1112.04,94.89,3.44,0.00,658.44,1731.46,1829.01,2170.43,2536.23,2097.27,2365.52,2097.27,1658.30,1511.98,1146.18,951.09,682.83,365.80,268.26,121.93,24.39,0.00,0.00,24.39,0.00,0.00,0.00,0.00,1.341
71094,1101.26,92.57,3.31,0.00,995.18,2014.64,1796.18,1966.09,1966.09,2305.91,2694.28,1771.91,1529.18,1262.18,1432.09,728.18,640.80,485.46,242.73,169.91,24.27,0.00,0.00,0.00,0.00,0.00,0.00,0.00,1.337
71095,1158.59,96.95,3.43,48.58,971.57,1943.14,1773.11,2016.00,2064.58,2283.18,2696.10,2234.61,2210.32,1457.35,1165.88,728.68,777.25,412.92,291.47,48.58,0.00,24.29,24.29,0.00,0.00,0.00,0.00,0.00,1.340
71096,1173.56,99.56,3.53,48.57,1044.35,1675.82,1700.11,1991.56,2550.16,2355.86,2865.90,1845.83,2088.70,1602.96,1238.65,874.34,738.33,412.88,242.87,121.44,72.86,0.00,0.00,0.00,0.00,0.00,0.00,0.00,1.338
71097,1122.82,91.36,3.11,24.21,968.37,1670.43,2009.36,1912.52,2009.36,2251.45,2808.26,2081.99,1936.73,1476.76,1137.83,653.65,813.43,459.97,169.46,72.63,0.00,0.00,0.00,0.00,0.00,0.00,0.00,0.00,1.337
71098,1159.37,97.13,3.53,24.23,1187.24,1817.20,1696.06,2374.48,2326.02,2301.79,2398.71,2132.18,1744.51,1647.60,1332.61,726.88,581.50,460.36,218.06,121.15,72.69,0.00,0.00,24.23,0.00,0.00,0.00,0.00,1.332
71099,1191.22,103.50,3.77,121.33,776.51,1674.35,2329.54,1892.75,2572.20,2402.33,2402.33,2014.08,2159.67,1698.62,1164.77,800.78,601.80,800.78,169.86,121.33,121.33,0.00,0.00,0.00,0.00,0.00,0.00,0.00,1.334
71100,1168.03,97.82,3.50,72.93,1020.96,1774.53,1750.22,1968.99,2187.77,2430.86,2989.95,2649.63,1774.53,1312.66,972.34,753.57,875.11,340.32,340.32,97.23,0.00,24.31,24.31,0.00,0.00,0.00,0.00,0.00,1.334
71101,1183.87,100.38,3.64,24.31,802.37,1969.47,2139.67,1726.32,2625.95,2577.32,2723.21,1993.78,1920.84,1361.61,1385.92,778.06,797.51,340.40,267.46,145.89,72.94,0.00,24.31,0.00,0.00,0.00,0.00,0.00,1.334
71102,1167.70,100.98,3.63,97.03,970.25,1576.66,1964.76,2183.07,1989.02,2546.92,2158.81,2280.10,2425.63,1261.33,1455.38,824.72,601.56,485.13,315.33,169.79,48.51,0.00,0.00,0.00,0.00,0.00,0.00,0.00,1.336
71103,1125.52,92.35,3.45,24.33,778.40,1824.38,2237.90,2359.53,2286.55,2189.25,2456.83,1508.15,2213.58,1337.88,1216.25,778.40,642.18,389.20,121.63,72.98,0.00,24.33,0.00,0.00,48.65,0.00,0.00,0.00,1.330
71104,1079.78,84.06,2.90,24.28,849.83,1991.04,1796.79,2403.82,2330.97,2258.13,2112.45,2015.32,1675.39,1432.58,801.27,631.31,543.89,412.78,194.25,97.12,0.00,0.00,24.28,0.00,0.00,0.00,0.00,0.00,1.330
71105,1106.55,86.94,2.94,0.00,1214.12,1554.08,1748.33,2088.29,2573.94,2015.44,2695.35,1894.03,1456.95,2039.72,995.58,728.47,543.93,339.95,169.98,48.56,0.00,0.00,24.28,0.00,0.00,0.00,0.00,0.00,1.331
71106,1136.11,84.79,2.76,96.98,1018.28,1551.67,2254.76,2012.32,2594.19,2400.23,2788.15,1697.13,2012.32,1648.64,1187.99,460.65,465.50,363.67,48.49,96.98,24.24,0.00,0.00,0.00,0.00,0.00,0.00,0.00,1.331
71107,1194.34,100.38,3.69,48.60,1142.09,1919.69,2186.99,2114.09,2357.09,2332.79,2867.38,1992.59,1700.99,1263.59,1433.69,899.09,777.60,437.40,218.70,48.60,97.20,24.30,0.00,24.30,0.00,0.00,0.00,0.00,1.331
71108,1160.04,98.27,3.56,0.00,874.59,1579.11,2089.29,1749.17,2696.64,2745.23,2648.05,2113.58,1579.11,1579.11,1044.64,923.17,680.23,437.29,194.35,194.35,48.59,0.00,24.29,0.00,0.00,0.00,0.00,0.00,1.328
71109,1180.29,94.67,3.27,48.57,1262.86,1675.72,1602.86,2185.72,2647.15,2598.58,2525.72,2307.15,1797.15,1821.44,1141.43,534.29,777.15,364.29,170.00,48.57,72.86,24.29,0.00,0.00,0.00,0.00,0.00,0.00,1.328
71110,1203.29,96.00,3.28,0.00,1070.24,1994.53,1921.56,1970.21,2529.65,2189.12,3064.77,2602.62,1994.54,1556.71,1191.86,486.47,739.44,413.50,194.59,97.29,48.65,0.00,0.00,0.00,0.00,0.00,0.00,0.00,1.326
71111,1128.96,91.30,3.14,48.63,1094.19,1799.34,2091.12,2237.01,1993.86,2115.44,2528.80,1920.91,1702.07,1556.18,1288.71,875.35,622.47,413.36,145.89,145.89,0.00,0.00,0.00,0.00,0.00,0.00,0.00,0.00,1.327
71112,1071.46,84.52,2.87,0.00,849.60,2039.03,1747.74,1869.11,2330.32,2306.05,2548.79,1674.92,1407.90,1529.28,1310.81,679.68,602.00,169.92,242.74,97.10,24.27,0.00,0.00,0.00,0.00,0.00,0.00,0.00,1.328
71113,1129.18,95.11,3.40,24.28,874.20,1845.54,2039.81,2234.07,2185.51,2088.37,2136.94,2282.64,1748.40,1699.84,1117.04,777.07,582.80,485.67,267.12,121.42,72.85,0.00,0.00,0.00,0.00,0.00,0.00,0.00,1.326
71114,1198.06,93.47,3.15,0.00,1067.75,1795.76,2281.09,1941.36,2717.90,2717.90,2839.24,2086.96,1844.29,1698.69,873.61,509.61,834.78,509.61,97.07,145.60,0.00,0.00,0.00,0.00,0.00,0.00,0.00,0.00,1.326
71115,1206.85,98.78,3.43,48.60,729.07,2017.09,2017.09,2527.44,2430.23,2235.81,2478.83,2284.41,2162.90,1774.07,1215.11,729.07,758.23,315.93,218.72,145.81,48.60,0.00,0.00,0.00,0.00,0.00,0.00,0.00,1.324
71116,1179.73,98.52,3.47,48.55,995.24,1869.11,1893.39,2014.76,2597.34,2063.31,2548.79,2063.31,2136.13,1577.82,1480.73,825.32,873.87,291.29,145.65,72.82,48.55,48.55,0.00,0.00,0.00,0.00,0.00,0.00,1.324
71117,1116.04,88.09,3.04,48.58,971.53,1967.35,2064.50,1773.04,2258.81,2598.84,2380.25,1967.35,1627.31,1748.75,801.51,922.95,680.07,291.46,72.86,48.58,24.29,72.86,0.00,0.00,0.00,0.00,0.00,0.00,1.322
71118,1129.89,94.85,3.33,48.72,803.93,1412.97,2168.17,1997.64,2509.23,2387.43,2606.68,1827.11,1632.22,1583.50,1193.71,730.84,818.55,511.59,292.34,48.72,24.36,0.00,0.00,0.00,0.00,0.00,0.00,0.00,1.323
71119,1119.44,88.19,2.97,72.86,1044.39,1651.60,1943.06,2234.52,2598.84,1748.75,2866.01,1748.75,1675.89,1457.29,1360.14,752.94,699.50,291.46,145.73,72.86,24.29,0.00,0.00,0.00,0.00,0.00,0.00,0.00,1.321
71120,1124.53,90.61,3.08,0.00,874.55,1506.17,1579.05,2259.26,2405.01,2818.00,2380.72,1967.74,1894.86,1700.52,1214.65,534.45,796.81,218.64,194.34,121.47,24.29,0.00,0.00,0.00,0.00,0.00,0.00,0.00,1.321
71121,1155.30,95.19,3.26,97.06,825.04,1455.96,2038.34,1698.62,2378.07,2547.93,2766.32,2159.67,2159.67,1625.82,1334.63,606.65,660.04,461.05,169.86,72.80,48.53,0.00,0.00,0.00,0.00,0.00,0.00,0.00,1.318
71122,1156.84,95.54,3.29,0.00,898.09,1699.09,1796.18,1917.55,2451.55,2208.82,2742.82,1869.00,2403.00,1941.82,1237.91,606.82,757.31,267.00,169.91,121.36,24.27,24.27,0.00,0.00,0.00,0.00,0.00,0.00,1.318
71123,1214.86,97.99,3.36,0.00,876.80,1680.54,1997.16,2484.28,2362.50,2703.48,3068.81,2118.94,1875.39,1461.34,1339.56,1022.94,720.93,292.27,146.13,121.78,0.00,0.00,24.36,0.00,0.00,0.00,0.00,0.00,1.319
71124,1150.84,92.94,3.25,0.00,947.69,1555.19,2016.89,2162.69,2818.78,2138.39,2697.28,2114.09,1725.29,1530.89,1214.99,704.70,758.16,340.20,121.50,145.80,0.00,0.00,0.00,24.30,0.00,0.00,0.00,0.00,1.318
71125,1203.76,99.90,3.51,72.79,1019.11,1455.87,2256.60,2280.87,2572.04,2620.57,2669.10,2038.22,1795.58,1407.34,1528.67,606.61,854.11,533.82,194.12,121.32,48.53,0.00,0.00,0.00,0.00,0.00,0.00,0.00,1.319
71126,1237.15,97.66,3.29,72.67,823.63,1962.19,1962.19,2180.21,3100.74,2519.35,3124.97,1913.74,1865.29,1841.07,1405.02,508.72,833.32,242.25,290.69,72.67,24.22,0.00,0.00,0.00,0.00,0.00,0.00,0.00,1.317
71127,1158.95,92.87,3.24,121.46,898.79,1797.58,2040.50,2259.12,2307.70,2210.54,2647.79,2623.49,1627.54,1408.91,1360.33,510.12,660.73,315.79,170.04,121.46,72.87,24.29,0.00,0.00,0.00,0.00,0.00,0.00,1.319
71128,1178.87,93.12,3.16,48.58,850.21,1846.16,1773.29,2089.08,2842.12,2356.29,2769.24,2720.66,1773.29,1336.04,1238.87,631.58,621.87,315.79,242.92,48.58,72.87,0.00,0.00,0.00,0.00,0.00,0.00,0.00,1.317
71129,1048.96,87.80,3.24,72.93,1069.62,1896.14,1969.07,1580.12,2285.10,2114.93,2066.31,1774.60,1434.26,1312.71,1264.10,753.60,583.43,413.26,243.10,24.31,48.62,24.31,48.62,0.00,0.00,0.00,0.00,0.00,1.314
71130,1145.56,94.74,3.23,24.27,825.19,1504.76,1359.14,2208.60,2451.31,2378.49,2960.98,2038.71,2184.33,1868.82,946.54,703.84,776.65,388.33,194.16,48.54,48.54,0.00,0.00,0.00,0.00,0.00,0.00,0.00,1.316
71131,1112.86,92.92,3.31,24.28,728.47,1796.90,1821.18,2306.83,2064.01,1942.59,2865.33,1942.59,2015.44,1456.95,1116.99,704.19,718.76,364.24,218.54,121.41,0.00,24.28,24.28,0.00,0.00,0.00,0.00,0.00,1.316
71132,1122.36,93.52,3.38,72.86,922.95,1603.02,2015.92,2088.79,2307.38,2525.98,2331.67,1748.75,1675.89,1894.48,1238.70,607.21,563.49,412.90,315.75,24.29,48.58,24.29,0.00,24.29,0.00,0.00,0.00,0.00,1.313
71133,1076.36,88.36,3.13,48.73,706.53,1827.22,1705.41,2095.21,2460.66,2095.21,2558.11,1875.95,1681.04,1364.33,1096.33,633.44,623.69,292.36,219.27,170.54,73.09,0.00,0.00,0.00,0.00,0.00,0.00,0.00,1.316
71134,1029.76,83.49,3.04,72.96,875.56,1653.84,1775.45,2018.66,2213.23,2164.58,2237.55,1337.66,1702.48,1410.63,1264.70,632.35,700.45,364.82,97.28,24.32,24.32,0.00,0.00,0.00,0.00,24.32,0.00,0.00,1.314
71135,1022.21,83.42,2.91,24.30,923.54,1798.48,1482.53,1822.78,2017.21,2430.37,2454.68,1895.69,1263.79,996.45,1288.10,656.20,661.06,461.77,97.21,145.82,24.30,0.00,0.00,0.00,0.00,0.00,0.00,0.00,1.314
71136,1128.43,90.58,3.04,24.29,655.78,2040.21,1821.62,2088.79,2477.40,2185.94,2258.81,2113.08,1967.35,1481.58,1457.29,777.22,660.64,315.75,145.73,97.15,0.00,0.00,0.00,0.00,0.00,0.00,0.00,0.00,1.314
71137,1160.98,94.93,3.32,0.00,948.43,1750.95,1848.22,2334.60,2358.92,2456.19,2675.06,2042.77,1605.04,1823.91,1142.98,899.79,603.10,437.74,121.59,97.27,48.64,0.00,24.32,0.00,0.00,0.00,0.00,0.00,1.315
71138,1251.69,100.72,3.48,72.90,826.19,1579.49,2284.19,2551.48,2794.48,2672.98,2697.28,2575.78,2016.89,1628.09,996.29,704.70,758.16,558.90,194.40,48.60,48.60,24.30,0.00,0.00,0.00,0.00,0.00,0.00,1.314
71139,1201.34,95.49,3.24,72.79,849.26,1989.69,1989.69,2426.46,2499.25,2377.93,2838.95,2305.13,1577.20,1431.61,1528.67,800.73,660.00,412.50,121.32,121.32,24.26,0.00,0.00,0.00,0.00,0.00,0.00,0.00,1.313
71140,1202.83,101.82,3.71,48.57,825.68,1675.65,2039.93,2234.21,2525.62,2477.05,2865.61,2064.21,2039.93,1675.65,1214.24,679.98,913.11,364.27,194.28,121.42,48.57,0.00,24.28,24.28,0.00,0.00,0.00,0.00,1.311
71141,1179.64,92.00,3.13,72.71,993.74,2205.62,1672.39,2132.90,2447.99,2714.61,2884.27,2060.19,1963.24,1478.49,896.79,654.41,736.82,339.33,242.38,48.48,24.24,24.24,0.00,0.00,0.00,0.00,0.00,0.00,1.312
71142,1232.57,104.86,3.81,48.74,1169.70,1778.92,2266.30,2534.36,2388.14,2656.20,2339.40,2168.82,1559.60,1608.34,1267.18,852.91,1013.74,487.38,365.53,97.48,0.00,48.74,0.00,0.00,0.00,0.00,0.00,0.00,1.309
71143,1184.46,93.17,3.16,48.55,849.68,1893.58,2063.51,2451.94,2573.32,2330.56,2694.71,2524.77,1626.53,1238.11,1238.11,752.58,699.17,388.43,194.21,97.11,24.28,0.00,0.00,0.00,0.00,0.00,0.00,0.00,1.306
71144,1185.31,94.86,3.30,48.45,1017.43,2131.76,1768.39,2979.62,2349.78,2567.80,1937.96,1962.19,2034.86,1283.90,1453.47,726.74,620.15,484.49,169.57,96.90,72.67,0.00,0.00,0.00,0.00,0.00,0.00,0.00,1.302
71145,1129.53,90.44,3.24,97.14,971.43,1724.29,1967.15,2355.72,2355.72,2307.15,2525.72,1870.01,1748.58,1505.72,1335.72,607.15,660.57,170.00,194.29,97.14,48.57,0.00,24.29,24.29,0.00,0.00,0.00,0.00,1.305
71146,1253.95,106.59,3.98,72.92,1069.47,1579.90,2406.31,2600.76,3257.02,2236.17,2333.39,1920.19,1871.57,1847.27,1482.67,777.80,602.79,437.51,194.45,170.14,145.84,72.92,0.00,0.00,0.00,0.00,0.00,0.00,1.303
71147,1181.61,92.74,3.14,48.59,898.84,1870.57,2016.32,2332.14,2137.79,2769.41,3255.27,1967.74,1603.34,1481.88,1093.19,850.26,699.64,291.52,170.05,97.17,48.59,0.00,0.00,0.00,0.00,0.00,0.00,0.00,1.305
71148,1197.69,99.38,3.80,48.61,1045.06,1725.56,1895.69,2406.07,2697.71,2406.07,2819.23,1895.69,2114.42,1433.92,1336.70,680.50,719.39,315.95,170.13,170.13,24.30,24.30,0.00,0.00,0.00,0.00,24.30,0.00,1.301
71149,1243.91,98.15,3.34,24.30,923.39,1919.69,1968.29,2235.59,2648.68,3110.38,2988.88,2138.39,1822.49,1822.49,1190.69,607.50,894.23,315.90,121.50,97.20,24.30,0.00,24.30,0.00,0.00,0.00,0.00,0.00,1.304
71150,1289.25,105.55,3.80,48.53,1261.83,2135.41,1965.55,2620.73,2814.86,2596.46,2669.26,2208.21,1722.89,1989.81,1261.83,849.31,815.34,436.79,194.13,121.33,24.27,0.00,24.27,24.27,0.00,0.00,0.00,0.00,1.301
71151,1205.02,97.35,3.36,24.28,898.18,1869.19,1942.01,2233.32,2815.92,2573.17,2500.34,2184.77,1990.56,1626.44,1310.86,728.26,699.13,339.85,121.38,194.20,48.55,0.00,0.00,0.00,0.00,0.00,0.00,0.00,1.301
71152,1117.12,90.26,3.14,121.35,1116.39,1553.24,1990.09,2257.05,2329.86,2572.55,2257.05,1868.74,1431.89,1213.47,1407.62,849.43,524.22,509.66,242.69,48.54,48.54,0.00,0.00,0.00,0.00,0.00,0.00,0.00,1.299
71153,1066.79,84.73,2.92,24.27,801.00,1699.09,1771.91,2403.00,2645.73,1844.73,2257.37,1844.73,1699.09,1310.73,1262.18,509.73,485.46,412.64,194.18,169.91,0.00,0.00,0.00,0.00,0.00,0.00,0.00,0.00,1.303
71154,1115.56,91.18,3.27,72.86,1020.11,1870.19,1748.75,2137.36,2404.54,2525.98,2477.40,1967.35,1335.85,1190.12,1311.56,801.51,718.93,388.61,145.73,72.86,97.15,0.00,24.29,0.00,0.00,0.00,0.00,0.00,1.300
