NASA Intern/Datasets/LARGE/SASA-LARGE-MICROPHYSICAL_P3B_20220706_RA.ict
56,1001
Richard Moore, Luke Ziemba, Edward Winstead, Michael Shook, Claire Robinson, John Barrick, Bruce Anderson, and Ali Omar
NASA Langley
In-situ microphysical aerosol measurements from the NASA P3B
NASA SASA
1,1
2022,07,06,2022,07,7
1.0
Time_Mid,Secs after midnight,Time of acquisition
9
1,1,1,1,1,1,1,1,1
-9999,-9999,-9999,-9999,-9999,-9999,-9999,-9999,-9999
CNgt3nm, #/cm3, AerMP_NumConc_InSitu_RHd_None_Bulk_STP, Number concentration of particles with diameters greater than 3nm
CNgt10nm, #/cm3, AerMP_NumConc_InSitu_RHd_None_Bulk_STP, Number concentration of particles with diameters greater than 10nm
IntegN_100to1000nm_UHSAS, #/cm3, Number concentration of particles with diameters between 100 and 1000nm (inclusive) as measured by the UHSAS
IntegS_100to1000nm_UHSAS, um2/cm3, Surface area concentration of particles with diameters between 100 and 1000nm (inclusive) as measured by the UHSAS
IntegV_100to1000nm_UHSAS, um3/cm3, Volume concentration of particles with diameters between 100 and 1000nm (inclusive) as measured by the UHSAS
IntegN_gt1000nm_APS, #/cm3, Number concentration of particles with diameters greater than 1000nm as measured by the APS
IntegS_gt1000nm_APS, um2/cm3, Surface area concentration of particles with diameters greater 1000nm as measured by the APS
IntegV_gt1000nm_APS, um3/cm3, Volume concentration of particles with diameters greater than 1000nm as measured by the APS
stdPT, unitless, None, Conversion factor to convert between ambient and standard pressure and temperature conditions
0
33
******************************************************************************************************************
Langley Aerosol data from the 2022 SASA field campaign
 
PI_CONTACT_INFO: richard.h.moore@nasa.gov
PLATFORM: NASA P3B aircraft
LOCATION: Latitude, Longitude, and Altitude included in MetNav files
ASSOCIATED_DATA: None
INSTRUMENT_INFO: Flagged data are due to missing data or to instrument issues.
CN statistics: TSI Condensation Particle Counters
	- CNgt3nm is measured with a TSI CPC-3776
	- CNgt10nm is measured with a TSI CPC-3772
	- The CPC-3772 data are corrected for coincidence errors when the aerosol concentrations exceed 10,000 cm-3
	- Due to flow irregularities and response times differences, there will be times where CNgt10nm > CNgt3nm
UHSAS statistics: Optical Size Distribution Data from the DMT Ultra-High Sensitivity Aerosol Spectrometer (UHSAS)
   - Data are processed with respect to mid-point polystyrene-latex-equivalent optical diameters and are rebinned to a standard binning scheme
APS statistics: Aerodynamic Size Distribution Data From the TSI Aerodynamic Particle Sizer (APS), Model 3321
   - Data are processed with respect to mid-point polystyrene-latex-equivalent aerodynamic diameters (assuming spherical particles with a density of 1 g/cm3) and are rebinned to a standard binning scheme
DATA_INFO: Aerosol measurements are reported at standard temperature and pressure (0 deg C, 1013 mb)
   - Concentrations can be converted back to ambient conditions by dividing by the stdPT conversion factor
   - Integrated surface areas and volumes are calculated by assuming spherical particles
UNCERTAINTY: CPC data is 10%, UHSAS is 20%, APS is 20%
ULOD_FLAG: -7777
ULOD_VALUE: N/A
LLOD_FLAG: -8888
LLOD_VALUE: N/A
DM_CONTACT_INFO: Michael Shook (michael.shook@nasa.gov)
PROJECT_INFO: SARP 2022
STIPULATIONS_ON_USE: This is FIELD data. Please consult the PI and/or DM prior to use.
OTHER_COMMENTS: none
REVISION: RA
RA: None
******************************************************************************************************************
Time_Mid,CNgt3nm,CNgt10nm,IntegN_100to1000nm_UHSAS,IntegS_100to1000nm_UHSAS,IntegV_100to1000nm_UHSAS,IntegN_gt1000nm_APS,IntegS_gt1000nm_APS,IntegV_gt1000nm_APS,stdPT
[from data line 6086]
59986,5338.91,5427.15,815.80,81.24,3.01,0.00,0.00,0.00,1.146
59987,9390.57,5660.82,775.99,78.00,2.84,0.00,0.00,0.00,1.145
59988,9533.30,8098.89,805.75,79.99,2.87,0.00,0.00,0.00,1.148
59989,9651.95,10843.27,803.10,79.78,2.82,0.00,0.00,0.00,1.145
59990,10653.99,10080.48,835.63,78.98,2.77,0.00,0.00,0.00,1.145
59991,9319.78,11911.67,770.45,81.31,3.12,0.00,0.00,0.00,1.141
59992,8021.54,11000.65,824.06,83.28,3.04,0.00,0.00,0.00,1.142
59993,6750.22,9871.64,772.10,79.65,2.95,0.00,0.00,0.00,1.146
59994,7997.53,8416.72,795.39,75.45,2.68,0.00,0.00,0.00,1.144
59995,7911.07,8087.61,759.62,74.00,2.75,0.00,0.00,0.00,1.147
59996,7701.07,8627.85,767.92,82.25,3.22,0.00,0.00,0.00,1.141
59997,9399.72,8064.78,794.99,81.50,2.98,0.00,0.00,0.00,1.143
59998,8594.59,9212.43,777.39,76.49,2.81,0.00,0.00,0.00,1.147
59999,6478.94,9845.34,790.24,74.14,2.54,0.00,0.00,0.00,1.146
60000,8017.48,7631.49,837.47,82.70,2.95,0.00,0.00,0.00,1.146
60001,12468.76,7613.67,849.63,87.97,3.36,0.00,0.00,0.00,1.145
60002,10788.63,11263.46,811.02,85.58,3.22,0.00,0.00,0.00,1.144
60003,11025.31,12899.61,851.96,88.88,3.62,0.00,0.00,0.00,1.144
60004,7234.56,11579.71,907.61,94.04,3.59,0.00,0.00,0.00,1.149
60005,9504.59,10608.49,811.29,79.08,2.93,0.00,0.00,0.00,1.144
60006,8750.25,9048.18,849.75,81.45,2.90,0.00,0.00,0.00,1.145
60007,9462.52,9815.43,868.08,95.71,3.80,0.00,0.00,0.00,1.146
60008,10357.19,10699.12,818.02,81.83,2.96,0.00,0.00,0.00,1.148
60009,9717.61,10941.96,858.94,88.10,3.22,0.00,0.00,0.00,1.143
60010,8866.70,11359.08,876.19,88.26,3.31,0.00,0.00,0.00,1.144
60011,6574.16,10699.56,781.82,81.98,3.07,0.00,0.00,0.00,1.144
60012,6485.68,8316.67,885.86,93.44,3.56,0.00,0.00,0.00,1.145
60013,4996.05,7676.05,819.12,82.19,3.05,0.00,0.00,0.00,1.144
60014,5061.90,6230.88,808.81,84.09,3.27,0.00,0.00,0.00,1.146
60015,5358.94,5634.60,825.89,87.21,3.42,0.00,0.00,0.00,1.144
60016,5205.86,5944.83,814.11,82.50,3.06,0.00,0.00,0.00,1.145
60017,4157.01,5877.16,847.94,86.05,3.19,0.00,0.00,0.00,1.143
60018,5216.50,5359.87,783.81,80.79,3.00,0.00,0.00,0.00,1.143
60019,5391.77,4983.81,818.72,88.25,3.48,0.00,0.00,0.00,1.147
60020,4619.28,6295.01,798.33,78.88,2.97,0.00,0.00,0.00,1.145
60021,4828.85,5556.49,817.19,85.48,3.33,0.00,0.00,0.00,1.146
60022,4332.78,5424.24,894.09,88.01,3.17,0.00,0.00,0.00,1.144
60023,4158.41,5095.99,811.94,86.85,3.30,0.00,0.00,0.00,1.144
60024,3795.06,4732.79,767.66,79.44,3.01,0.00,0.00,0.00,1.146
60025,3859.39,4487.92,821.33,87.56,3.37,0.00,0.00,0.00,1.145
60026,4309.88,4045.33,893.15,96.35,3.79,0.00,0.00,0.00,1.145
60027,3945.29,4430.19,820.89,86.30,3.23,0.00,0.00,0.00,1.145
60028,3562.12,4378.21,736.33,73.53,2.73,0.00,0.00,0.00,1.146
60029,3464.09,3938.48,793.97,81.16,2.94,0.00,0.00,0.00,1.144
60030,3693.00,3792.21,845.41,88.34,3.29,0.00,0.00,0.00,1.148
60031,3572.72,3903.53,786.84,89.42,3.59,0.00,0.00,0.00,1.145
60032,3727.21,3947.75,756.00,78.65,2.99,0.00,0.00,0.00,1.148
60033,3515.89,4066.97,758.71,78.75,2.94,0.00,0.00,0.00,1.145
60034,2878.34,4014.23,726.74,76.41,2.90,0.00,0.00,0.00,1.143
60035,2426.90,3408.70,738.59,73.17,2.67,0.00,0.00,0.00,1.145
60036,2426.30,2823.33,761.85,79.17,2.99,0.00,0.00,0.00,1.144
60037,2426.22,2613.70,749.93,82.07,3.20,0.00,0.00,0.00,1.145
60038,2261.93,2615.01,659.20,71.68,2.75,0.00,0.00,0.00,1.145
60039,2316.33,2558.99,701.35,71.36,2.67,0.00,0.00,0.00,1.144
60040,2283.83,2504.49,677.76,69.07,2.54,0.00,0.00,0.00,1.144
60041,2195.41,2449.15,694.86,79.51,3.35,0.00,0.00,0.00,1.146
60042,2273.60,2417.08,645.12,68.37,2.56,0.00,0.00,0.00,1.145
60043,2240.70,2428.35,682.16,69.19,2.51,0.00,0.00,0.00,1.146
60044,2240.42,2417.01,691.01,68.55,2.51,0.00,0.00,0.00,1.145
60045,2196.34,2383.97,624.78,63.72,2.37,0.00,0.00,0.00,1.144
60046,2263.09,2340.36,656.03,68.71,2.56,0.00,0.00,0.00,1.146
60047,2252.10,2362.50,683.61,68.67,2.60,0.00,0.00,0.00,1.145
60048,2196.33,2339.81,674.47,69.10,2.57,0.00,0.00,0.00,1.144
60049,2229.60,2362.05,651.96,71.54,2.77,0.00,0.00,0.00,1.146
60050,2207.59,2362.12,602.51,66.25,2.57,0.00,0.00,0.00,1.145
60051,2141.03,2350.72,622.61,68.35,2.62,0.00,0.00,0.00,1.144
60052,2261.74,2361.04,627.57,63.86,2.29,0.00,0.00,0.00,1.145
60053,2284.44,2350.66,575.15,60.12,2.25,0.00,0.00,0.00,1.145
60054,2174.19,2328.70,571.41,63.95,2.48,0.00,0.00,0.00,1.145
60055,2207.68,2307.02,563.40,60.56,2.33,0.00,0.00,0.00,1.145
60056,2395.60,2340.40,538.98,56.48,2.05,0.00,0.00,0.00,1.144
60057,2184.97,2306.36,515.64,59.41,2.29,0.00,0.00,0.00,1.147
60058,2339.78,2306.67,569.17,60.92,2.25,0.00,0.00,0.00,1.146
60059,2263.35,2362.72,592.77,64.74,2.51,0.00,0.00,0.00,1.147
60060,2153.31,2363.12,504.80,55.86,2.24,0.00,0.00,0.00,1.145
60061,2329.45,2384.65,553.77,56.49,1.99,0.00,0.00,0.00,1.149
60062,2196.56,2373.16,540.39,57.75,2.15,0.00,0.00,0.00,1.145
60063,2196.72,2417.49,513.23,57.94,2.48,0.00,0.00,0.00,1.148
60064,2351.35,2461.74,467.45,51.43,2.06,0.00,0.00,0.00,1.148
60065,2328.88,2472.37,566.94,55.98,1.97,0.00,0.00,0.00,1.148
60066,2394.64,2504.99,533.63,53.87,1.96,0.00,0.00,0.00,1.148
60067,2406.66,2506.01,536.70,55.05,2.02,0.00,0.00,0.00,1.145
60068,2318.20,2550.02,542.64,58.21,2.14,0.00,0.00,0.00,1.147
60069,2240.87,2549.95,506.04,56.82,2.22,0.00,0.00,0.00,1.147
60070,2296.45,2473.10,520.27,56.37,2.12,0.00,0.00,0.00,1.148
60071,2197.41,2462.43,489.89,57.86,2.29,0.00,0.00,0.00,1.146
60072,2186.25,2462.29,547.32,54.51,1.94,0.00,0.00,0.00,1.146
60073,2231.40,2463.38,496.18,51.25,1.85,0.00,0.00,0.00,1.148
60074,2275.31,2440.99,535.08,62.27,2.58,0.00,0.00,0.00,1.148
60075,2220.07,2463.07,483.00,52.43,1.98,0.00,0.00,0.00,1.149
60076,2341.21,2462.69,579.78,62.18,2.31,0.00,0.00,0.00,1.148
60077,2342.32,2441.76,508.15,56.48,2.10,0.00,0.00,0.00,1.147
60078,2430.48,2518.86,534.84,57.28,2.16,0.00,0.00,0.00,1.146
60079,2275.04,2540.09,518.10,56.24,2.11,0.00,0.00,0.00,1.148
60080,2485.29,2573.65,518.57,54.19,1.98,0.00,0.00,0.00,1.145
60081,2518.19,2573.41,521.23,52.47,1.87,0.00,0.00,0.00,1.147
60082,2396.42,2606.25,517.23,59.60,2.35,0.00,0.00,0.00,1.150
60083,2341.89,2629.10,536.07,58.19,2.28,0.00,0.00,0.00,1.146
60084,2507.94,2618.42,532.06,55.32,2.03,0.00,0.00,0.00,1.148
60085,2573.57,2639.85,556.33,59.96,2.24,0.00,0.00,0.00,1.149
60086,2530.45,2729.35,495.41,53.66,1.98,0.00,0.00,0.00,1.147
60087,2507.49,2750.51,518.66,59.60,2.29,0.00,0.00,0.00,1.147
60088,2563.19,2706.82,547.23,60.43,2.25,0.00,0.00,0.00,1.152
60089,2595.66,2739.25,537.27,59.72,2.21,0.00,0.00,0.00,1.150
60090,2451.60,2749.77,541.35,56.15,2.06,0.00,0.00,0.00,1.149
60091,2629.64,2795.37,574.49,60.74,2.20,0.00,0.00,0.00,1.148
60092,2474.37,2794.71,558.19,61.65,2.34,0.00,0.00,0.00,1.150
60093,2573.93,2761.73,527.20,57.88,2.26,0.00,0.00,0.00,1.146
60094,2553.21,2741.11,533.00,59.58,2.26,0.00,0.00,0.00,1.149
60095,2586.63,2763.49,548.13,59.50,2.16,0.00,0.00,0.00,1.148
60096,2497.87,2829.44,503.58,57.16,2.20,0.00,0.00,0.00,1.149
60097,2620.24,2763.97,504.17,51.20,1.85,0.00,0.00,0.00,1.149
60098,2731.55,2764.73,572.87,62.13,2.32,0.00,0.00,0.00,1.151
60099,2642.66,2863.81,529.73,61.48,2.47,0.00,0.00,0.00,1.149
60100,2609.45,2874.82,530.08,59.97,2.47,0.00,0.00,0.00,1.150
60101,2432.76,2797.67,549.46,56.57,2.05,0.00,0.00,0.00,1.149
60102,2100.96,2764.42,531.06,58.49,2.19,0.00,0.00,0.00,1.148
60103,2100.93,2432.66,530.09,52.45,1.85,0.00,0.00,0.00,1.149
60104,2012.75,2178.64,576.53,65.92,2.81,0.00,0.00,0.00,1.149
60105,1725.16,2178.56,552.05,62.08,2.38,0.00,0.00,0.00,1.152
60106,1802.89,2046.23,561.00,61.74,2.37,0.00,0.00,0.00,1.147
60107,1769.71,1935.62,569.05,63.97,2.54,0.00,0.00,0.00,1.149
60108,1736.55,1869.28,591.48,61.51,2.24,0.00,0.00,0.00,1.151
60109,1769.77,1858.25,526.42,53.06,1.82,0.00,0.00,0.00,1.148
60110,1747.50,1835.98,623.57,67.64,2.45,0.00,0.00,0.00,1.148
60111,1758.12,1857.64,578.57,71.81,3.06,0.00,0.00,0.00,1.149
60112,1757.66,1846.09,578.25,65.23,2.54,0.00,0.00,0.00,1.147
60113,1614.36,1824.45,581.84,62.34,2.37,0.00,0.00,0.00,1.150
60114,1758.10,1846.56,616.47,64.33,2.34,0.00,0.00,0.00,1.148
60115,1792.12,1869.56,532.60,59.36,2.23,0.00,0.00,0.00,1.148
60116,1824.49,1868.72,574.52,60.97,2.24,0.00,0.00,0.00,1.152
60117,1846.59,1846.59,516.33,55.85,2.09,0.00,0.00,0.00,1.153
60118,1747.51,1835.99,525.34,66.12,2.71,0.00,0.00,0.00,1.149
60119,1746.74,1824.13,483.04,52.15,1.92,0.00,0.00,0.00,1.152
60120,1724.34,1790.66,518.77,55.67,2.09,0.00,0.00,0.00,1.150
60121,1657.94,1757.41,495.35,55.19,2.04,0.00,0.00,0.00,1.151
60122,1790.63,1735.36,501.69,52.83,1.99,0.00,0.00,0.00,1.149
60123,1691.01,1790.48,508.35,54.52,2.02,0.00,0.00,0.00,1.152
60124,1658.05,1812.81,503.82,56.54,2.26,0.00,0.00,0.00,1.153
60125,1713.23,1801.65,472.71,48.07,1.72,0.00,0.00,0.00,1.150
60126,1625.02,1801.89,501.53,57.47,2.25,0.00,0.00,0.00,1.150
60127,1669.15,1779.69,485.20,56.16,2.22,0.00,0.00,0.00,1.149
60128,1768.68,1746.57,508.46,58.45,2.22,0.00,0.00,0.00,1.150
60129,1658.41,1757.91,454.98,51.92,1.99,0.00,0.00,0.00,1.151
60130,1735.74,1779.96,433.92,51.95,2.14,0.00,0.00,0.00,1.149
60131,1592.04,1757.88,493.04,51.73,1.90,0.00,0.00,0.00,1.148
60132,1691.33,1757.65,451.67,49.11,1.85,0.00,0.00,0.00,1.151
60133,1736.34,1780.58,465.78,51.35,1.97,0.00,0.00,0.00,1.147
60134,1757.72,1790.88,459.59,49.33,1.88,0.00,0.00,0.00,1.150
60135,1735.63,1790.90,462.24,53.65,2.12,0.00,0.00,0.00,1.152
60136,1713.21,1823.74,474.50,50.63,1.88,0.00,0.00,0.00,1.149
60137,1746.45,1823.83,416.18,47.75,1.83,0.00,0.00,0.00,1.150
60138,1679.96,1823.64,460.68,51.76,2.07,0.00,0.00,0.00,1.151
60139,1824.03,1835.08,458.75,52.43,2.18,0.00,0.00,0.00,1.152
60140,1758.01,1868.57,439.38,47.06,1.72,0.00,0.00,0.00,1.150
60141,1735.86,1912.76,444.62,50.82,1.96,0.00,0.00,0.00,1.152
60142,1734.88,1966.93,479.34,50.40,1.82,0.00,0.00,0.00,1.151
60143,1756.71,1911.39,461.50,52.52,2.09,0.00,0.00,0.00,1.153
60144,1945.11,1867.74,468.32,53.96,2.17,0.00,0.00,0.00,1.148
60145,1989.12,1922.81,432.21,50.58,2.05,0.00,0.00,0.00,1.150
60146,1824.08,1945.68,449.47,50.53,1.89,0.00,0.00,0.00,1.149
60147,1779.44,1923.12,422.87,48.80,2.14,0.00,0.00,0.00,1.150
60148,1812.05,1900.44,428.02,50.47,2.00,0.00,0.00,0.00,1.149
60149,1867.75,1945.11,464.36,53.02,2.02,0.00,0.00,0.00,1.148
60150,1856.75,1934.12,455.91,50.69,1.94,0.00,0.00,0.00,1.153
60151,1856.47,2011.17,427.29,50.13,1.92,0.00,0.00,0.00,1.148
60152,1867.21,2043.99,470.60,51.67,1.93,0.00,0.00,0.00,1.149
60153,1811.79,2032.74,453.77,52.39,2.03,0.00,0.00,0.00,1.149
60154,1823.39,1967.05,465.28,50.24,1.83,0.00,0.00,0.00,1.148
60155,1811.76,1922.23,451.75,51.08,1.95,0.00,0.00,0.00,1.149
60156,1822.65,1933.12,472.49,56.81,2.40,0.00,0.00,0.00,1.149
60157,1756.56,1911.23,459.26,51.33,1.95,0.00,0.00,0.00,1.149
60158,1800.92,1900.35,419.73,50.48,2.11,0.00,0.00,0.00,1.149
60159,1922.43,1911.39,455.64,53.30,2.16,0.00,0.00,0.00,1.149
60160,2021.62,1911.15,481.69,55.05,2.12,0.00,0.00,0.00,1.152
60161,1811.52,2076.62,409.86,45.20,1.70,0.00,0.00,0.00,1.152
60162,2043.26,2076.39,471.76,53.49,2.02,0.00,0.00,0.00,1.150
60163,2010.67,2076.96,510.04,55.68,2.08,0.00,0.00,0.00,1.152
60164,1889.05,2065.80,490.66,52.65,1.91,0.00,0.00,0.00,1.148
60165,1855.55,2032.27,444.61,52.06,2.22,0.00,0.00,0.00,1.151
60166,1822.71,2010.51,434.54,49.79,1.95,0.00,0.00,0.00,1.152
60167,1734.81,2000.01,481.64,56.81,2.29,0.00,0.00,0.00,1.154
60168,1801.15,1955.85,469.77,55.81,2.23,0.00,0.00,0.00,1.151
60169,1834.14,1922.54,466.19,50.93,1.93,0.00,0.00,0.00,1.152
60170,1734.36,1900.06,467.90,53.37,2.01,0.00,0.00,0.00,1.151
60171,1745.55,1911.26,523.48,55.67,2.10,0.00,0.00,0.00,1.153
60172,1845.10,1878.25,466.56,53.94,2.14,0.00,0.00,0.00,1.149
60173,1811.38,1877.65,441.18,46.38,1.75,0.00,0.00,0.00,1.150
60174,1856.14,1867.19,479.11,56.39,2.23,0.00,0.00,0.00,1.149
60175,1889.20,1911.30,486.76,55.69,2.18,0.00,0.00,0.00,1.149
60176,1767.20,1943.93,491.33,52.45,1.93,0.00,0.00,0.00,1.150
60177,1843.95,1965.40,455.99,51.11,1.91,0.00,0.00,0.00,1.148
60178,1933.04,1966.18,481.60,52.84,1.99,0.00,0.00,0.00,1.148
60179,1965.99,1999.12,444.65,51.20,1.95,0.00,0.00,0.00,1.150
60180,2086.91,2031.70,481.52,55.46,2.14,0.00,0.00,0.00,1.153
60181,2219.76,2164.54,489.58,59.03,2.42,0.00,0.00,0.00,1.151
60182,2066.15,2276.08,449.39,50.15,1.91,0.00,0.00,0.00,1.151
60183,2087.09,2263.78,477.18,51.86,1.97,0.00,0.00,0.00,1.153
60184,2141.91,2197.11,448.10,56.70,2.28,0.00,0.00,0.00,1.150
60185,1976.79,2263.92,469.75,53.27,2.04,0.00,0.00,0.00,1.149
60186,1933.40,2077.03,457.29,55.08,2.19,0.00,0.00,0.00,1.149
60187,1967.55,2100.19,425.86,47.80,1.80,0.00,0.00,0.00,1.150
60188,1878.68,2066.55,483.88,54.28,2.04,0.00,0.00,0.00,1.149
60189,1844.95,2043.80,458.29,51.95,2.00,0.00,0.00,0.00,1.150
60190,1734.90,2033.26,498.47,57.71,2.31,0.00,0.00,0.00,1.150
60191,1580.52,1923.15,443.06,52.20,2.06,0.00,0.00,0.00,1.149
60192,1657.40,1823.14,490.34,59.81,2.41,0.00,0.00,0.00,1.151
60193,1691.06,1812.64,497.25,55.88,2.11,0.00,0.00,0.00,1.149
60194,1779.34,1801.44,474.60,56.24,2.23,0.00,0.00,0.00,1.150
60195,1746.91,1868.53,443.94,50.21,1.92,0.00,0.00,0.00,1.149
60196,1691.58,1879.53,442.10,49.15,1.92,0.00,0.00,0.00,1.151
60197,1725.11,1857.81,484.14,58.45,2.35,0.00,0.00,0.00,1.153
60198,1879.42,1857.31,521.63,59.49,2.27,0.00,0.00,0.00,1.149
60199,1768.23,1900.85,497.04,56.79,2.23,0.00,0.00,0.00,1.148
60200,1812.47,1878.78,487.86,53.07,1.96,0.00,0.00,0.00,1.151
60201,1801.03,1856.27,464.54,55.76,2.25,0.00,0.00,0.00,1.152
60202,1778.96,1845.25,483.96,55.22,2.11,0.00,0.00,0.00,1.149
60203,1812.95,1824.00,483.11,54.59,2.06,0.00,0.00,0.00,1.150
60204,1756.78,1834.12,489.43,53.55,1.95,0.00,0.00,0.00,1.149
60205,1601.52,1833.47,511.89,57.65,2.37,0.00,0.00,0.00,1.151
60206,1667.72,1833.39,438.57,49.72,1.98,0.00,0.00,0.00,1.149
60207,1889.86,1834.61,467.07,52.26,1.94,0.00,0.00,0.00,1.149
60208,2054.77,1900.11,475.50,54.22,2.08,0.00,0.00,0.00,1.150
60209,2065.24,2054.19,512.85,58.45,2.22,0.00,0.00,0.00,1.148
60210,1910.89,2187.03,499.66,57.91,2.23,0.00,0.00,0.00,1.150
60211,1965.72,2109.28,494.56,52.98,1.96,0.00,0.00,0.00,1.148
60212,1854.59,2064.34,541.52,61.87,2.35,0.00,0.00,0.00,1.151
60213,1700.49,1987.59,450.51,51.61,1.98,0.00,0.00,0.00,1.150
60214,1898.63,1920.70,502.11,56.61,2.16,0.00,0.00,0.00,1.148
60215,1999.12,1943.90,480.36,53.51,2.02,0.00,0.00,0.00,1.150
60216,1899.40,1943.57,453.84,54.97,2.21,0.00,0.00,0.00,1.148
60217,1910.94,1966.16,417.86,47.48,1.82,0.00,0.00,0.00,1.149
60218,1877.72,1966.08,458.16,51.85,2.00,0.00,0.00,0.00,1.150
60219,1987.87,1976.83,473.99,54.64,2.12,0.00,0.00,0.00,1.150
60220,2042.78,2053.82,478.56,53.18,1.98,0.00,0.00,0.00,1.146
60221,1854.75,2108.67,485.84,54.48,2.01,0.00,0.00,0.00,1.151
60222,1776.96,2052.89,477.41,55.28,2.25,0.00,0.00,0.00,1.153
60223,1809.66,2041.38,470.69,54.56,2.38,0.00,0.00,0.00,1.152
60224,1809.53,1952.97,497.83,55.88,2.16,0.00,0.00,0.00,1.149
60225,1700.27,1954.20,473.69,54.99,2.17,0.00,0.00,0.00,1.153
60226,1777.22,1953.84,465.71,50.78,1.89,0.00,0.00,0.00,1.149
60227,1887.50,1942.69,458.12,56.61,2.51,0.00,0.00,0.00,1.148
60228,1931.50,1975.65,471.17,54.78,2.08,0.00,0.00,0.00,1.152
60229,1898.91,2009.31,424.79,47.11,1.84,0.00,0.00,0.00,1.153
60230,1931.64,2030.99,466.18,50.83,1.89,0.00,0.00,0.00,1.153
60231,1997.95,2042.11,425.26,50.69,2.02,0.00,0.00,0.00,1.151
60232,2086.19,2108.27,506.79,59.04,2.33,0.00,0.00,0.00,1.150
60233,1909.60,2174.52,461.52,49.53,1.86,0.00,0.00,0.00,1.151
60234,1809.83,2118.82,428.07,45.45,1.68,0.00,0.00,0.00,1.149
60235,1876.51,2020.01,435.91,50.71,1.96,0.00,0.00,0.00,1.151
60236,1953.81,1997.97,440.92,51.02,2.04,0.00,0.00,0.00,1.149
60237,1920.48,1975.66,498.45,58.72,2.40,0.00,0.00,0.00,1.149
60238,1776.22,1963.77,468.09,54.18,2.13,0.00,0.00,0.00,1.148
60239,1655.21,1931.08,476.81,51.09,1.95,0.00,0.00,0.00,1.150
60240,1775.99,1875.27,487.60,54.96,2.11,0.00,0.00,0.00,1.150
60241,1852.83,1852.83,480.52,54.26,2.03,0.00,0.00,0.00,1.147
60242,1808.83,1852.95,475.31,52.08,1.96,0.00,0.00,0.00,1.149
60243,1841.68,1885.80,492.05,55.82,2.16,0.00,0.00,0.00,1.147
60244,1853.16,1941.41,446.00,53.11,2.11,0.00,0.00,0.00,1.150
60245,1886.24,1941.39,428.94,51.15,2.05,0.00,0.00,0.00,1.151
60246,1897.10,1974.31,465.98,50.42,1.86,0.00,0.00,0.00,1.150
