NASA Intern/Datasets/LARGE/SASA-LARGE-OPTICAL_P3B_20220712_RA_L2.ict
87,1001
Richard Moore, Luke Ziemba, Edward Winstead, Michael Shook, Claire Robinson, John Barrick, Bruce Anderson, and Ali Omar
NASA Langley
In-situ optical aerosol measurements from the NASA P3B
NASA SASA
1,1
2022,07,12,2022,07,13
1.0
Time_Mid,Secs after midnight,Time of acquisition
19
1,1,1,1,1,1,1,1,1,1,1,1,1,1,1,1,1,1,1
-9999,-9999,-9999,-9999,-9999,-9999,-9999,-9999,-9999,-9999,-9999,-9999,-9999,-9999,-9999,-9999,-9999,-9999,-9999
Sc550_total_amb, Mm-1, AerOpt_Scattering_InSitu_Green_RHa_Bulk_STP, scattering coefficient of ambient  particles at 550nm
Sc450_total, Mm-1, AerOpt_Scattering_InSitu_Blue_RHd_Bulk_STP, Dry Scattering at 450nm (Total Aerosols)
Sc550_total, Mm-1, AerOpt_Scattering_InSitu_Green_RHd_Bulk_STP, Dry Scattering at 550nm (Total Aerosols)
Sc700_total, Mm-1, AerOpt_Scattering_InSitu_Red_RHd_Bulk_STP, Dry Scattering at 700nm (Total Aerosols)
Abs470_total, Mm-1, AerOpt_Absorption_InSitu_Blue_RHd_Bulk_STP, Dry absorption at 470nm (Total Aerosols)
Abs532_total, Mm-1, AerOpt_Absorption_InSitu_Green_RHd_Bulk_STP, Dry absorption at 532nm (Total Aerosols)
Abs660_total, Mm-1, AerOpt_Absorption_InSitu_Red_RHd_Bulk_STP, Dry absorption at 660nm (Total Aerosols)
Ext532_total_amb, Mm-1, AerOpt_Extinction_InSitu_Green_RHa_Bulk_STP, extinction coefficient of aerosols at 532nm for AMBIENT relative humidity
Ext532_total_dry, Mm-1, AerOpt_Extinction_InSitu_Green_RHd_Bulk_STP, extinction coefficient of aerosols at 532nm for DRY relative humidity
gamma550, unitless, AerOpt_Gamma_InSitu_Green_None_Bulk_STP, derived hygroscopic growth factor for particles at 550nm
fRH550_RH20to80, unitless, AerOpt_fRHScat_InSitu_Green_RHsp_Bulk_STP, derived hygroscopic growth parameter for particles at 550nm
AEscatAMB_450to700nm,unitless, AerOpt_AngstromExponentScat_InSitu_BluetoRed_RHa_Bulk_STP, derived ambient Angstrom Exponent for scattering coefficient over wavelength range from 450nm to 700nm
AEscatDRY_450to700nm,unitless, AerOpt_AngstromExponentScatInSitu_BluetoRed_RHd_Bulk_STP, derived dry Angstrom Exponent for scattering coefficient over wavelength range from 450nm to 700nm
AEabsDRY_470to660nm,unitless, AerOpt_AngstromExponentAbs_InSitu_BluetoRed_RHd_Bulk_STP, derived dry Angstrom Exponent for absorption coefficient over wavelength range from 450nm to 700nm
SSA_dry_450nm,unitless, AerOpt_SSA_InSitu_Blue_RHd_Bulk_STP, single_scattering_albedo_at_450nm_as_derived_from_dry_scattering_and_absorption
SSA_dry_550nm,unitless, AerOpt_SSA_InSitu_Green_RHd_Bulk_STP, single_scattering_albedo_at_550nm_as_derived_from_dry_scattering_and_absorption
SSA_dry_700nm,unitless, AerOpt_SSA_InSitu_Red_RHd_Bulk_STP, single_scattering_albedo_at_700nm_as_derived_from_dry_scattering_and_absorption
SSA_amb_550nm,unitless, AerOpt_SSA_InSitu_Green_RHa_Bulk_STP, single_scattering_albedo_at_550nm_as_derived_from_ambient_scattering_and_absorption
stdPT,unitless, None, Conversion factor to convert between ambient and standard pressure and temperature conditions
0
54
******************************************************************************************************************
Langley Aerosol data from the 2022 SASA field campaign
 
PI_CONTACT_INFO: richard.h.moore@nasa.gov
PLATFORM: NASA P3B aircraft
LOCATION: Latitude, Longitude, and Altitude included in MetNav files
ASSOCIATED_DATA: N/A
[...]
ANGSTROM EXPONENT AND SSA CALCULATIONS: 
	- The Absorption coefficients were corrected to the wavelengths of the TSI nepholometer using the measured angstrom exponents
	- The scattering and absorption coefficients were smoothed with a 30s running average to compute the SSA and AE
	- Ambient SSA is calculated with ambient scattering and dry absorption
	- SSA is computed only when both scattering and absorption are greater than 1 Mm-1
	- Scattering Angstrom Exponents are computed only when relevant scattering measurements are greater than 1 Mm-1
	- Absorption Angstrom Exponents are computed only when relevant absorption measurements are greater than 2 Mm-1
DATA_INFO: Aerosol measurements are reported at standard temperature and pressure (0 deg C, 1013 mb)
UNCERTAINTY: all data are 5%
ULOD_FLAG: -7777
ULOD_VALUE: N/A
LLOD_FLAG: -8888
LLOD_VALUE: N/A
DM_CONTACT_INFO: Michael Shook (michael.shook@nasa.gov)
PROJECT_INFO: SASA 2022
STIPULATIONS_ON_USE: This is FIELD data. Please consult the PI and/or DM prior to use.
OTHER_COMMENTS: Ambient calculations currently use RH data from field Hsking files. Once available, calculations will be updated with final MetNav data.
REVISION: RA
RA: None
******************************************************************************************************************
Time_Mid,Sc550_total_amb,Sc450_total,Sc550_total,Sc700_total,Abs470_total,Abs532_total,Abs660_total,Ext532_total_amb,Ext532_total_dry,gamma550,fRH550_RH20to80,AEscatAMB_450to700nm,AEscatDRY_450to700nm,AEabsDRY_470to660nm,SSA_dry_450nm,SSA_dry_550nm,SSA_dry_700nm,SSA_amb_550nm,stdPT
[from data line 7033]
73828,26.42,41.74,22.53,12.13,1.72,1.33,3.04,30.28,26.18,0.22,1.35,2.93,3.20,-9999,0.975,0.958,0.909,0.963,1.152
73829,26.28,42.13,22.78,12.78,2.29,2.07,4.11,30.88,27.22,0.20,1.32,2.94,3.23,-9999,0.977,0.960,0.912,0.964,1.153
73830,26.65,42.53,23.03,13.43,2.43,2.20,0.53,31.43,27.62,0.20,1.31,2.94,3.23,-9999,0.976,0.961,0.913,0.964,1.151
73831,28.55,45.14,25.61,13.00,1.82,0.86,-0.91,32.17,29.12,0.15,1.23,2.95,3.22,-9999,0.975,0.960,0.914,0.963,1.152
73832,31.08,47.64,28.13,12.57,-0.64,-0.20,0.15,33.88,30.81,0.12,1.18,2.95,3.22,-9999,0.974,0.959,0.916,0.962,1.148
73833,28.64,46.26,25.80,10.96,0.01,-0.03,0.78,31.38,28.40,0.14,1.22,2.95,3.21,-9999,0.974,0.959,0.914,0.962,1.151
73834,26.48,44.76,23.46,9.40,1.39,0.48,0.89,29.52,26.32,0.16,1.26,2.94,3.20,-9999,0.975,0.959,0.912,0.962,1.151
73835,26.66,44.51,23.59,9.01,0.46,1.09,-0.43,30.33,27.07,0.17,1.26,2.94,3.18,-9999,0.976,0.960,0.917,0.962,1.152
73836,27.50,44.19,23.68,8.60,1.48,1.84,0.38,32.01,27.89,0.18,1.29,2.92,3.14,-9999,0.975,0.959,-9999.000,0.962,1.148
73837,28.23,43.87,24.91,9.43,1.20,1.27,1.49,32.23,28.65,0.17,1.27,2.90,3.10,-9999,0.975,0.959,-9999.000,0.961,1.152
73838,29.00,43.47,26.31,10.25,-0.07,0.10,1.47,31.88,29.00,0.13,1.19,2.90,3.08,-9999,0.976,0.959,-9999.000,0.961,1.151
73839,28.33,45.12,26.10,10.07,1.33,0.57,1.47,31.61,29.23,0.11,1.17,2.90,3.07,-9999,0.977,0.960,-9999.000,0.963,1.152
73840,28.40,46.76,25.91,9.91,1.94,2.47,1.34,33.59,30.91,0.12,1.18,2.90,3.08,-9999,0.978,0.962,-9999.000,0.964,1.150
73841,29.29,51.15,26.42,11.76,0.70,2.19,2.10,34.29,31.21,0.13,1.20,2.91,3.09,-9999,0.977,0.962,-9999.000,0.964,1.150
73842,-9999.00,51.80,27.88,12.25,0.84,0.67,1.95,-9999.00,31.28,-9999.00,-9999.00,2.92,3.11,-9999,0.976,0.963,-9999.000,0.965,1.153
73843,-9999.00,52.44,29.36,12.74,0.48,0.31,0.94,-9999.00,32.53,-9999.00,-9999.00,2.94,3.11,-9999,0.976,0.963,-9999.000,0.965,1.151
73844,-9999.00,50.87,26.47,10.39,1.21,0.49,0.73,-9999.00,29.52,-9999.00,-9999.00,2.97,3.12,-9999,0.976,0.963,-9999.000,0.965,1.152
73845,-9999.00,52.20,31.64,13.37,2.15,1.01,0.99,-9999.00,35.67,-9999.00,-9999.00,3.00,3.13,-9999,0.978,-9999.000,-9999.000,-9999.000,1.152
73846,-9999.00,51.49,31.98,12.84,1.17,1.48,1.40,-9999.00,36.51,-9999.00,-9999.00,3.05,3.17,-9999,-9999,-9999,-9999,-9999,1.150
73847,-9999.00,50.71,32.29,12.30,1.54,1.74,1.61,-9999.00,37.09,-9999.00,-9999.00,3.09,3.17,-9999,-9999,-9999,-9999,-9999,1.152
73848,-9999.00,49.18,30.05,12.47,2.13,1.38,2.08,-9999.00,34.24,-9999.00,-9999.00,3.14,3.14,-9999,0.978,-9999.000,-9999.000,-9999.000,1.151
73849,-9999.00,47.52,27.73,12.72,1.14,0.62,1.27,-9999.00,30.91,-9999.00,-9999.00,3.17,3.10,-9999,0.977,0.963,-9999.000,0.964,1.151
73850,-9999.00,45.92,27.98,13.54,0.61,0.95,-0.34,-9999.00,31.49,-9999.00,-9999.00,3.16,3.06,-9999,0.978,0.963,-9999.000,0.964,1.151
73851,-9999.00,44.32,28.24,14.37,0.78,1.43,-1.60,-9999.00,32.22,-9999.00,-9999.00,3.14,3.03,-9999,0.977,0.964,-9999.000,0.966,1.152
73852,-9999.00,43.63,26.71,14.18,-0.36,1.19,-1.79,-9999.00,30.29,-9999.00,-9999.00,3.10,3.01,-9999,0.978,-9999.000,0.922,-9999.000,1.152
73853,-9999.00,42.92,25.17,13.98,0.29,1.69,0.98,-9999.00,29.14,-9999.00,-9999.00,3.10,3.00,-9999,0.979,-9999.000,0.924,-9999.000,1.150
73854,-9999.00,44.03,25.01,12.16,0.84,1.07,2.43,-9999.00,28.36,-9999.00,-9999.00,3.13,2.99,-9999,0.978,0.964,-9999.000,0.965,1.153
73855,-9999.00,45.06,24.76,10.40,-0.33,-0.75,1.93,-9999.00,26.27,-9999.00,-9999.00,3.11,2.97,-9999,0.978,0.964,-9999.000,0.965,1.153
73856,-9999.00,47.11,23.03,11.80,1.33,-0.04,1.50,-9999.00,25.09,-9999.00,-9999.00,2.99,2.97,-9999,-9999,-9999,-9999,-9999,1.151
73857,-9999.00,45.48,28.06,9.30,2.20,1.34,0.16,-9999.00,31.95,-9999.00,-9999.00,-9999,2.98,-9999,-9999,-9999,-9999,-9999,1.149
73858,-9999.00,43.40,26.30,11.70,1.65,1.66,0.04,-9999.00,30.33,-9999.00,-9999.00,-9999,2.99,-9999,-9999,-9999,-9999,-9999,1.149
73859,-9999.00,43.91,27.31,11.40,1.65,1.30,1.30,-9999.00,31.07,-9999.00,-9999.00,-9999,3.01,-9999,0.978,-9999.000,-9999.000,-9999,1.152
73860,-9999.00,44.41,28.31,11.16,0.21,-0.27,0.71,-9999.00,30.57,-9999.00,-9999.00,-9999,3.02,-9999,0.978,-9999.000,-9999.000,-9999,1.149
73861,-9999.00,49.34,28.29,9.16,0.11,-0.08,0.96,-9999.00,30.73,-9999.00,-9999.00,-9999,3.02,-9999,-9999,-9999,-9999,-9999,1.150
73862,-9999.00,42.40,27.08,11.92,1.53,1.99,2.70,-9999.00,31.49,-9999.00,-9999.00,-9999,3.00,-9999,-9999,-9999,-9999,-9999,1.151
73863,-9999.00,35.39,26.01,15.26,1.59,2.23,2.22,-9999.00,30.57,-9999.00,-9999.00,-9999,2.98,-9999,-9999,-9999,-9999,-9999,1.150
73864,-9999.00,38.52,26.91,15.25,0.39,1.67,0.55,-9999.00,30.99,-9999.00,-9999.00,-9999,2.97,-9999,-9999,-9999,-9999,-9999,1.150
73865,-9999.00,41.62,27.81,15.24,0.33,0.83,-0.50,-9999.00,31.13,-9999.00,-9999.00,-9999,2.97,-9999,-9999,-9999,-9999,-9999,1.152
73866,-9999.00,43.78,27.35,13.34,1.50,0.02,1.13,-9999.00,29.84,-9999.00,-9999.00,-9999,3.00,-9999,-9999,-9999,-9999,-9999,1.152
73867,-9999.00,45.85,26.83,11.46,0.82,0.36,2.51,-9999.00,29.61,-9999.00,-9999.00,-9999,3.03,-9999,-9999,-9999,-9999,-9999,1.152
73868,-9999.00,46.98,22.81,12.61,0.19,1.45,0.68,-9999.00,26.31,-9999.00,-9999.00,-9999,3.05,-9999,-9999,-9999,-9999,-9999,1.152
73869,-9999.00,47.49,24.98,13.15,0.98,1.96,-0.52,-9999.00,29.15,-9999.00,-9999.00,-9999,3.07,-9999,-9999,-9999,-9999,-9999,1.154
73870,-9999.00,48.11,27.15,13.69,0.62,0.70,0.92,-9999.00,30.24,-9999.00,-9999.00,-9999,3.07,-9999,-9999,-9999,-9999,-9999,1.153
73871,-9999.00,44.52,24.81,9.89,-0.03,-0.28,0.41,-9999.00,26.72,-9999.00,-9999.00,-9999,3.06,-9999,-9999,-9999,-9999,-9999,1.150
73872,-9999.00,43.47,24.81,8.44,-0.36,0.52,-0.87,-9999.00,27.50,-9999.00,-9999.00,-9999,3.04,-9999,0.977,-9999.000,-9999.000,-9999,1.154
73873,-9999.00,42.41,24.95,6.98,1.38,0.18,0.95,-9999.00,27.35,-9999.00,-9999.00,-9999,3.04,-9999,-9999,-9999,-9999,-9999,1.152
73874,-9999.00,42.28,24.66,7.05,2.74,0.39,2.37,-9999.00,27.26,-9999.00,-9999.00,-9999,3.05,-9999,-9999,-9999,-9999,-9999,1.153
73875,-9999.00,42.10,24.33,7.12,1.09,0.94,1.62,-9999.00,27.47,-9999.00,-9999.00,-9999,3.04,-9999,-9999,-9999,-9999,-9999,1.151
73876,-9999.00,41.08,24.68,9.74,-0.53,0.60,0.41,-9999.00,27.53,-9999.00,-9999.00,-9999,3.02,-9999,-9999,-9999,-9999,-9999,1.152
73877,-9999.00,40.05,25.33,12.63,0.13,1.14,0.94,-9999.00,28.78,-9999.00,-9999.00,-9999,2.97,-9999,-9999,-9999,-9999,-9999,1.153
73878,-9999.00,40.90,24.99,12.85,1.55,1.42,1.34,-9999.00,28.69,-9999.00,-9999.00,-9999,2.96,-9999,-9999,-9999,-9999,-9999,1.151
73879,-9999.00,41.74,24.65,13.08,0.66,1.42,0.80,-9999.00,28.36,-9999.00,-9999.00,-9999,2.99,-9999,-9999,-9999,-9999,-9999,1.156
73880,-9999.00,43.38,25.52,10.93,-0.00,1.33,1.32,-9999.00,29.23,-9999.00,-9999.00,-9999,3.01,-9999,-9999,-9999,-9999,-9999,1.153
73881,-9999.00,44.98,26.29,9.14,0.91,0.50,0.30,-9999.00,29.25,-9999.00,-9999.00,-9999,3.04,-9999,-9999,-9999,-9999,-9999,1.150
73882,-9999.00,43.00,26.94,9.31,1.59,0.55,-1.22,-9999.00,30.03,-9999.00,-9999.00,-9999,3.06,-9999,-9999,-9999,-9999,-9999,1.152
73883,-9999.00,41.01,27.69,9.49,2.07,1.36,-0.37,-9999.00,31.64,-9999.00,-9999.00,-9999,3.07,-9999,-9999,-9999,-9999,-9999,1.152
73884,-9999.00,41.55,28.52,11.08,0.98,0.74,0.51,-9999.00,31.90,-9999.00,-9999.00,-9999,3.08,-9999,-9999,-9999,-9999,-9999,1.154
73885,-9999.00,42.57,25.94,11.14,0.23,0.45,1.38,-9999.00,28.77,-9999.00,-9999.00,-9999,3.09,-9999,-9999,-9999,-9999,-9999,1.152
73886,-9999.00,43.43,23.42,11.37,1.77,1.64,2.86,-9999.00,27.20,-9999.00,-9999.00,-9999,3.11,-9999,-9999,-9999,-9999,-9999,1.155
73887,-9999.00,43.21,23.69,13.93,2.06,1.31,1.65,-9999.00,27.17,-9999.00,-9999.00,-9999,3.11,-9999,-9999,-9999,-9999,-9999,1.152
73888,-9999.00,45.79,23.39,9.33,1.79,0.55,0.42,-9999.00,26.11,-9999.00,-9999.00,-9999,3.12,-9999,0.977,-9999.000,-9999.000,-9999,1.157
73889,-9999.00,46.09,24.12,11.30,1.58,1.36,0.11,-9999.00,27.74,-9999.00,-9999.00,-9999,3.11,-9999,-9999,-9999,-9999,-9999,1.152
73890,-9999.00,46.44,24.93,13.44,0.07,1.42,0.20,-9999.00,28.71,-9999.00,-9999.00,-9999,3.11,-9999,-9999,-9999,-9999,-9999,1.151
73891,-9999.00,45.05,25.22,14.41,0.24,1.14,1.84,-9999.00,28.75,-9999.00,-9999.00,-9999,3.10,-9999,-9999,-9999,-9999,-9999,1.150
73892,-9999.00,43.56,25.45,15.36,0.78,0.94,2.29,-9999.00,28.81,-9999.00,-9999.00,-9999,3.09,-9999,0.976,-9999.000,-9999.000,-9999,1.152
73893,-9999.00,42.60,25.34,14.01,-0.20,0.40,0.65,-9999.00,28.15,-9999.00,-9999.00,-9999,3.09,-9999,0.976,-9999.000,-9999.000,-9999,1.152
73894,-9999.00,41.59,25.19,12.66,0.46,1.08,-1.43,-9999.00,28.66,-9999.00,-9999.00,-9999,3.10,-9999,0.975,-9999.000,-9999.000,-9999,1.152
73895,-9999.00,38.69,23.85,10.94,2.30,1.98,-1.19,-9999.00,28.09,-9999.00,-9999.00,-9999,3.11,-9999,0.974,-9999.000,-9999.000,-9999,1.151
73896,-9999.00,35.84,22.51,9.30,2.07,1.53,1.90,-9999.00,26.18,-9999.00,-9999.00,-9999,3.12,-9999,0.974,-9999.000,-9999.000,-9999,1.156
73897,-9999.00,38.13,23.19,9.12,0.74,0.90,4.01,-9999.00,26.31,-9999.00,-9999.00,-9999,3.12,-9999,0.975,-9999.000,-9999.000,-9999,1.151
73898,-9999.00,40.46,23.88,8.94,0.12,0.55,2.65,-9999.00,26.73,-9999.00,-9999.00,-9999,3.12,-9999,0.976,-9999.000,-9999.000,-9999,1.153
73899,-9999.00,40.59,24.57,9.24,1.13,0.20,-0.10,-9999.00,27.15,-9999.00,-9999.00,-9999,3.09,-9999,-9999,-9999,-9999,-9999,1.151
73900,-9999.00,40.73,25.28,9.55,1.13,0.32,-0.57,-9999.00,28.06,-9999.00,-9999.00,-9999,3.08,-9999,0.976,-9999.000,-9999.000,-9999,1.152
73901,-9999.00,40.68,25.23,9.45,-0.44,0.32,-0.24,-9999.00,28.00,-9999.00,-9999.00,-9999,3.08,-9999,0.974,-9999.000,-9999.000,-9999,1.152
73902,-9999.00,43.11,22.84,8.89,0.27,0.63,0.17,-9999.00,25.67,-9999.00,-9999.00,-9999,3.09,-9999,0.975,-9999.000,-9999.000,-9999,1.152
73903,-9999.00,46.05,20.80,8.33,1.13,0.94,2.67,-9999.00,23.73,-9999.00,-9999.00,-9999,3.12,-9999,-9999,-9999,-9999,-9999,1.153
73904,-9999.00,44.12,21.07,8.00,0.66,0.94,2.88,-9999.00,23.99,-9999.00,-9999.00,-9999,3.12,-9999,-9999,-9999,-9999,-9999,1.155
73905,-9999.00,42.61,21.37,7.67,1.27,1.07,0.67,-9999.00,24.42,-9999.00,-9999.00,-9999,3.13,-9999,-9999,-9999,-9999,-9999,1.153
73906,-9999.00,38.90,21.09,8.54,2.21,0.87,0.51,-9999.00,23.91,-9999.00,-9999.00,-9999,3.15,-9999,-9999,-9999,-9999,-9999,1.152
73907,-9999.00,35.05,21.17,9.46,1.36,1.08,1.89,-9999.00,24.19,-9999.00,-9999.00,-9999,3.17,-9999,-9999,-9999,-9999,-9999,1.152
73908,-9999.00,34.21,21.29,9.93,0.59,1.76,1.48,-9999.00,25.02,-9999.00,-9999.00,-9999,3.21,-9999,-9999,-9999,-9999,-9999,1.152
73909,-9999.00,33.34,21.40,10.40,1.89,1.90,-0.65,-9999.00,25.29,-9999.00,-9999.00,-9999,3.24,-9999,0.975,-9999.000,-9999.000,-9999,1.154
73910,-9999.00,38.09,22.46,9.90,1.59,1.94,0.41,-9999.00,26.51,-9999.00,-9999.00,-9999,3.26,-9999,-9999,-9999,-9999,-9999,1.154
73911,-9999.00,42.78,23.51,9.52,0.07,1.23,1.49,-9999.00,26.97,-9999.00,-9999.00,-9999,3.27,-9999,-9999,-9999,-9999,-9999,1.152
73912,-9999.00,43.80,24.13,9.61,-0.02,-0.07,-0.37,-9999.00,26.37,-9999.00,-9999.00,-9999,3.26,-9999,-9999,-9999,-9999,-9999,1.151
73913,-9999.00,44.82,24.76,9.70,0.04,0.66,0.48,-9999.00,27.79,-9999.00,-9999.00,-9999,3.24,-9999,-9999,-9999,-9999,-9999,1.151
73914,-9999.00,37.44,23.96,13.09,1.11,1.72,2.14,-9999.00,27.98,-9999.00,-9999.00,-9999,3.23,-9999,-9999,-9999,-9999,-9999,1.150
73915,-9999.00,39.50,24.88,11.73,2.58,0.88,0.83,-9999.00,28.16,-9999.00,-9999.00,-9999,3.23,-9999,-9999,-9999,-9999,-9999,1.155
73916,-9999.00,41.56,25.75,10.48,1.90,0.72,0.79,-9999.00,28.99,-9999.00,-9999.00,-9999,3.23,-9999,-9999,-9999,-9999,-9999,1.152
73917,-9999.00,41.88,26.17,9.87,0.46,0.78,1.48,-9999.00,29.53,-9999.00,-9999.00,-9999,3.22,-9999,-9999,-9999,-9999,-9999,1.154
73918,-9999.00,42.20,26.58,9.26,0.32,0.43,1.43,-9999.00,29.63,-9999.00,-9999.00,-9999,3.23,-9999,-9999,-9999,-9999,-9999,1.151
73919,-9999.00,39.79,25.18,8.23,0.72,1.13,1.46,-9999.00,28.76,-9999.00,-9999.00,-9999,3.23,-9999,-9999,-9999,-9999,-9999,1.152
73920,-9999.00,37.38,23.87,7.21,1.47,2.04,0.55,-9999.00,28.18,-9999.00,-9999.00,-9999,3.23,-9999,0.974,-9999.000,-9999.000,-9999,1.153
73921,-9999.00,38.42,23.65,8.67,1.31,1.84,-0.02,-9999.00,27.72,-9999.00,-9999.00,-9999,3.22,-9999,0.974,-9999.000,-9999.000,-9999,1.154
73922,-9999.00,39.46,23.48,10.15,0.42,0.56,0.67,-9999.00,26.26,-9999.00,-9999.00,-9999,3.22,-9999,-9999,-9999,-9999,-9999,1.150
73923,-9999.00,38.54,21.63,9.25,0.86,-0.22,0.23,-9999.00,23.47,-9999.00,-9999.00,-9999,3.23,-9999,-9999,-9999,-9999,-9999,1.156
73924,-9999.00,37.61,19.82,8.37,0.29,0.02,-0.21,-9999.00,21.73,-9999.00,-9999.00,-9999,3.24,-9999,-9999,-9999,-9999,-9999,1.155
73925,-9999.00,41.79,20.85,9.98,-1.15,-0.40,0.21,-9999.00,22.46,-9999.00,-9999.00,-9999,3.25,-9999,-9999,-9999,-9999,-9999,1.153
73926,-9999.00,40.37,21.39,10.67,-0.68,-0.61,-0.59,-9999.00,22.85,-9999.00,-9999.00,-9999,3.24,-9999,-9999,-9999,-9999,-9999,1.152
73927,-9999.00,38.92,21.94,11.37,0.56,0.86,0.25,-9999.00,24.92,-9999.00,-9999.00,-9999,3.23,-9999,-9999,-9999,-9999,-9999,1.152
73928,-9999.00,38.92,21.87,10.92,1.42,2.09,2.20,-9999.00,26.04,-9999.00,-9999.00,-9999,3.22,-9999,-9999,-9999,-9999,-9999,1.152
73929,-9999.00,38.93,21.80,10.48,2.07,1.81,1.40,-9999.00,25.67,-9999.00,-9999.00,-9999,3.19,-9999,0.975,-9999.000,-9999.000,-9999,1.154
73930,-9999.00,40.04,21.62,9.66,2.69,0.93,0.68,-9999.00,24.60,-9999.00,-9999.00,-9999,3.20,-9999,-9999,-9999,-9999,-9999,1.154
73931,-9999.00,41.10,21.41,8.90,1.38,0.39,0.70,-9999.00,23.84,-9999.00,-9999.00,-9999,3.18,-9999,-9999,-9999,-9999,-9999,1.152
73932,-9999.00,40.86,21.75,10.79,-0.91,1.20,0.39,-9999.00,25.03,-9999.00,-9999.00,-9999,3.17,-9999,-9999,-9999,-9999,-9999,1.152
73933,-9999.00,37.37,19.21,6.62,0.43,1.79,1.97,-9999.00,22.83,-9999.00,-9999.00,-9999,3.17,-9999,-9999,-9999,-9999,-9999,1.155
73934,-9999.00,38.23,22.34,6.57,2.38,0.84,2.31,-9999.00,25.32,-9999.00,-9999.00,-9999,3.16,-9999,-9999,-9999,-9999,-9999,1.154
73935,-9999.00,38.91,25.48,6.52,2.39,0.92,0.50,-9999.00,28.85,-9999.00,-9999.00,-9999,3.14,-9999,-9999,-9999,-9999,-9999,1.152
73936,-9999.00,40.22,23.98,7.85,1.34,1.22,0.86,-9999.00,27.50,-9999.00,-9999.00,-9999,3.13,-9999,-9999,-9999,-9999,-9999,1.153
73937,-9999.00,41.40,22.59,9.18,-0.55,0.43,1.43,-9999.00,25.20,-9999.00,-9999.00,-9999,3.12,-9999,-9999,-9999,-9999,-9999,1.155
73938,-9999.00,39.61,21.38,9.29,0.40,0.60,0.83,-9999.00,24.03,-9999.00,-9999.00,-9999,3.09,-9999,0.974,-9999.000,-9999.000,-9999,1.152
73939,-9999.00,37.75,20.13,9.47,1.22,1.64,1.49,-9999.00,23.70,-9999.00,-9999.00,-9999,3.11,-9999,0.975,-9999.000,-9999.000,-9999,1.153
73940,-9999.00,37.71,20.41,10.82,0.51,1.17,1.73,-9999.00,23.53,-9999.00,-9999.00,-9999,3.12,-9999,-9999,-9999,-9999,-9999,1.149
73941,-9999.00,39.76,22.60,11.10,0.69,0.51,0.38,-9999.00,25.28,-9999.00,-9999.00,-9999,3.12,-9999,0.973,-9999.000,-9999.000,-9999,1.152
73942,-9999.00,41.79,24.80,11.40,1.10,1.28,-0.09,-9999.00,28.45,-9999.00,-9999.00,-9999,3.13,-9999,0.971,0.956,0.905,-9999,1.155
73943,-9999.00,38.91,25.20,9.66,1.95,1.34,1.08,-9999.00,28.94,-9999.00,-9999.00,-9999,3.13,-9999,0.970,0.956,0.905,-9999,1.156
73944,-9999.00,38.01,23.90,10.91,1.60,0.56,0.65,-9999.00,26.75,-9999.00,-9999.00,-9999,3.14,-9999,0.970,-9999.000,-9999.000,-9999,1.155
73945,-9999.00,37.11,22.55,12.36,0.32,-0.15,-0.63,-9999.00,24.57,-9999.00,-9999.00,-9999,3.15,-9999,0.972,-9999.000,-9999.000,-9999,1.151
73946,-9999.00,36.63,21.43,12.93,-0.18,0.20,0.94,-9999.00,23.68,-9999.00,-9999.00,-9999,3.12,-9999,0.972,-9999.000,-9999.000,-9999,1.156
73947,-9999.00,35.71,21.92,10.82,0.06,1.14,1.12,-9999.00,25.13,-9999.00,-9999.00,-9999,3.11,-9999,0.972,0.956,-9999.000,-9999,1.152
73948,-9999.00,34.72,22.32,8.86,1.80,0.85,0.84,-9999.00,25.28,-9999.00,-9999.00,-9999,3.11,-9999,0.970,0.957,-9999.000,-9999,1.152
73949,-9999.00,35.07,21.89,8.76,2.51,0.86,0.57,-9999.00,24.81,-9999.00,-9999.00,-9999,3.10,-9999,0.968,0.957,-9999.000,-9999,1.150
73950,-9999.00,35.41,21.45,8.65,-0.01,1.55,-0.29,-9999.00,25.03,-9999.00,-9999.00,-9999,3.07,-9999,0.971,0.956,-9999.000,-9999,1.155
