NASA Intern/Datasets/LARGE/SASA-LARGE-MICROPHYSICAL_P3B_20220712_RA_L1.ict
56,1001
Richard Moore, Luke Ziemba, Edward Winstead, Michael Shook, Claire Robinson, John Barrick, Bruce Anderson, and Ali Omar
NASA Langley
In-situ microphysical aerosol measurements from the NASA P3B
NASA SASA
1,1
2022,07,12,2022,07,13
1.0
Time_Mid,Secs after midnight,Time of acquisition
9
1,1,1,1,1,1,1,1,1
-9999,-9999,-9999,-9999,-9999,-9999,-9999,-9999,-9999
CNgt3nm, #/cm3, AerMP_NumConc_InSitu_RHd_None_Bulk_STP, Number concentration of particles with diameters greater than 3nm
CNgt10nm, #/cm3, AerMP_NumConc_InSitu_RHd_None_Bulk_STP, Number concentration of particles with diameters greater than 10nm
IntegN_100to1000nm_UHSAS, #/cm3, Number concentration of particles with diameters between 100 and 1000nm (inclusive) as measured by the UHSAS
IntegS_100to1000nm_UHSAS, um2/cm3, Surface area concentration of particles with diameters between 100 and 1000nm (inclusive) as measured by the UHSAS
IntegV_100to1000nm_UHSAS, um3/cm3, Volume concentration of particles with diameters between 100 and 1000nm (inclusive) as measured by the UHSAS
IntegN_gt1000nm_APS, #/cm3, Number concentration of particles with diameters greater than 1000nm as measured by the APS
IntegS_gt1000nm_APS, um2/cm3, Surface area concentration of particles with diameters greater 1000nm as measured by the APS
IntegV_gt1000nm_APS, um3/cm3, Volume concentration of particles with diameters greater than 1000nm as measured by the APS
stdPT, unitless, None, Conversion factor to convert between ambient and standard pressure and temperature conditions
0
33
******************************************************************************************************************
Langley Aerosol data from the 2022 SASA field campaign
 
PI_CONTACT_INFO: richard.h.moore@nasa.gov
PLATFORM: NASA P3B aircraft
LOCATION: Latitude, Longitude, and Altitude included in MetNav files
ASSOCIATED_DATA: None
INSTRUMENT_INFO: Flagged data are due to missing data or to instrument issues.
CN statistics: TSI Condensation Particle Counters
	- CNgt3nm is measured with a TSI CPC-3776
	- CNgt10nm is measured with a TSI CPC-3772
	- The CPC-3772 data are corrected for coincidence errors when the aerosol concentrations exceed 10,000 cm-3
	- Due to flow irregularities and response times differences, there will be times where CNgt10nm > CNgt3nm
UHSAS statistics: Optical Size Distribution Data from the DMT Ultra-High Sensitivity Aerosol Spectrometer (UHSAS)
   - Data are processed with respect to mid-point polystyrene-latex-equivalent optical diameters and are rebinned to a standard binning scheme
APS statistics: Aerodynamic Size Distribution Data From the TSI Aerodynamic Particle Sizer (APS), Model 3321
   - Data are processed with respect to mid-point polystyrene-latex-equivalent aerodynamic diameters (assuming spherical particles with a density of 1 g/cm3) and are rebinned to a standard binning scheme
DATA_INFO: Aerosol measurements are reported at standard temperature and pressure (0 deg C, 1013 mb)
   - Concentrations can be converted back to ambient conditions by dividing by the stdPT conversion factor
   - Integrated surface areas and volumes are calculated by assuming spherical particles
UNCERTAINTY: CPC data is 10%, UHSAS is 20%, APS is 20%
ULOD_FLAG: -7777
ULOD_VALUE: N/A
LLOD_FLAG: -8888
LLOD_VALUE: N/A
DM_CONTACT_INFO: Michael Shook (michael.shook@nasa.gov)
PROJECT_INFO: SARP 2022
STIPULATIONS_ON_USE: This is FIELD data. Please consult the PI and/or DM prior to use.
OTHER_COMMENTS: none
REVISION: RA
RA: None
******************************************************************************************************************
Time_Mid,CNgt3nm,CNgt10nm,IntegN_100to1000nm_UHSAS,IntegS_100to1000nm_UHSAS,IntegV_100to1000nm_UHSAS,IntegN_gt1000nm_APS,IntegS_gt1000nm_APS,IntegV_gt1000nm_APS,stdPT
[from data line 4331]
53671,3072.62,2819.58,504.61,59.71,2.36,-9999.00,-9999.00,-9999.00,1.235
53672,2894.65,2894.65,639.30,72.64,2.79,-9999.00,-9999.00,-9999.00,1.235
53673,2750.55,2786.74,590.86,65.87,2.51,-9999.00,-9999.00,-9999.00,1.237
53674,2814.34,2741.87,612.13,67.42,2.51,-9999.00,-9999.00,-9999.00,1.238
53675,2795.09,2746.69,568.16,61.30,2.24,-9999.00,-9999.00,-9999.00,1.239
53676,3014.98,2784.93,561.92,58.83,2.14,-9999.00,-9999.00,-9999.00,1.239
53677,3112.16,2857.86,574.85,60.39,2.21,-9999.00,-9999.00,-9999.00,1.240
53678,3237.29,2982.67,579.33,66.69,2.54,-9999.00,-9999.00,-9999.00,1.239
53679,3495.78,3034.53,566.09,60.86,2.21,-9999.00,-9999.00,-9999.00,1.246
53680,3340.92,3158.69,559.98,58.98,2.19,-9999.00,-9999.00,-9999.00,1.242
53681,3427.23,3147.71,533.51,61.72,2.56,-9999.00,-9999.00,-9999.00,1.243
53682,3415.16,3220.70,522.06,58.30,2.20,-9999.00,-9999.00,-9999.00,1.242
53683,3524.91,3221.04,602.02,63.35,2.31,-9999.00,-9999.00,-9999.00,1.247
53684,3756.70,3367.66,619.41,71.54,2.76,-9999.00,-9999.00,-9999.00,1.245
53685,3917.92,3589.40,632.59,69.51,2.68,-9999.00,-9999.00,-9999.00,1.247
53686,3906.24,3675.03,578.65,60.80,2.23,-9999.00,-9999.00,-9999.00,1.248
53687,4069.14,3679.29,609.97,65.38,2.39,-9999.00,-9999.00,-9999.00,1.247
53688,3999.86,3707.19,570.71,61.87,2.39,-9999.00,-9999.00,-9999.00,1.251
53689,4115.16,3712.19,545.71,62.02,2.38,-9999.00,-9999.00,-9999.00,1.249
53690,4213.98,3676.54,562.69,63.27,2.40,-9999.00,-9999.00,-9999.00,1.247
53691,4168.89,3643.19,537.75,55.18,1.95,-9999.00,-9999.00,-9999.00,1.251
53692,3975.91,3559.97,496.19,53.48,2.01,-9999.00,-9999.00,-9999.00,1.253
53693,4015.64,3452.47,609.11,71.45,2.84,-9999.00,-9999.00,-9999.00,1.253
53694,4055.44,3491.84,585.33,62.19,2.28,-9999.00,-9999.00,-9999.00,1.253
53695,4031.67,3467.97,606.10,73.66,2.90,-9999.00,-9999.00,-9999.00,1.253
53696,4010.94,3409.91,585.26,70.69,2.86,-9999.00,-9999.00,-9999.00,1.253
53697,3964.88,3387.95,648.12,78.82,3.15,-9999.00,-9999.00,-9999.00,1.255
53698,3756.06,3375.54,708.71,86.90,3.43,-9999.00,-9999.00,-9999.00,1.258
53699,3732.86,3339.93,-9999.00,-9999.00,-9999.00,-9999.00,-9999.00,-9999.00,1.255
53700,3452.28,3329.43,774.90,93.00,3.64,-9999.00,-9999.00,-9999.00,1.258
53701,3283.12,3246.23,770.70,102.04,4.42,-9999.00,-9999.00,-9999.00,1.257
53702,3100.06,3087.76,817.46,98.31,3.97,-9999.00,-9999.00,-9999.00,1.259
53703,2855.98,2929.84,766.77,96.44,4.04,-9999.00,-9999.00,-9999.00,1.260
53704,2562.43,2685.62,758.16,95.62,3.86,-9999.00,-9999.00,-9999.00,1.256
53705,2268.15,2440.73,796.83,94.89,3.64,-9999.00,-9999.00,-9999.00,1.260
53706,2109.86,2233.25,850.37,102.24,4.06,-9999.00,-9999.00,-9999.00,1.264
53707,2038.02,1902.15,836.86,103.99,4.13,-9999.00,-9999.00,-9999.00,1.262
53708,2014.36,1816.63,788.12,99.59,4.15,-9999.00,-9999.00,-9999.00,1.263
53709,-9999.00,-9999.00,832.48,109.21,4.56,-9999.00,-9999.00,-9999.00,1.269
53710,2586.00,1880.72,822.27,105.91,4.28,-9999.00,-9999.00,-9999.00,1.263
53711,2365.01,2179.28,919.19,111.04,4.31,-9999.00,-9999.00,-9999.00,1.265
53712,2416.28,2205.63,890.22,111.93,4.57,-9999.00,-9999.00,-9999.00,1.266
53713,2455.03,2157.45,772.74,97.56,3.91,-9999.00,-9999.00,-9999.00,1.265
53714,2456.25,2232.95,797.47,99.04,4.19,-9999.00,-9999.00,-9999.00,1.269
53715,2706.28,2259.37,893.08,113.37,4.70,-9999.00,-9999.00,-9999.00,1.265
53716,2619.63,2321.66,845.26,107.81,4.48,-9999.00,-9999.00,-9999.00,1.272
53717,2448.13,2435.70,860.36,106.01,4.23,-9999.00,-9999.00,-9999.00,1.270
53718,2288.93,2301.37,902.56,106.75,4.16,-9999.00,-9999.00,-9999.00,1.272
53719,2093.66,2205.82,833.66,101.86,4.01,-9999.00,-9999.00,-9999.00,1.276
53720,1860.43,2010.26,762.65,93.17,3.72,-9999.00,-9999.00,-9999.00,1.273
53721,1714.04,1726.55,668.51,74.69,2.80,-9999.00,-9999.00,-9999.00,1.275
53722,1703.99,1603.76,602.33,75.57,3.04,-9999.00,-9999.00,-9999.00,1.275
53723,1693.13,1555.17,621.84,81.77,3.52,-9999.00,-9999.00,-9999.00,1.272
53724,1832.13,1530.96,726.72,89.31,3.54,-9999.00,-9999.00,-9999.00,1.273
53725,1907.66,1518.59,719.78,86.62,3.50,-9999.00,-9999.00,-9999.00,1.275
53726,1820.49,1519.17,727.00,86.61,3.34,-9999.00,-9999.00,-9999.00,1.279
53727,1645.56,1519.95,753.11,87.04,3.33,-9999.00,-9999.00,-9999.00,1.280
53728,1861.20,1534.23,698.82,87.15,3.47,-9999.00,-9999.00,-9999.00,1.277
53729,1712.79,1511.28,660.61,76.59,2.94,-9999.00,-9999.00,-9999.00,1.278
53730,1701.62,1525.16,653.55,76.19,2.98,-9999.00,-9999.00,-9999.00,1.278
53731,1777.88,1513.09,688.73,80.63,3.15,-9999.00,-9999.00,-9999.00,1.279
53732,1715.36,1538.78,670.52,80.88,3.35,-9999.00,-9999.00,-9999.00,1.279
53733,1641.37,1515.11,688.36,78.76,3.05,-9999.00,-9999.00,-9999.00,1.284
53734,1793.19,1502.75,685.08,83.70,3.28,-9999.00,-9999.00,-9999.00,1.281
53735,1667.38,1515.80,699.60,79.12,2.99,-9999.00,-9999.00,-9999.00,1.281
53736,1756.38,1528.94,689.52,76.30,2.81,-9999.00,-9999.00,-9999.00,1.283
53737,1744.15,1516.66,652.98,73.84,2.80,-9999.00,-9999.00,-9999.00,1.285
53738,1695.30,1530.83,720.83,81.38,3.06,-9999.00,-9999.00,-9999.00,1.284
53739,1658.19,1518.95,722.31,81.08,3.08,-9999.00,-9999.00,-9999.00,1.283
53740,1683.63,1531.73,657.77,76.89,2.99,-9999.00,-9999.00,-9999.00,1.285
53741,1696.89,1506.94,620.17,68.34,2.52,-9999.00,-9999.00,-9999.00,1.286
53742,1634.86,1495.45,621.62,68.64,2.67,-9999.00,-9999.00,-9999.00,1.282
53743,1559.56,1508.84,673.37,73.53,2.71,-9999.00,-9999.00,-9999.00,1.289
53744,1547.04,1508.99,650.81,70.52,2.59,-9999.00,-9999.00,-9999.00,1.290
53745,1598.95,1484.74,626.67,68.89,2.53,-9999.00,-9999.00,-9999.00,1.290
53746,1574.39,1447.43,616.89,69.32,2.68,-9999.00,-9999.00,-9999.00,1.289
53747,1689.29,1460.66,593.65,67.91,2.63,-9999.00,-9999.00,-9999.00,1.288
53748,1703.06,1487.00,624.85,66.78,2.43,-9999.00,-9999.00,-9999.00,1.291
53749,1754.72,1474.98,563.67,63.24,2.51,-9999.00,-9999.00,-9999.00,1.289
53750,1628.63,1526.84,562.41,57.52,2.02,-9999.00,-9999.00,-9999.00,1.292
53751,1693.22,1527.72,573.06,63.87,2.38,-9999.00,-9999.00,-9999.00,1.292
53752,1618.56,1516.61,612.72,66.80,2.50,-9999.00,-9999.00,-9999.00,1.291
53753,1709.28,1530.70,550.21,57.78,2.14,-9999.00,-9999.00,-9999.00,1.293
53754,1735.13,1582.03,595.35,66.28,2.59,-9999.00,-9999.00,-9999.00,1.293
53755,1773.99,1595.32,557.69,59.85,2.22,-9999.00,-9999.00,-9999.00,1.292
53756,1890.06,1647.41,578.92,60.37,2.15,-9999.00,-9999.00,-9999.00,1.296
53757,1967.87,1712.31,621.41,69.25,2.64,-9999.00,-9999.00,-9999.00,1.297
53758,2095.68,1789.00,556.12,63.40,2.43,-9999.00,-9999.00,-9999.00,1.296
53759,2083.66,1891.91,586.99,59.17,2.05,-9999.00,-9999.00,-9999.00,1.296
53760,2059.63,1867.74,538.33,60.54,2.39,-9999.00,-9999.00,-9999.00,1.295
53761,2163.10,1894.31,581.30,58.93,2.04,-9999.00,-9999.00,-9999.00,1.301
53762,2060.38,1881.22,558.41,59.50,2.13,-9999.00,-9999.00,-9999.00,1.300
53763,2125.57,1869.48,579.90,62.95,2.33,-9999.00,-9999.00,-9999.00,1.300
53764,2048.61,1907.77,588.81,58.34,2.04,-9999.00,-9999.00,-9999.00,1.300
53765,2023.44,1908.18,555.49,58.60,2.10,-9999.00,-9999.00,-9999.00,1.303
53766,2179.38,1897.34,536.14,56.23,2.01,-9999.00,-9999.00,-9999.00,1.304
53767,2102.67,1884.71,566.35,56.83,1.98,-9999.00,-9999.00,-9999.00,1.303
53768,2116.41,1872.70,606.47,63.89,2.30,-9999.00,-9999.00,-9999.00,1.302
53769,2015.48,1810.08,556.09,56.54,1.97,-9999.00,-9999.00,-9999.00,1.308
53770,1939.53,1759.71,580.69,58.86,2.07,-9999.00,-9999.00,-9999.00,1.310
53771,1875.97,1708.94,582.29,60.64,2.16,-9999.00,-9999.00,-9999.00,1.309
53772,1838.02,1619.51,560.69,57.53,2.02,-9999.00,-9999.00,-9999.00,1.308
53773,1941.68,1633.07,573.83,57.79,2.02,-9999.00,-9999.00,-9999.00,1.308
53774,1904.44,1582.74,536.17,55.51,1.97,-9999.00,-9999.00,-9999.00,1.310
53775,1879.79,1622.29,505.22,54.94,2.11,-9999.00,-9999.00,-9999.00,1.309
53776,1906.48,1610.20,534.19,57.96,2.12,-9999.00,-9999.00,-9999.00,1.309
53777,2011.96,1637.95,521.62,55.67,2.01,-9999.00,-9999.00,-9999.00,1.311
53778,1871.69,1587.71,511.80,53.86,1.93,-9999.00,-9999.00,-9999.00,1.310
53779,1923.48,1626.56,509.57,52.05,1.81,-9999.00,-9999.00,-9999.00,1.311
53780,1806.71,1600.23,556.09,57.78,2.10,-9999.00,-9999.00,-9999.00,1.314
53781,1910.06,1626.14,547.29,57.50,2.30,-9999.00,-9999.00,-9999.00,1.315
53782,1793.82,1613.15,544.98,56.06,1.98,-9999.00,-9999.00,-9999.00,1.316
53783,1614.11,1549.54,592.66,62.88,2.25,-9999.00,-9999.00,-9999.00,1.319
53784,1538.35,1422.01,517.78,51.81,1.79,-9999.00,-9999.00,-9999.00,1.315
53785,1604.12,1306.58,480.25,48.83,1.72,-9999.00,-9999.00,-9999.00,1.318
53786,1631.08,1275.09,413.77,40.40,1.41,-9999.00,-9999.00,-9999.00,1.316
53787,1605.47,1270.14,496.53,51.35,1.92,-9999.00,-9999.00,-9999.00,1.316
53788,1696.77,1278.41,487.09,51.68,1.86,-9999.00,-9999.00,-9999.00,1.318
53789,1619.14,1281.06,470.12,51.74,1.93,-9999.00,-9999.00,-9999.00,1.317
53790,1555.41,1288.40,466.64,47.61,1.67,-9999.00,-9999.00,-9999.00,1.322
53791,1569.42,1294.45,476.16,49.11,1.76,-9999.00,-9999.00,-9999.00,1.320
53792,1466.21,1276.77,446.84,43.28,1.47,-9999.00,-9999.00,-9999.00,1.323
53793,1622.50,1281.12,478.43,52.87,2.02,-9999.00,-9999.00,-9999.00,1.321
53794,1493.46,1311.65,454.99,45.12,1.62,-9999.00,-9999.00,-9999.00,1.323
53795,1494.14,1312.25,464.39,46.76,1.65,-9999.00,-9999.00,-9999.00,1.323
53796,1352.17,1326.17,439.20,41.71,1.39,-9999.00,-9999.00,-9999.00,1.324
53797,1547.74,1339.64,409.72,44.21,1.89,-9999.00,-9999.00,-9999.00,1.325
53798,1639.30,1366.09,367.97,37.22,1.31,-9999.00,-9999.00,-9999.00,1.327
53799,1613.98,1379.70,400.25,39.74,1.40,-9999.00,-9999.00,-9999.00,1.326
53800,1654.54,1420.04,388.94,37.34,1.32,-9999.00,-9999.00,-9999.00,1.329
53801,1576.78,1407.38,388.92,40.30,1.62,-9999.00,-9999.00,-9999.00,1.326
53802,1589.58,1420.20,374.43,38.69,1.42,-9999.00,-9999.00,-9999.00,1.325
53803,1759.08,1407.26,373.59,37.16,1.33,-9999.00,-9999.00,-9999.00,1.329
53804,1773.08,1447.14,345.89,35.60,1.32,-9999.00,-9999.00,-9999.00,1.334
53805,1801.06,1422.57,345.38,35.50,1.39,-9999.00,-9999.00,-9999.00,1.333
53806,1921.65,1477.19,330.28,32.02,1.18,-9999.00,-9999.00,-9999.00,1.331
53807,1950.51,1518.52,302.67,29.46,0.99,-9999.00,-9999.00,-9999.00,1.332
53808,1834.44,1546.17,312.55,30.79,1.10,-9999.00,-9999.00,-9999.00,1.334
53809,1874.75,1573.21,302.65,28.90,0.99,-9999.00,-9999.00,-9999.00,1.333
53810,1954.48,1547.84,344.84,32.79,1.11,-9999.00,-9999.00,-9999.00,1.334
53811,1954.66,1574.22,296.88,28.68,1.03,-9999.00,-9999.00,-9999.00,1.338
53812,1943.19,1588.69,332.41,32.16,1.09,-9999.00,-9999.00,-9999.00,1.335
53813,1891.81,1589.64,304.48,29.03,1.00,-9999.00,-9999.00,-9999.00,1.337
53814,2038.47,1591.32,271.36,24.35,0.80,-9999.00,-9999.00,-9999.00,1.342
53815,2119.50,1619.25,319.58,29.69,0.98,-9999.00,-9999.00,-9999.00,1.338
53816,2134.43,1607.41,318.66,31.94,1.14,-9999.00,-9999.00,-9999.00,1.340
53817,2200.37,1633.81,288.42,28.05,0.96,-9999.00,-9999.00,-9999.00,1.340
53818,2292.94,1647.23,327.93,30.12,0.98,-9999.00,-9999.00,-9999.00,1.344
53819,2440.83,1701.98,319.82,30.24,1.02,-9999.00,-9999.00,-9999.00,1.341
53820,2442.92,1756.26,321.99,32.95,1.22,-9999.00,-9999.00,-9999.00,1.339
53821,3490.47,1771.68,335.30,30.49,1.00,-9999.00,-9999.00,-9999.00,1.343
53822,6232.24,2236.20,265.82,25.28,0.84,-9999.00,-9999.00,-9999.00,1.347
53823,3520.93,3494.46,325.20,29.93,1.00,-9999.00,-9999.00,-9999.00,1.342
53824,3838.18,3189.66,315.12,30.40,1.04,-9999.00,-9999.00,-9999.00,1.345
53825,4963.82,2329.69,298.21,29.10,1.01,-9999.00,-9999.00,-9999.00,1.350
53826,3165.22,3681.72,364.58,35.66,1.27,-9999.00,-9999.00,-9999.00,1.346
53827,2360.75,2320.96,338.27,33.95,1.20,-9999.00,-9999.00,-9999.00,1.347
53828,2322.48,2189.77,373.21,34.66,1.15,-9999.00,-9999.00,-9999.00,1.349
53829,2271.49,1886.27,339.20,33.07,1.13,-9999.00,-9999.00,-9999.00,1.350
53830,2497.92,1926.59,352.81,31.10,1.01,-9999.00,-9999.00,-9999.00,1.349
53831,2606.44,2034.62,337.21,32.26,1.10,-9999.00,-9999.00,-9999.00,1.352
53832,2472.48,2047.11,358.18,33.21,1.23,-9999.00,-9999.00,-9999.00,1.348
53833,2473.57,2074.61,348.31,34.69,1.34,-9999.00,-9999.00,-9999.00,1.351
53834,2422.92,2103.42,374.90,34.08,1.11,-9999.00,-9999.00,-9999.00,1.354
53835,2316.16,2049.94,337.47,33.26,1.16,-9999.00,-9999.00,-9999.00,1.353
53836,2411.16,2078.13,357.54,35.15,1.34,-9999.00,-9999.00,-9999.00,1.354
53837,2492.84,2052.93,358.82,33.50,1.11,-9999.00,-9999.00,-9999.00,1.355
53838,2293.96,2053.90,390.37,37.14,1.24,-9999.00,-9999.00,-9999.00,1.354
53839,2347.21,2067.15,335.59,33.90,1.19,-9999.00,-9999.00,-9999.00,1.356
53840,2403.01,2042.56,386.15,39.45,1.43,-9999.00,-9999.00,-9999.00,1.357
53841,2431.11,2030.38,326.35,34.89,1.46,-9999.00,-9999.00,-9999.00,1.357
53842,2474.14,2019.44,373.82,34.24,1.12,-9999.00,-9999.00,-9999.00,1.357
53843,2380.41,2032.71,358.39,38.53,1.52,-9999.00,-9999.00,-9999.00,1.356
53844,2422.37,2047.64,342.13,30.65,1.02,-9999.00,-9999.00,-9999.00,1.359
53845,2476.32,2047.99,388.17,38.85,1.36,-9999.00,-9999.00,-9999.00,1.357
53846,2438.12,2036.23,378.42,35.26,1.19,-9999.00,-9999.00,-9999.00,1.359
53847,2290.44,2035.94,372.66,42.09,2.07,-9999.00,-9999.00,-9999.00,1.360
53848,2427.04,2051.59,394.12,36.02,1.18,-9999.00,-9999.00,-9999.00,1.360
53849,2335.18,2053.35,442.03,41.73,1.42,-9999.00,-9999.00,-9999.00,1.360
53850,2402.81,2040.38,389.34,38.60,1.35,-9999.00,-9999.00,-9999.00,1.362
53851,2284.17,2028.88,392.65,41.95,1.58,-9999.00,-9999.00,-9999.00,1.362
53852,2365.93,2029.86,434.57,40.49,1.42,-9999.00,-9999.00,-9999.00,1.359
53853,2300.02,2017.56,381.59,36.41,1.23,-9999.00,-9999.00,-9999.00,1.362
53854,2570.74,2005.45,397.19,39.29,1.42,-9999.00,-9999.00,-9999.00,1.366
53855,2434.88,2017.85,384.37,37.22,1.34,-9999.00,-9999.00,-9999.00,1.364
53856,2531.02,2032.89,462.31,44.29,1.50,-9999.00,-9999.00,-9999.00,1.367
53857,2290.02,2034.07,450.15,42.73,1.51,-9999.00,-9999.00,-9999.00,1.372
53858,2321.15,2024.26,443.80,41.23,1.36,-9999.00,-9999.00,-9999.00,1.365
53859,2366.23,2028.20,393.35,38.52,1.34,-9999.00,-9999.00,-9999.00,1.367
53860,2286.23,2015.67,384.48,40.49,1.75,-9999.00,-9999.00,-9999.00,1.372
53861,2355.46,2003.50,450.04,42.30,1.40,-9999.00,-9999.00,-9999.00,1.370
53862,2330.75,2005.53,380.73,37.60,1.33,-9999.00,-9999.00,-9999.00,1.371
53863,2386.25,1993.06,391.90,38.23,1.34,-9999.00,-9999.00,-9999.00,1.373
53864,2251.32,2034.32,400.00,40.19,1.42,-9999.00,-9999.00,-9999.00,1.371
53865,2347.21,1994.45,409.52,39.81,1.37,-9999.00,-9999.00,-9999.00,1.372
53866,2295.76,1996.91,450.96,45.86,1.68,-9999.00,-9999.00,-9999.00,1.372
53867,2406.37,1984.92,405.30,37.97,1.29,-9999.00,-9999.00,-9999.00,1.375
53868,2378.63,1998.05,372.92,38.13,1.41,-9999.00,-9999.00,-9999.00,1.371
53869,2189.59,1999.19,433.09,43.23,1.60,-9999.00,-9999.00,-9999.00,1.375
53870,2355.70,2015.28,429.28,43.51,1.63,-9999.00,-9999.00,-9999.00,1.374
53871,2276.26,1990.02,382.63,36.91,1.36,-9999.00,-9999.00,-9999.00,1.378
53872,2385.08,2030.72,407.39,39.40,1.34,-9999.00,-9999.00,-9999.00,1.377
53873,2319.35,1978.27,438.83,40.67,1.35,-9999.00,-9999.00,-9999.00,1.377
53874,2185.28,2007.73,443.33,43.03,1.54,-9999.00,-9999.00,-9999.00,1.377
53875,2227.19,1994.91,406.01,39.45,1.38,-9999.00,-9999.00,-9999.00,1.379
53876,2324.10,1995.99,442.39,40.46,1.37,-9999.00,-9999.00,-9999.00,1.379
53877,2228.30,1995.90,425.47,40.55,1.37,-9999.00,-9999.00,-9999.00,1.379
53878,2189.13,2024.95,401.02,39.61,1.37,-9999.00,-9999.00,-9999.00,1.383
53879,2313.31,1984.79,449.18,41.48,1.42,-9999.00,-9999.00,-9999.00,1.381
53880,2329.67,1987.07,441.82,42.32,1.45,-9999.00,-9999.00,-9999.00,1.383
53881,2261.96,2001.49,410.05,39.31,1.35,-9999.00,-9999.00,-9999.00,1.382
53882,2414.98,1975.89,417.25,42.58,1.53,-9999.00,-9999.00,-9999.00,1.385
53883,2444.12,1963.54,400.02,38.52,1.34,-9999.00,-9999.00,-9999.00,1.385
53884,2349.11,1950.72,412.43,39.65,1.39,-9999.00,-9999.00,-9999.00,1.387
53885,2364.83,1979.86,442.05,41.80,1.43,-9999.00,-9999.00,-9999.00,1.385
53886,2242.28,1967.15,466.47,43.72,1.49,-9999.00,-9999.00,-9999.00,1.386
53887,2326.71,1941.22,409.24,38.36,1.31,-9999.00,-9999.00,-9999.00,1.387
53888,2328.73,1956.68,448.76,44.53,1.57,-9999.00,-9999.00,-9999.00,1.388
