NASA Intern/Datasets/LARGE/SASA-LARGE-UHSAS_P3B_20220706_RA.ict
70, 1001
Richard Moore, Luke Ziemba, Edward Winstead, Michael Shook, Claire Robinson, John Barrick, Bruce Anderson, and Ali Omar
NASA Langley
In-situ Submicron  Particle Size Distributions from the DMT UHSAS on the NASA P3B
NASA SASA
1,1
2022,07,06,2022,07,7
1.0
Start_UTC,Secs after midnight,Time of acquisition
29
1,1,1,1,1,1,1,1,1,1,1,1,1,1,1,1,1,1,1,1,1,1,1,1,1,1,1,1,1
-9999,-9999,-9999,-9999,-9999,-9999,-9999,-9999,-9999,-9999,-9999,-9999,-9999,-9999,-9999,-9999,-9999,-9999,-9999,-9999,-9999,-9999,-9999,-9999,-9999,-9999,-9999,-9999,-9999
nUHSAS_PSL, #/cm3, integrated UHSAS Dry Aerosol Number Concentration (PSL optical diameter)
sUHSAS_PSL, um2/cm3, integrated UHSAS Dry Aerosol Surface Area Concentration (PSL optical diameter)
vUHSAS_PSL, um3/cm3, integrated UHSAS Dry Aerosol Volume Concentration (PSL optical diameter)
UHSAS_Bin01, #/cm3, Binned UHSAS Dry Aerosol Number Size Distribution (dNdlogD, PSL optical diameter) at bin center 63 nm
UHSAS_Bin02, #/cm3, Binned UHSAS Dry Aerosol Number Size Distribution (dNdlogD, PSL optical diameter) at bin center 71 nm
UHSAS_Bin03, #/cm3, Binned UHSAS Dry Aerosol Number Size Distribution (dNdlogD, PSL optical diameter) at bin center 79 nm
UHSAS_Bin04, #/cm3, Binned UHSAS Dry Aerosol Number Size Distribution (dNdlogD, PSL optical diameter) at bin center 89 nm
UHSAS_Bin05, #/cm3, Binned UHSAS Dry Aerosol Number Size Distribution (dNdlogD, PSL optical diameter) at bin center 100 nm
UHSAS_Bin06, #/cm3, Binned UHSAS Dry Aerosol Number Size Distribution (dNdlogD, PSL optical diameter) at bin center 112 nm
UHSAS_Bin07, #/cm3, Binned UHSAS Dry Aerosol Number Size Distribution (dNdlogD, PSL optical diameter) at bin center 126 nm
UHSAS_Bin08, #/cm3, Binned UHSAS Dry Aerosol Number Size Distribution (dNdlogD, PSL optical diameter) at bin center 141 nm
UHSAS_Bin09, #/cm3, Binned UHSAS Dry Aerosol Number Size Distribution (dNdlogD, PSL optical diameter) at bin center 158 nm
UHSAS_Bin10, #/cm3, Binned UHSAS Dry Aerosol Number Size Distribution (dNdlogD, PSL optical diameter) at bin center 178 nm
UHSAS_Bin11, #/cm3, Binned UHSAS Dry Aerosol Number Size Distribution (dNdlogD, PSL optical diameter) at bin center 200 nm
UHSAS_Bin12, #/cm3, Binned UHSAS Dry Aerosol Number Size Distribution (dNdlogD, PSL optical diameter) at bin center 224 nm
UHSAS_Bin13, #/cm3, Binned UHSAS Dry Aerosol Number Size Distribution (dNdlogD, PSL optical diameter) at bin center 251 nm
UHSAS_Bin14, #/cm3, Binned UHSAS Dry Aerosol Number Size Distribution (dNdlogD, PSL optical diameter) at bin center 282 nm
UHSAS_Bin15, #/cm3, Binned UHSAS Dry Aerosol Number Size Distribution (dNdlogD, PSL optical diameter) at bin center 316 nm
UHSAS_Bin16, #/cm3, Binned UHSAS Dry Aerosol Number Size Distribution (dNdlogD, PSL optical diameter) at bin center 355 nm
UHSAS_Bin17, #/cm3, Binned UHSAS Dry Aerosol Number Size Distribution (dNdlogD, PSL optical diameter) at bin center 398 nm
UHSAS_Bin18, #/cm3, Binned UHSAS Dry Aerosol Number Size Distribution (dNdlogD, PSL optical diameter) at bin center 447 nm
UHSAS_Bin19, #/cm3, Binned UHSAS Dry Aerosol Number Size Distribution (dNdlogD, PSL optical diameter) at bin center 501 nm
UHSAS_Bin20, #/cm3, Binned UHSAS Dry Aerosol Number Size Distribution (dNdlogD, PSL optical diameter) at bin center 562 nm
[...]
INSTRUMENT_INFO: Size Distribution Data From the DMT Ultra-High Sensitivity Aerosol Spectrometer (UHSAS)
DATA_INFO: UHSAS measurements are reported at standard temperature and pressure (0 deg C, 1013 mb)
  - Flagged data are due to missing data or instrument issues
  - Concentrations can be converted back to ambient conditions by dividing by the stdPT conversion factor
  - Integrated surface areas and volumes are calculated by assuming spherical particles
UNCERTAINTY: all data are 20%
ULOD_FLAG: -7777
ULOD_VALUE: N/A
LLOD_FLAG: -8888
LLOD_VALUE: N/A
DM_CONTACT_INFO: Michael Shook (michael.shook@nasa.gov)
PROJECT_INFO: SASA 2022
STIPULATIONS_ON_USE: STIPULATIONS_ON_USE: This is FIELD data. Please consult the PI and/or DM prior to use.
OTHER_COMMENTS: Data are processed with respect to mid-point polystyrene-latex-equivalent optical diameters and are rebinned to a 20 channels per decade standard binning scheme (dlogD = 0.05)
OTHER_COMMENTS: Mid-point diameters (in nm) are:
        63.1, 70.8, 79.4, 89.1, 100.0, 112.2, 125.9, 141.3, 158.5, 177.8, 199.5, 223.9, 251.2, 281.8, 316.2, 354.8, 398.1, 446.7, 501.2, 562.3, 631.0, 707.9, 794.3, 891.3, 1000.0
REVISION: RA
RA: None
*******************************************************************************************************************************
Start_UTC,nUHSAS_PSL,sUHSAS_PSL,vUHSAS_PSL,UHSAS_Bin01,UHSAS_Bin02,UHSAS_Bin03,UHSAS_Bin04,UHSAS_Bin05,UHSAS_Bin06,UHSAS_Bin07,UHSAS_Bin08,UHSAS_Bin09,UHSAS_Bin10,UHSAS_Bin11,UHSAS_Bin12,UHSAS_Bin13,UHSAS_Bin14,UHSAS_Bin15,UHSAS_Bin16,UHSAS_Bin17,UHSAS_Bin18,UHSAS_Bin19,UHSAS_Bin20,UHSAS_Bin21,UHSAS_Bin22,UHSAS_Bin23,UHSAS_Bin24,UHSAS_Bin25,stdPT
[from data line 8132]
62032,864.97,64.59,2.26,121.21,1309.09,1309.09,1648.48,1915.15,2230.30,1527.27,1527.27,1333.33,1260.60,1066.66,703.03,387.88,426.67,193.94,169.70,145.45,0.00,0.00,24.24,0.00,0.00,0.00,0.00,0.00,1.198
62033,783.24,58.36,1.97,169.53,847.66,1428.91,1477.35,1477.35,1840.63,1743.75,1598.44,1162.50,992.97,823.44,750.78,460.16,406.88,339.06,96.88,24.22,0.00,24.22,0.00,0.00,0.00,0.00,0.00,0.00,1.199
62034,803.01,58.00,1.96,145.91,875.47,1507.76,1702.31,1532.08,1945.50,1677.99,1775.27,1386.17,753.88,802.52,729.56,389.10,350.19,243.19,121.59,97.27,24.32,0.00,0.00,0.00,0.00,0.00,0.00,0.00,1.198
62035,856.30,62.17,2.18,194.78,1241.72,1387.80,1826.05,1704.32,1947.79,1558.23,1899.10,1339.11,1217.37,803.46,706.07,559.99,350.60,170.43,97.39,24.35,48.69,24.35,0.00,24.35,0.00,0.00,0.00,0.00,1.197
62036,874.28,62.06,2.05,48.42,1186.37,1476.91,1815.87,1549.54,1936.93,1912.71,2082.19,1840.08,944.25,750.56,823.19,290.54,368.02,169.48,193.69,48.42,48.42,0.00,0.00,0.00,0.00,0.00,0.00,0.00,1.196
62037,846.49,66.64,2.43,145.45,1309.01,1309.01,1333.25,1551.42,2036.24,1721.11,1793.83,1454.46,1090.84,1042.36,751.47,242.41,446.03,339.37,169.69,121.20,24.24,24.24,24.24,0.00,0.00,0.00,0.00,0.00,1.195
62038,888.28,69.87,2.42,72.67,1017.39,1114.28,1501.86,1501.86,1768.32,2155.90,2252.79,1792.55,1259.63,1090.06,896.27,266.46,445.71,363.35,96.89,121.12,24.22,24.22,0.00,0.00,0.00,0.00,0.00,0.00,1.193
62039,832.39,65.46,2.26,97.24,850.87,1507.25,1434.32,1750.36,1920.53,1531.56,1385.70,1410.01,1361.39,1069.66,802.25,413.28,505.66,340.35,194.48,72.93,0.00,0.00,0.00,0.00,0.00,0.00,0.00,0.00,1.195
62040,845.68,65.39,2.50,121.47,1141.82,1457.64,1554.82,2016.41,1967.82,1749.17,1846.35,753.12,1141.82,801.70,1044.64,364.41,466.45,170.06,145.76,24.29,72.88,24.29,24.29,0.00,24.29,0.00,0.00,0.00,1.191
62041,850.38,64.85,2.23,170.08,996.15,1020.45,1822.23,1554.97,2210.98,1627.86,1700.75,1530.68,1287.71,898.97,826.08,291.56,583.12,242.96,121.48,72.89,24.30,24.30,0.00,0.00,0.00,0.00,0.00,0.00,1.192
62042,827.20,61.62,2.09,194.64,1094.82,1240.80,1167.81,2043.67,1824.71,1849.04,1532.75,1508.42,1021.84,827.20,1070.49,267.62,486.59,170.31,170.31,24.33,24.33,24.33,0.00,0.00,0.00,0.00,0.00,0.00,1.189
62043,798.11,59.03,1.96,72.78,1212.94,1285.71,1552.56,1407.01,1576.82,1528.30,1892.18,1309.97,1285.71,1043.13,557.95,363.88,388.14,218.33,242.59,24.26,0.00,0.00,0.00,0.00,0.00,0.00,0.00,0.00,1.190
62044,832.27,61.83,2.28,218.70,1336.49,1409.39,1506.59,1652.39,1968.29,1603.79,1530.89,1336.49,1142.09,996.29,753.30,315.90,388.80,194.40,218.70,48.60,0.00,0.00,0.00,0.00,0.00,24.30,0.00,0.00,1.187
62045,819.68,60.46,1.99,72.93,1142.50,1361.28,1409.90,1652.98,1871.76,1458.51,1361.28,1677.29,1531.44,1045.27,607.71,388.94,350.04,291.70,72.93,97.23,0.00,0.00,0.00,0.00,0.00,0.00,0.00,0.00,1.187
62046,845.25,61.78,2.14,219.61,902.84,1488.46,1708.07,1927.68,1586.06,1732.47,2049.68,1488.46,976.04,756.43,902.84,390.42,312.33,219.61,97.60,48.80,73.20,0.00,24.40,0.00,0.00,0.00,0.00,0.00,1.186
62047,849.44,64.29,2.15,48.55,1116.72,1141.00,1796.47,1480.87,1966.41,1869.30,1602.26,1553.70,1141.00,995.34,849.68,364.15,602.06,267.04,145.66,48.55,0.00,0.00,0.00,0.00,0.00,0.00,0.00,0.00,1.188
62048,873.91,67.73,2.38,48.31,1256.03,1183.57,1545.89,1690.81,1642.51,1908.21,2004.82,1449.27,1449.27,1207.72,845.41,434.78,328.50,144.93,96.62,96.62,144.93,0.00,0.00,0.00,0.00,0.00,0.00,0.00,1.184
62049,870.34,67.58,2.39,121.22,1212.17,1406.11,1406.11,1987.95,1745.52,1794.01,1624.30,1503.09,1236.41,1018.22,993.98,363.65,387.89,266.68,145.46,121.22,48.49,24.24,0.00,0.00,0.00,0.00,0.00,0.00,1.185
62050,863.97,64.76,2.28,242.82,971.30,1821.18,1772.62,1966.88,1481.23,1748.33,1748.33,1262.69,1141.27,947.01,728.47,339.95,524.50,291.39,145.69,72.85,48.56,24.28,0.00,0.00,0.00,0.00,0.00,0.00,1.182
62051,786.53,62.38,2.19,73.01,973.43,1314.13,1338.47,1703.50,1435.81,1484.48,1727.84,1654.83,778.74,973.43,730.07,559.72,447.78,219.02,170.35,121.68,24.34,0.00,0.00,0.00,0.00,0.00,0.00,0.00,1.184
62052,852.58,60.18,1.99,97.27,1094.30,1580.66,1750.88,1483.38,2091.33,1896.79,1896.79,1240.21,1118.62,972.71,729.53,267.50,466.90,121.59,97.27,121.59,24.32,0.00,0.00,0.00,0.00,0.00,0.00,0.00,1.180
62053,795.13,73.33,3.02,243.38,1022.20,949.19,1265.58,1435.95,1581.98,1411.61,1606.32,1362.94,1265.58,1022.20,876.17,486.76,447.82,316.40,389.41,97.35,97.35,0.00,0.00,0.00,0.00,24.34,0.00,0.00,1.179
62054,829.72,60.23,2.03,218.67,1141.93,1725.05,1676.46,1579.27,1749.35,1579.27,1530.68,1214.82,1214.82,704.60,923.27,510.23,485.93,145.78,97.19,24.30,72.89,0.00,0.00,0.00,0.00,0.00,0.00,0.00,1.178
62055,894.53,72.04,2.62,121.61,1216.06,1191.74,1556.55,1459.27,2480.76,1921.37,1605.20,1532.23,1094.45,1021.49,1094.45,486.42,525.34,243.21,121.61,72.96,97.28,48.64,0.00,0.00,0.00,0.00,0.00,0.00,1.178
62056,852.40,66.62,2.30,290.84,1066.41,1575.38,1623.85,1769.27,1648.09,1211.83,1696.56,1211.83,1139.12,1236.07,945.23,557.44,542.90,290.84,169.66,72.71,0.00,0.00,0.00,0.00,0.00,0.00,0.00,0.00,1.179
62057,842.18,65.91,2.31,145.62,728.11,1650.38,1529.03,1504.76,1771.74,1286.33,2014.44,1893.09,1286.33,533.95,1092.17,412.60,485.41,266.97,121.35,72.81,24.27,0.00,24.27,0.00,0.00,0.00,0.00,0.00,1.179
62058,801.30,62.63,2.19,72.78,1358.54,1188.73,1455.58,1698.18,1382.80,1504.10,1479.84,1455.58,1140.21,1067.43,752.05,485.19,524.01,194.08,121.30,97.04,48.52,0.00,0.00,0.00,0.00,0.00,0.00,0.00,1.175
62059,861.97,65.62,2.25,339.93,1238.33,1456.86,1626.83,1723.95,1408.30,1723.95,1748.23,1286.89,1092.64,1262.61,849.83,461.34,582.74,169.97,169.97,48.56,48.56,0.00,0.00,0.00,0.00,0.00,0.00,0.00,1.176
62060,779.46,61.67,2.16,72.80,1067.75,1480.29,1116.28,1698.69,1528.82,1383.22,1722.95,1140.55,922.14,1164.81,897.88,412.54,446.51,242.67,218.40,48.53,0.00,24.27,0.00,0.00,0.00,0.00,0.00,0.00,1.176
62061,827.98,66.56,2.35,194.48,1215.48,1215.48,1434.26,1847.52,1409.95,1604.43,1434.26,1434.26,1409.95,923.76,656.36,559.12,563.98,364.64,170.17,121.55,0.00,0.00,0.00,0.00,0.00,0.00,0.00,0.00,1.174
62062,846.59,63.73,2.30,169.85,1261.76,1358.81,1819.84,1747.05,1868.37,1625.73,1528.67,1407.34,1164.70,994.85,558.08,461.03,504.70,169.85,121.32,48.53,48.53,48.53,24.26,0.00,0.00,0.00,0.00,0.00,1.174
62063,852.67,70.69,2.66,193.40,1329.66,1740.64,1595.59,1329.66,1619.76,1523.06,1329.66,1402.18,1281.30,1112.08,821.97,507.69,541.53,290.11,217.58,96.70,72.53,48.35,0.00,0.00,0.00,0.00,0.00,0.00,1.173
62064,865.37,69.01,2.57,242.13,1016.95,1573.85,1525.42,1888.61,1719.12,1719.12,1767.55,1573.85,1089.59,847.46,799.03,314.77,406.78,338.98,290.56,121.07,24.21,24.21,24.21,0.00,0.00,0.00,0.00,0.00,1.173
62065,798.87,61.99,2.15,168.84,1230.15,1664.32,1398.99,1495.48,1398.99,1374.87,1374.87,1398.99,1085.43,1061.31,844.22,530.65,443.82,241.21,168.84,72.36,24.12,0.00,0.00,0.00,0.00,0.00,0.00,0.00,1.171
62066,793.08,65.65,2.40,121.60,1264.65,1216.01,997.13,1361.93,1896.98,1775.37,1434.89,1240.33,1094.41,997.13,972.81,316.16,466.95,194.56,389.12,97.28,0.00,24.32,0.00,0.00,0.00,0.00,0.00,0.00,1.171
62067,797.90,58.51,1.99,193.90,1139.16,1575.44,1526.97,1526.97,1357.30,1769.34,1381.54,1333.07,1211.88,1042.21,751.36,436.28,349.02,145.43,96.95,96.95,0.00,0.00,24.24,0.00,0.00,0.00,0.00,0.00,1.171
62068,913.04,69.21,2.45,290.31,1451.57,1741.88,1330.61,1814.46,1741.88,1959.62,1451.57,1645.11,1330.61,1403.18,798.36,314.51,406.44,266.12,96.77,145.16,48.39,0.00,24.19,0.00,0.00,0.00,0.00,0.00,1.169
62069,951.41,69.90,2.41,340.14,1652.09,1846.46,1919.34,1676.39,2040.82,1749.28,1433.43,1554.91,1554.91,801.75,801.75,631.68,369.29,291.55,267.25,48.59,48.59,0.00,0.00,0.00,0.00,0.00,0.00,0.00,1.171
62070,844.27,63.92,2.21,218.66,874.64,1554.91,1676.39,1652.09,1579.21,1773.57,1506.32,1287.66,1482.02,1287.66,583.09,510.21,485.91,267.25,97.18,0.00,24.30,0.00,0.00,24.30,0.00,0.00,0.00,0.00,1.170
62071,889.32,63.41,2.09,194.33,1360.33,1506.08,1773.29,1870.45,1821.87,1749.00,1603.25,1627.54,1287.46,971.66,680.17,388.67,563.57,194.33,145.75,0.00,48.58,0.00,0.00,0.00,0.00,0.00,0.00,0.00,1.168
62072,847.98,70.35,2.67,121.14,1138.71,1477.90,1671.73,1599.04,1720.18,1647.50,1356.76,1429.45,1138.71,1138.71,775.29,508.79,484.56,314.96,266.51,121.14,0.00,0.00,24.23,24.23,0.00,0.00,0.00,0.00,1.167
62073,877.16,71.16,2.64,291.66,947.88,1774.24,1531.20,1361.06,1677.02,1579.80,1895.77,1506.89,1531.20,1020.80,656.23,607.62,505.54,340.27,170.13,97.22,24.30,0.00,0.00,0.00,24.30,0.00,0.00,0.00,1.165
62074,874.24,67.38,2.44,193.52,1282.09,1717.52,1862.66,1644.95,1330.47,1499.81,1935.23,1524.00,1475.62,919.24,556.38,459.62,406.40,387.05,72.57,96.76,72.57,48.38,0.00,0.00,0.00,0.00,0.00,0.00,1.163
62075,819.40,65.03,2.31,267.14,1214.29,1165.72,1554.29,1748.58,1481.43,1384.29,1554.29,1335.72,1384.29,971.43,680.00,461.43,699.43,194.29,170.00,72.86,24.29,24.29,0.00,0.00,0.00,0.00,0.00,0.00,1.166
62076,848.65,70.48,2.59,72.58,1161.21,1403.13,1620.86,1475.70,1693.43,1427.32,1620.86,1524.09,1209.59,1209.59,798.33,483.84,619.31,362.88,120.96,96.77,24.19,24.19,24.19,0.00,0.00,0.00,0.00,0.00,1.163
62077,767.71,68.31,3.41,217.76,943.61,1379.13,1500.10,1137.18,1596.89,1572.69,1500.10,1306.54,1064.59,992.00,629.08,411.32,329.06,362.93,290.34,72.59,0.00,0.00,0.00,0.00,0.00,0.00,0.00,48.39,1.165
62078,747.53,57.28,1.99,194.16,898.00,1504.76,1334.87,1431.95,1529.03,1237.79,1626.11,1456.22,873.73,849.46,728.11,266.97,582.49,121.35,218.43,72.81,24.27,0.00,0.00,0.00,0.00,0.00,0.00,0.00,1.163
62079,704.96,58.31,2.36,73.05,827.93,1047.08,1655.85,1339.29,1363.64,1509.75,1168.84,1071.43,998.38,803.58,876.63,511.37,389.61,243.51,121.75,48.70,24.35,0.00,0.00,0.00,0.00,0.00,24.35,0.00,1.165
62080,755.71,59.80,2.19,97.70,1123.55,1147.97,1367.80,1318.95,1416.65,1685.32,1587.62,1172.40,1196.82,732.75,928.15,537.35,410.34,195.40,97.70,24.42,48.85,0.00,0.00,0.00,24.42,0.00,0.00,0.00,1.161
62081,832.67,66.10,2.40,145.06,1523.18,1378.12,1523.18,1499.00,1257.23,1910.02,1837.49,1208.87,1015.45,991.28,773.68,459.37,406.18,338.48,193.42,145.06,24.18,24.18,0.00,0.00,0.00,0.00,0.00,0.00,1.164
62082,813.90,66.39,2.51,194.36,1069.00,1627.80,1554.91,1603.50,1457.73,1311.96,1554.91,1287.66,1069.00,1214.77,655.98,510.21,583.09,218.66,218.66,97.18,24.30,0.00,0.00,0.00,24.30,0.00,0.00,0.00,1.163
62083,821.80,67.81,2.38,169.99,922.82,1651.37,1311.38,1141.39,1481.38,1602.80,1602.80,1408.52,1384.24,1068.53,1117.10,461.41,602.26,218.56,169.99,97.14,24.28,0.00,0.00,0.00,0.00,0.00,0.00,0.00,1.162
62084,702.01,52.57,1.78,145.69,995.58,1238.40,1359.82,1335.53,1311.25,1262.69,1675.49,1068.43,971.30,655.63,898.45,388.52,369.09,194.26,121.41,24.28,0.00,24.28,0.00,0.00,0.00,0.00,0.00,0.00,1.162
62085,758.39,58.08,2.05,48.48,945.26,1551.20,1478.49,1478.49,1502.73,1720.87,1502.73,1066.45,969.50,799.84,824.08,387.80,407.19,169.66,121.19,145.43,48.48,0.00,0.00,0.00,0.00,0.00,0.00,0.00,1.161
62086,726.90,58.58,2.02,121.39,801.19,1359.60,1141.09,1311.04,1335.32,1529.55,1262.49,1286.76,1141.09,971.14,849.75,461.29,602.11,169.95,121.39,48.56,24.28,0.00,0.00,0.00,0.00,0.00,0.00,0.00,1.161
62087,698.11,58.20,2.16,242.91,850.17,995.92,1141.66,1408.86,1238.82,1384.57,1700.35,1141.66,850.17,728.72,801.59,510.10,408.08,218.62,170.03,121.45,24.29,0.00,24.29,0.00,0.00,0.00,0.00,0.00,1.161
62088,668.23,47.15,1.50,169.66,1163.40,872.55,1211.88,1163.40,1454.25,1623.92,1405.78,1017.98,993.74,557.46,799.84,436.28,252.07,96.95,145.43,0.00,0.00,0.00,0.00,0.00,0.00,0.00,0.00,0.00,1.161
62089,667.86,51.55,1.80,218.57,801.43,1505.72,1384.29,1335.72,1117.15,898.58,1117.15,1214.29,874.29,995.72,752.86,364.29,291.43,340.00,97.14,0.00,24.29,24.29,0.00,0.00,0.00,0.00,0.00,0.00,1.160
62090,687.80,57.10,2.07,97.21,1020.76,899.24,1482.53,1093.67,1652.65,947.85,1117.97,1263.79,1069.36,1093.67,461.77,558.99,486.07,218.73,145.82,97.21,48.61,0.00,0.00,0.00,0.00,0.00,0.00,0.00,1.161
62091,661.10,48.42,1.60,97.15,1092.93,1262.94,1311.51,1020.07,1432.95,1044.35,1262.94,971.49,1214.36,995.78,534.32,315.73,349.74,194.30,48.57,72.86,0.00,0.00,0.00,0.00,0.00,0.00,0.00,0.00,1.161
62092,639.37,50.32,1.78,97.24,1166.90,1264.15,1215.53,1093.97,972.42,1093.97,1166.90,1021.04,777.94,875.18,923.80,388.97,388.97,170.17,72.93,24.31,48.62,24.31,0.00,0.00,0.00,0.00,0.00,0.00,1.162
62093,648.55,54.52,1.95,48.49,800.08,1381.95,848.57,1309.22,921.30,1066.77,1260.73,1406.20,945.55,1018.28,557.63,339.43,484.90,363.67,121.22,96.98,0.00,0.00,0.00,0.00,0.00,0.00,0.00,0.00,1.161
62094,657.98,50.95,1.77,217.96,896.04,992.91,944.48,1622.56,1283.52,1138.21,1186.65,1114.00,1162.43,799.17,702.30,290.61,445.60,242.17,48.43,48.43,0.00,0.00,24.22,0.00,0.00,0.00,0.00,0.00,1.162
62095,667.91,49.71,1.65,170.08,923.27,1069.04,1190.53,1627.86,1457.79,1117.64,1117.64,923.27,1044.75,898.97,631.71,461.63,408.18,242.96,24.30,48.59,0.00,0.00,0.00,0.00,0.00,0.00,0.00,0.00,1.161
62096,669.37,52.47,1.85,168.85,916.62,1230.20,1326.68,1278.44,1254.32,1206.08,1230.20,964.86,964.86,651.28,916.62,506.55,385.94,192.97,144.73,24.12,0.00,0.00,24.12,0.00,0.00,0.00,0.00,0.00,1.161
62097,708.49,55.63,1.91,48.56,898.36,1311.12,1262.56,1262.56,1553.92,995.48,1651.04,1044.04,1311.12,752.68,728.40,339.92,718.69,145.68,72.84,48.56,0.00,24.28,0.00,0.00,0.00,0.00,0.00,0.00,1.161
62098,744.40,57.72,2.04,121.87,853.11,1364.98,1243.11,1535.60,1535.60,1340.61,1559.98,1486.85,1145.61,682.49,877.49,316.87,312.00,146.25,268.12,73.12,0.00,0.00,24.37,0.00,0.00,0.00,0.00,0.00,1.162
62099,679.61,52.64,1.99,194.17,1116.50,1334.95,1359.22,1213.59,1334.95,1043.69,1456.31,1019.42,970.87,776.70,631.07,266.99,388.35,266.99,97.09,48.54,48.54,0.00,0.00,0.00,24.27,0.00,0.00,0.00,1.164
62100,639.51,52.97,1.94,97.30,754.08,1264.90,948.68,1216.25,1362.20,1289.23,1045.98,1070.30,900.03,802.73,681.10,437.85,408.66,316.23,48.65,97.30,0.00,48.65,0.00,0.00,0.00,0.00,0.00,0.00,1.160
62101,609.13,46.68,1.60,72.40,1061.87,965.34,1110.14,989.47,1134.27,989.47,1592.81,1086.01,651.60,868.80,796.40,168.93,308.91,144.80,193.07,24.13,24.13,0.00,0.00,0.00,0.00,0.00,0.00,0.00,1.162
62102,714.28,56.28,2.01,121.35,1067.90,1383.41,1116.44,1286.33,1480.49,1286.33,1650.38,1213.52,873.73,849.46,582.49,364.06,427.16,291.24,169.89,97.08,0.00,24.27,0.00,0.00,0.00,0.00,0.00,0.00,1.163
62103,667.16,49.40,1.64,169.15,966.54,1063.20,1232.34,1159.85,1135.69,1087.36,1715.61,1329.00,1039.03,773.23,821.56,289.96,270.63,193.31,24.16,24.16,24.16,24.16,0.00,0.00,0.00,0.00,0.00,0.00,1.164
62104,692.63,54.26,1.93,72.60,822.83,1210.05,1452.06,1403.66,1306.85,1403.66,1306.85,1185.85,1016.44,677.63,750.23,242.01,542.10,266.21,121.00,24.20,24.20,0.00,24.20,0.00,0.00,0.00,0.00,0.00,1.163
62105,656.82,54.56,2.00,193.97,945.58,1309.27,1091.06,945.58,1503.24,1212.29,945.58,969.83,945.58,1018.32,581.90,484.91,504.31,169.72,193.97,72.74,24.25,24.25,0.00,0.00,0.00,0.00,0.00,0.00,1.160
62106,683.52,58.99,2.21,97.23,1045.21,1142.43,923.67,1069.51,1191.05,1336.89,1434.12,1263.97,972.28,1020.90,802.13,340.30,447.25,243.07,121.54,121.54,72.92,24.31,0.00,0.00,0.00,0.00,0.00,0.00,1.158
62107,621.08,47.80,1.64,48.47,1042.01,1090.47,1138.94,1235.87,1284.33,920.84,1114.71,1066.24,1042.01,678.52,630.05,315.03,426.50,218.09,96.93,72.70,0.00,0.00,0.00,0.00,0.00,0.00,0.00,0.00,1.164
62108,616.13,47.56,1.64,195.29,756.73,1293.77,1342.59,683.50,1269.36,1122.89,1196.13,1147.31,756.73,829.97,561.45,463.80,312.46,219.70,97.64,48.82,24.41,0.00,0.00,0.00,0.00,0.00,0.00,0.00,1.162
62109,737.56,57.81,2.07,97.27,1118.62,1240.21,1313.16,1459.07,1483.38,1483.38,1483.38,1240.21,1021.35,656.58,656.58,583.63,427.99,267.50,48.64,97.27,48.64,24.32,0.00,0.00,0.00,0.00,0.00,0.00,1.162
62110,638.42,50.79,1.91,72.58,967.67,1040.25,1451.51,1475.70,1233.79,1354.74,967.67,1064.44,677.37,532.22,411.26,532.22,503.19,266.11,72.58,96.77,24.19,0.00,0.00,24.19,0.00,0.00,0.00,0.00,1.164
62111,703.59,54.93,1.94,72.91,850.63,1117.97,1628.35,1239.49,1676.96,1117.97,1506.83,1263.79,972.15,704.81,486.07,413.16,486.07,364.56,72.91,48.61,24.30,24.30,0.00,0.00,0.00,0.00,0.00,0.00,1.164
