NASA Intern/Datasets/LARGE/SASA-LARGE-UHSAS_P3B_20220708_RA.ict
70, 1001
Richard Moore, Luke Ziemba, Edward Winstead, Michael Shook, Claire Robinson, John Barrick, Bruce Anderson, and Ali Omar
NASA Langley
In-situ Submicron  Particle Size Distributions from the DMT UHSAS on the NASA P3B
NASA SASA
1,1
2022,07,08,2022,07,8
1.0
Start_UTC,Secs after midnight,Time of acquisition
29
1,1,1,1,1,1,1,1,1,1,1,1,1,1,1,1,1,1,1,1,1,1,1,1,1,1,1,1,1
-9999,-9999,-9999,-9999,-9999,-9999,-9999,-9999,-9999,-9999,-9999,-9999,-9999,-9999,-9999,-9999,-9999,-9999,-9999,-9999,-9999,-9999,-9999,-9999,-9999,-9999,-9999,-9999,-9999
nUHSAS_PSL, #/cm3, integrated UHSAS Dry Aerosol Number Concentration (PSL optical diameter)
sUHSAS_PSL, um2/cm3, integrated UHSAS Dry Aerosol Surface Area Concentration (PSL optical diameter)
vUHSAS_PSL, um3/cm3, integrated UHSAS Dry Aerosol Volume Concentration (PSL optical diameter)
UHSAS_Bin01, #/cm3, Binned UHSAS Dry Aerosol Number Size Distribution (dNdlogD, PSL optical diameter) at bin center 63 nm
UHSAS_Bin02, #/cm3, Binned UHSAS Dry Aerosol Number Size Distribution (dNdlogD, PSL optical diameter) at bin center 71 nm
UHSAS_Bin03, #/cm3, Binned UHSAS Dry Aerosol Number Size Distribution (dNdlogD, PSL optical diameter) at bin center 79 nm
UHSAS_Bin04, #/cm3, Binned UHSAS Dry Aerosol Number Size Distribution (dNdlogD, PSL optical diameter) at bin center 89 nm
UHSAS_Bin05, #/cm3, Binned UHSAS Dry Aerosol Number Size Distribution (dNdlogD, PSL optical diameter) at bin center 100 nm
UHSAS_Bin06, #/cm3, Binned UHSAS Dry Aerosol Number Size Distribution (dNdlogD, PSL optical diameter) at bin center 112 nm
UHSAS_Bin07, #/cm3, Binned UHSAS Dry Aerosol Number Size Distribution (dNdlogD, PSL optical diameter) at bin center 126 nm
UHSAS_Bin08, #/cm3, Binned UHSAS Dry Aerosol Number Size Distribution (dNdlogD, PSL optical diameter) at bin center 141 nm
UHSAS_Bin09, #/cm3, Binned UHSAS Dry Aerosol Number Size Distribution (dNdlogD, PSL optical diameter) at bin center 158 nm
UHSAS_Bin10, #/cm3, Binned UHSAS Dry Aerosol Number Size Distribution (dNdlogD, PSL optical diameter) at bin center 178 nm
UHSAS_Bin11, #/cm3, Binned UHSAS Dry Aerosol Number Size Distribution (dNdlogD, PSL optical diameter) at bin center 200 nm
UHSAS_Bin12, #/cm3, Binned UHSAS Dry Aerosol Number Size Distribution (dNdlogD, PSL optical diameter) at bin center 224 nm
UHSAS_Bin13, #/cm3, Binned UHSAS Dry Aerosol Number Size Distribution (dNdlogD, PSL optical diameter) at bin center 251 nm
UHSAS_Bin14, #/cm3, Binned UHSAS Dry Aerosol Number Size Distribution (dNdlogD, PSL optical diameter) at bin center 282 nm
UHSAS_Bin15, #/cm3, Binned UHSAS Dry Aerosol Number Size Distribution (dNdlogD, PSL optical diameter) at bin center 316 nm
UHSAS_Bin16, #/cm3, Binned UHSAS Dry Aerosol Number Size Distribution (dNdlogD, PSL optical diameter) at bin center 355 nm
UHSAS_Bin17, #/cm3, Binned UHSAS Dry Aerosol Number Size Distribution (dNdlogD, PSL optical diameter) at bin center 398 nm
UHSAS_Bin18, #/cm3, Binned UHSAS Dry Aerosol Number Size Distribution (dNdlogD, PSL optical diameter) at bin center 447 nm
UHSAS_Bin19, #/cm3, Binned UHSAS Dry Aerosol Number Size Distribution (dNdlogD, PSL optical diameter) at bin center 501 nm
UHSAS_Bin20, #/cm3, Binned UHSAS Dry Aerosol Number Size Distribution (dNdlogD, PSL optical diameter) at bin center 562 nm
[...]
INSTRUMENT_INFO: Size Distribution Data From the DMT Ultra-High Sensitivity Aerosol Spectrometer (UHSAS)
DATA_INFO: UHSAS measurements are reported at standard temperature and pressure (0 deg C, 1013 mb)
  - Flagged data are due to missing data or instrument issues
  - Concentrations can be converted back to ambient conditions by dividing by the stdPT conversion factor
  - Integrated surface areas and volumes are calculated by assuming spherical particles
UNCERTAINTY: all data are 20%
ULOD_FLAG: -7777
ULOD_VALUE: N/A
LLOD_FLAG: -8888
LLOD_VALUE: N/A
DM_CONTACT_INFO: Michael Shook (michael.shook@nasa.gov)
PROJECT_INFO: SASA 2022
STIPULATIONS_ON_USE: STIPULATIONS_ON_USE: This is FIELD data. Please consult the PI and/or DM prior to use.
OTHER_COMMENTS: Data are processed with respect to mid-point polystyrene-latex-equivalent optical diameters and are rebinned to a 20 channels per decade standard binning scheme (dlogD = 0.05)
OTHER_COMMENTS: Mid-point diameters (in nm) are:
        63.1, 70.8, 79.4, 89.1, 100.0, 112.2, 125.9, 141.3, 158.5, 177.8, 199.5, 223.9, 251.2, 281.8, 316.2, 354.8, 398.1, 446.7, 501.2, 562.3, 631.0, 707.9, 794.3, 891.3, 1000.0
REVISION: RA
RA: None
*******************************************************************************************************************************
Start_UTC,nUHSAS_PSL,sUHSAS_PSL,vUHSAS_PSL,UHSAS_Bin01,UHSAS_Bin02,UHSAS_Bin03,UHSAS_Bin04,UHSAS_Bin05,UHSAS_Bin06,UHSAS_Bin07,UHSAS_Bin08,UHSAS_Bin09,UHSAS_Bin10,UHSAS_Bin11,UHSAS_Bin12,UHSAS_Bin13,UHSAS_Bin14,UHSAS_Bin15,UHSAS_Bin16,UHSAS_Bin17,UHSAS_Bin18,UHSAS_Bin19,UHSAS_Bin20,UHSAS_Bin21,UHSAS_Bin22,UHSAS_Bin23,UHSAS_Bin24,UHSAS_Bin25,stdPT
[from data line 5246]
59211,708.35,62.94,2.27,24.32,559.29,996.99,996.99,1167.21,1288.79,1264.47,1507.64,1677.86,1118.57,1021.31,948.36,534.97,622.51,218.85,145.90,24.32,24.32,0.00,24.32,0.00,0.00,0.00,0.00,0.00,1.263
59212,734.41,63.87,2.28,48.59,655.94,1141.82,1457.64,923.17,1044.64,1360.47,1554.82,1579.11,1263.29,1287.58,898.88,461.59,427.58,364.41,121.47,48.59,24.29,24.29,0.00,0.00,0.00,0.00,0.00,0.00,1.268
59213,719.15,58.70,1.94,0.00,607.80,1288.53,705.05,1288.53,1337.16,1483.03,1726.15,1312.85,1410.09,972.48,826.61,559.18,622.39,145.87,97.25,0.00,0.00,0.00,0.00,0.00,0.00,0.00,0.00,0.00,1.265
59214,681.91,59.75,2.17,97.17,704.50,923.14,1166.07,1020.31,1141.77,1190.36,1287.53,1238.95,1457.58,1166.07,923.14,437.28,446.99,145.76,194.34,48.59,24.29,0.00,24.29,0.00,0.00,0.00,0.00,0.00,1.266
59215,764.89,66.05,2.30,24.27,679.48,1092.01,1286.15,849.34,1310.42,1722.95,1577.35,1431.75,1577.35,1310.42,800.81,630.94,543.58,218.40,194.14,24.27,24.27,0.00,0.00,0.00,0.00,0.00,0.00,0.00,1.265
59216,682.61,63.25,2.26,0.00,460.73,775.97,606.23,1139.71,1309.45,1212.46,1624.69,1382.20,1357.95,1260.95,1066.96,484.98,484.98,145.49,266.74,48.50,24.25,0.00,0.00,0.00,0.00,0.00,0.00,0.00,1.270
59217,662.20,57.18,1.98,24.24,484.77,1333.12,824.11,1114.97,1163.45,1018.02,1236.16,1163.45,1381.60,1430.07,630.20,630.20,445.99,193.91,121.19,24.24,24.24,0.00,0.00,0.00,0.00,0.00,0.00,0.00,1.270
59218,693.06,58.59,2.12,72.93,996.69,1166.86,1215.48,1191.17,996.69,1385.64,1118.24,1142.55,1239.79,1142.55,875.14,413.26,369.50,194.48,194.48,121.55,0.00,24.31,0.00,0.00,0.00,0.00,0.00,0.00,1.266
59219,686.59,61.61,2.17,24.26,558.01,970.45,921.92,1091.75,1164.54,1018.97,1649.76,1237.32,1455.67,970.45,1188.80,509.48,582.27,242.61,24.26,97.04,24.26,0.00,0.00,0.00,0.00,0.00,0.00,0.00,1.264
59220,624.76,56.40,2.00,24.29,582.98,801.59,801.59,825.88,1214.53,1117.37,1360.28,1238.82,1165.95,971.63,850.17,655.85,544.11,218.62,24.29,48.58,48.58,0.00,0.00,0.00,0.00,0.00,0.00,0.00,1.266
59221,726.13,66.01,2.37,72.95,802.49,802.49,1118.62,1021.35,1288.84,1215.89,1410.43,1313.16,1483.38,1434.75,875.44,534.99,564.17,316.13,194.54,48.64,24.32,0.00,0.00,0.00,0.00,0.00,0.00,0.00,1.265
59222,728.07,64.40,2.29,48.60,680.44,850.55,1287.97,1069.26,1263.67,1336.57,1458.08,1215.07,1458.08,1360.87,923.45,631.83,563.79,243.01,72.90,48.60,24.30,24.30,0.00,0.00,0.00,0.00,0.00,0.00,1.269
59223,739.63,64.46,2.26,97.06,752.25,1140.50,873.58,1164.77,1140.50,1504.49,1383.16,1747.15,1261.83,1383.16,703.71,461.05,718.27,242.66,169.86,24.27,24.27,0.00,0.00,0.00,0.00,0.00,0.00,0.00,1.267
59224,738.02,64.05,2.31,24.33,681.10,973.00,1216.25,1167.60,1410.85,1264.90,1775.73,1556.80,1240.58,948.68,1094.63,340.55,505.96,340.55,72.98,97.30,0.00,48.65,0.00,0.00,0.00,0.00,0.00,0.00,1.266
59225,717.16,65.72,2.41,0.00,607.56,1093.60,1093.60,947.79,1263.72,1166.51,1603.95,1385.23,1360.93,1166.51,1069.30,437.44,563.81,340.23,97.21,72.91,48.60,24.30,0.00,0.00,0.00,0.00,0.00,0.00,1.268
59226,726.41,69.33,2.56,48.51,703.36,727.62,1115.68,897.40,1261.20,1285.46,1503.74,1528.00,1261.20,1285.46,873.14,630.60,873.14,242.54,145.52,121.27,24.25,0.00,0.00,0.00,0.00,0.00,0.00,0.00,1.269
59227,716.79,60.61,2.06,24.31,656.27,1239.61,1142.39,972.25,1288.23,1409.76,1531.29,1191.00,947.94,1312.53,1118.08,753.49,408.34,194.45,121.53,24.31,0.00,0.00,0.00,0.00,0.00,0.00,0.00,0.00,1.267
59228,710.64,64.42,2.39,48.59,655.98,1190.48,1044.71,1093.30,1311.96,1093.30,1360.55,1409.14,1311.96,1141.89,753.16,631.68,680.27,242.95,121.48,72.89,0.00,24.30,24.30,0.00,0.00,0.00,0.00,0.00,1.267
59229,701.17,63.55,2.29,24.27,679.57,995.08,922.27,1043.62,995.08,1140.71,1698.92,1456.22,1359.14,1383.41,703.84,582.49,504.82,315.51,72.81,97.08,48.54,0.00,0.00,0.00,0.00,0.00,0.00,0.00,1.267
59230,675.00,64.17,2.35,48.72,511.55,803.87,779.51,1291.06,1339.78,1071.82,1096.18,1510.29,1071.82,1071.82,1071.82,560.27,662.58,341.03,243.60,0.00,24.36,0.00,0.00,0.00,0.00,0.00,0.00,0.00,1.263
59231,747.45,67.87,2.46,48.54,800.84,922.18,1019.25,1043.52,1261.93,1480.34,1286.20,1456.08,1698.76,1286.20,1116.32,509.63,485.36,169.88,194.14,121.34,48.54,0.00,0.00,0.00,0.00,0.00,0.00,0.00,1.262
59232,691.02,60.54,2.09,0.00,606.79,1043.69,922.33,1092.23,1237.86,1286.41,1432.04,1140.77,1407.76,1116.50,849.51,703.88,737.86,121.36,48.54,72.82,0.00,0.00,0.00,0.00,0.00,0.00,0.00,0.00,1.267
59233,783.16,71.32,2.55,72.76,727.62,1188.44,945.90,1067.17,1261.20,1188.44,1891.81,1503.74,1358.22,1697.78,945.90,727.62,504.48,315.30,169.78,48.51,48.51,0.00,0.00,0.00,0.00,0.00,0.00,0.00,1.268
59234,708.25,62.75,2.28,24.24,654.44,1066.49,921.06,1114.97,969.54,1430.07,1623.98,1502.79,1211.93,1284.64,945.30,387.82,639.90,266.62,24.24,24.24,24.24,0.00,48.48,0.00,0.00,0.00,0.00,0.00,1.267
59235,748.21,71.62,2.65,0.00,485.22,1164.54,970.45,1334.36,1407.15,1067.49,1407.15,1310.10,1407.15,1164.54,1261.58,558.01,698.72,436.70,218.35,24.26,48.52,0.00,0.00,0.00,0.00,0.00,0.00,0.00,1.264
59236,723.82,70.10,2.79,73.01,851.84,1070.88,778.82,1095.22,973.53,1192.57,1387.28,1533.30,1533.30,1168.23,973.53,462.43,700.94,365.07,194.71,97.35,0.00,0.00,0.00,0.00,0.00,24.34,0.00,0.00,1.267
59237,681.79,62.12,2.23,24.32,583.77,754.03,1167.53,997.27,972.94,1532.39,1362.12,1143.21,1337.80,1313.47,827.00,559.44,525.39,340.53,121.62,24.32,48.65,0.00,0.00,0.00,0.00,0.00,0.00,0.00,1.268
59238,741.70,67.15,2.40,48.59,826.00,777.41,1020.35,1263.29,1068.94,1579.11,1409.05,1433.35,1409.05,1336.17,826.00,655.94,719.10,194.35,170.06,72.88,24.29,0.00,0.00,0.00,0.00,0.00,0.00,0.00,1.267
59239,737.55,66.49,2.41,24.31,826.52,923.76,1045.31,1142.55,1093.93,1093.93,1337.02,1896.14,1409.95,1555.81,996.69,364.64,505.64,267.40,170.17,48.62,24.31,0.00,24.31,0.00,0.00,0.00,0.00,0.00,1.267
59240,718.49,64.87,2.39,48.63,778.06,1045.52,826.69,1215.72,1045.52,1361.61,1337.29,1604.75,1312.98,1337.29,875.32,486.29,680.80,170.20,121.57,72.94,24.31,0.00,0.00,24.31,0.00,0.00,0.00,0.00,1.265
59241,776.90,71.01,2.61,0.00,705.38,1264.83,1386.45,1410.77,1240.50,1143.21,1313.47,1118.89,1483.74,1362.12,1240.50,559.44,700.52,437.82,97.29,0.00,24.32,48.65,0.00,0.00,0.00,0.00,0.00,0.00,1.265
59242,749.74,67.97,2.41,0.00,681.36,1192.38,949.04,1192.38,1192.38,1265.38,1435.72,1484.39,1168.05,1435.72,1119.38,900.37,564.56,219.01,170.34,0.00,0.00,24.33,0.00,0.00,0.00,0.00,0.00,0.00,1.268
59243,762.26,65.07,2.25,24.28,679.94,1141.32,1359.87,1262.74,1408.44,1141.32,1675.55,995.62,1408.44,1796.97,874.20,534.23,505.09,242.83,121.42,48.57,24.28,0.00,0.00,0.00,0.00,0.00,0.00,0.00,1.273
59244,747.81,65.18,2.32,24.27,825.24,1092.23,1019.42,1189.32,1383.49,1310.68,1868.93,1092.23,1383.49,1165.05,995.14,509.71,660.19,218.45,97.09,48.54,72.82,0.00,0.00,0.00,0.00,0.00,0.00,0.00,1.268
59245,731.34,69.74,2.71,48.47,775.45,1332.80,993.54,872.38,969.31,1332.80,1720.52,1405.50,1163.17,1163.17,945.08,605.82,523.43,387.72,242.33,48.47,24.23,48.47,24.23,0.00,0.00,0.00,0.00,0.00,1.265
59246,743.30,69.17,2.54,24.27,558.14,922.14,1164.81,1504.55,1019.21,1092.01,1553.09,1261.88,1261.88,1577.35,1140.55,655.21,718.30,266.94,48.53,0.00,48.53,24.27,24.27,0.00,0.00,0.00,0.00,0.00,1.267
59247,812.59,73.17,2.59,0.00,630.67,1140.05,1067.28,1358.36,1309.84,1455.38,1697.94,1576.66,1576.66,1431.12,1164.30,727.69,582.15,339.59,121.28,48.51,0.00,24.26,0.00,0.00,0.00,0.00,0.00,0.00,1.269
59248,710.09,62.78,2.27,72.85,898.54,922.82,849.97,1311.38,1165.67,1117.10,1578.52,1335.67,1287.10,1117.10,971.39,607.12,505.12,194.28,218.56,0.00,24.28,0.00,24.28,0.00,0.00,0.00,0.00,0.00,1.268
59249,729.09,75.13,2.91,48.56,631.24,946.86,849.75,898.31,1165.37,1335.32,1359.60,1165.37,1238.21,1480.99,1262.49,655.52,815.76,388.46,145.67,121.39,24.28,48.56,0.00,0.00,0.00,0.00,0.00,0.00,1.264
59250,706.25,64.73,2.32,97.31,583.88,900.15,875.82,1216.42,1362.39,1119.11,1411.05,1265.08,1289.41,1167.77,1070.45,632.54,622.81,340.60,97.31,48.66,24.33,0.00,0.00,0.00,0.00,0.00,0.00,0.00,1.268
59251,722.99,61.95,2.09,24.29,728.57,898.58,898.58,1238.58,1287.15,1360.01,1530.01,1287.15,1335.72,1360.01,947.15,728.57,446.86,364.29,24.29,0.00,0.00,0.00,0.00,0.00,0.00,0.00,0.00,0.00,1.265
59252,756.51,67.18,2.33,24.31,656.36,875.14,1045.31,1142.55,1409.95,972.38,1750.29,1434.26,1531.50,1434.26,1288.41,753.60,544.53,194.48,24.31,24.31,0.00,0.00,24.31,0.00,0.00,0.00,0.00,0.00,1.265
59253,736.96,67.61,2.45,24.31,729.18,972.25,1045.16,1361.14,1215.31,1069.47,1288.23,1336.84,1604.21,1191.00,1191.00,583.35,641.68,243.06,72.92,145.84,24.31,0.00,0.00,0.00,0.00,0.00,0.00,0.00,1.267
59254,672.78,56.46,1.90,72.86,704.36,971.53,947.24,850.09,1020.11,1287.28,1360.14,1773.04,1335.85,995.82,922.95,461.48,485.76,97.15,121.44,48.58,0.00,0.00,0.00,0.00,0.00,0.00,0.00,0.00,1.267
59255,771.84,69.53,2.48,24.30,558.95,996.39,1142.21,1336.62,1166.51,1215.11,1749.76,1628.25,1555.35,1433.83,996.39,461.74,661.02,218.72,243.02,0.00,24.30,24.30,0.00,0.00,0.00,0.00,0.00,0.00,1.264
59256,755.37,65.39,2.25,121.56,826.61,826.61,729.36,1239.91,1288.53,1361.47,1944.96,1385.78,1531.65,1264.22,1118.35,656.42,447.34,194.50,72.94,72.94,24.31,0.00,0.00,0.00,0.00,0.00,0.00,0.00,1.273
59257,695.94,68.73,2.56,24.27,339.84,898.15,946.69,873.87,1165.16,1092.34,1480.73,1456.45,1577.82,1189.44,995.24,534.03,737.94,218.47,218.47,169.92,0.00,0.00,0.00,0.00,0.00,0.00,0.00,0.00,1.264
59258,738.30,66.62,2.39,24.23,944.98,944.98,1163.06,1017.67,1284.21,993.44,1453.82,1574.97,1405.36,1235.75,993.44,557.30,639.68,242.30,193.84,96.92,0.00,0.00,0.00,0.00,0.00,0.00,0.00,0.00,1.268
59259,726.10,65.79,2.40,72.80,630.97,1213.40,1092.06,1116.32,1116.32,1359.00,1334.74,1601.68,946.45,1334.74,946.45,582.43,640.67,266.95,121.34,121.34,0.00,24.27,0.00,0.00,0.00,0.00,0.00,0.00,1.265
59260,731.24,68.37,2.45,0.00,533.93,1067.85,800.89,1140.66,1407.62,970.78,1237.74,2014.36,1310.55,1140.66,1213.47,533.93,718.37,291.23,194.16,48.54,0.00,0.00,0.00,0.00,0.00,0.00,0.00,0.00,1.266
59261,730.30,66.60,2.38,24.28,825.47,995.42,946.86,1019.70,995.42,1699.50,1335.32,1311.04,1286.76,1311.04,1116.81,582.69,718.65,169.95,194.23,48.56,24.28,0.00,0.00,0.00,0.00,0.00,0.00,0.00,1.270
59262,789.02,70.22,2.50,48.56,776.88,1043.94,1310.99,1262.43,1213.88,1505.21,1141.05,1699.43,1480.93,1286.71,1335.27,582.66,679.77,169.94,194.22,24.28,0.00,0.00,24.28,0.00,0.00,0.00,0.00,0.00,1.266
59263,756.89,72.14,2.83,0.00,802.10,1288.23,875.02,1385.45,1482.67,1093.78,1409.76,1458.37,1239.61,1118.08,1045.16,607.65,505.57,388.90,194.45,121.53,72.92,24.31,24.31,0.00,0.00,0.00,0.00,0.00,1.265
59264,764.70,70.81,2.56,24.34,705.81,997.86,1168.23,1070.88,1070.88,1435.95,1533.30,1411.61,1411.61,1533.30,1046.54,778.82,545.17,365.07,73.01,48.68,73.01,0.00,0.00,0.00,0.00,0.00,0.00,0.00,1.264
59265,707.39,64.05,2.34,48.48,678.79,1018.18,993.94,1163.63,1309.09,1212.12,1236.36,1236.36,1357.57,1284.85,1090.91,315.15,717.57,242.42,193.94,0.00,24.24,0.00,24.24,0.00,0.00,0.00,0.00,0.00,1.269
59266,735.64,65.53,2.28,24.31,680.69,1118.28,729.32,1166.90,1166.90,1604.49,1337.08,1361.39,1093.97,1823.29,948.11,680.69,661.25,218.79,48.62,24.31,0.00,24.31,0.00,0.00,0.00,0.00,0.00,0.00,1.266
59267,756.82,68.31,2.46,97.15,655.78,971.53,1044.39,898.66,1433.01,1020.11,1870.19,1773.04,1238.70,1335.85,1141.55,752.94,563.49,121.44,121.44,24.29,24.29,24.29,24.29,0.00,0.00,0.00,0.00,0.00,1.265
59268,789.90,67.51,2.37,24.30,874.97,1263.84,1093.71,1190.93,1433.98,1385.37,1458.28,1798.55,1482.59,1385.37,1020.80,340.27,388.88,413.18,121.52,97.22,24.30,0.00,0.00,0.00,0.00,0.00,0.00,0.00,1.267
59269,735.96,67.86,2.44,24.32,583.71,1094.45,924.20,997.17,1410.63,1313.34,1361.99,1580.88,1118.77,1434.95,1167.42,535.07,661.54,243.21,145.93,121.61,0.00,0.00,0.00,0.00,0.00,0.00,0.00,0.00,1.269
59270,695.27,64.89,2.31,24.32,510.69,778.20,705.24,972.75,1142.98,1361.85,1605.04,1459.12,1361.85,1142.98,1215.94,607.97,603.10,267.51,72.96,48.64,0.00,24.32,0.00,0.00,0.00,0.00,0.00,0.00,1.268
59271,772.09,71.24,2.60,72.75,630.48,1285.20,1018.46,994.21,1382.20,1333.70,1697.44,1309.45,1333.70,1382.20,1091.21,630.48,698.37,315.24,169.74,48.50,24.25,24.25,0.00,0.00,0.00,0.00,0.00,0.00,1.267
59272,713.28,67.17,2.48,96.95,654.39,751.33,1042.17,1139.12,1308.78,1260.30,1381.49,1236.07,1405.72,1042.17,1211.83,436.26,717.40,218.13,218.13,121.18,24.24,0.00,0.00,0.00,0.00,0.00,0.00,0.00,1.269
59273,701.00,65.99,2.40,0.00,485.29,727.94,776.47,1310.29,1237.49,1431.61,1261.76,1480.14,1334.55,1334.55,752.20,679.41,698.82,339.70,72.79,48.53,24.26,24.26,0.00,0.00,0.00,0.00,0.00,0.00,1.266
59274,713.18,63.79,2.27,24.27,752.25,1116.24,946.37,994.91,1140.50,1213.30,1383.16,1504.49,1310.36,1189.03,1116.24,655.18,504.73,242.66,48.53,48.53,72.80,0.00,0.00,0.00,0.00,0.00,0.00,0.00,1.266
59275,764.14,72.75,2.67,72.96,778.25,826.89,1045.77,851.21,1313.29,1580.81,1483.53,1361.93,1507.85,1288.97,1143.05,729.61,739.33,243.20,121.60,194.56,0.00,0.00,0.00,0.00,0.00,0.00,0.00,0.00,1.266
59276,724.35,64.26,2.25,24.29,898.75,1093.08,1117.37,898.75,825.88,1335.99,1530.31,1263.11,1360.28,1408.86,1117.37,680.14,641.27,170.03,48.58,48.58,0.00,24.29,0.00,0.00,0.00,0.00,0.00,0.00,1.266
59277,729.29,66.82,2.53,48.64,656.58,1118.62,1094.30,1069.98,1191.57,1240.21,1775.20,1386.11,1142.94,1142.94,1069.98,559.31,505.81,218.86,267.50,0.00,72.95,0.00,0.00,24.32,0.00,0.00,0.00,0.00,1.267
59278,735.80,67.69,2.40,24.27,509.63,679.50,970.72,1237.66,1553.15,1116.32,1577.42,1431.81,1480.34,1237.66,1310.47,509.63,543.60,266.95,242.68,0.00,24.27,0.00,0.00,0.00,0.00,0.00,0.00,0.00,1.264
59279,776.90,71.26,2.52,24.32,559.44,1094.56,1386.45,899.97,972.94,1362.12,1654.00,1702.65,1556.71,1313.47,1167.53,705.38,603.23,316.21,170.27,24.32,24.32,0.00,0.00,0.00,0.00,0.00,0.00,0.00,1.267
59280,744.45,66.16,2.32,48.56,776.99,995.52,1141.21,1044.08,1141.21,1286.89,1626.83,1553.98,1335.45,1189.77,922.68,704.15,660.44,291.37,145.69,0.00,24.28,0.00,0.00,0.00,0.00,0.00,0.00,0.00,1.270
59281,744.93,67.13,2.37,24.22,387.48,1065.56,1017.13,1477.26,1089.78,1162.43,1840.52,1453.04,1331.95,1283.52,1041.35,702.30,464.97,339.04,145.30,72.65,0.00,0.00,0.00,0.00,0.00,0.00,0.00,0.00,1.270
59282,742.12,67.61,2.44,24.36,730.67,1120.36,852.45,828.09,1169.07,1485.70,1558.76,1631.83,1558.76,1266.49,974.23,560.18,545.57,267.91,170.49,48.71,24.36,24.36,0.00,0.00,0.00,0.00,0.00,0.00,1.265
59283,703.04,70.94,2.71,24.29,971.72,947.43,850.26,753.09,1214.65,947.43,1117.48,1676.22,1214.65,971.72,1190.36,558.74,796.81,485.86,218.64,97.17,24.29,0.00,0.00,0.00,0.00,0.00,0.00,0.00,1.263
59284,735.06,68.20,2.47,24.28,509.95,1189.89,704.22,995.62,1287.02,1457.00,1651.27,1384.15,1262.74,1408.44,1141.32,558.52,641.08,242.83,121.42,72.85,24.28,24.28,0.00,0.00,0.00,0.00,0.00,0.00,1.266
59285,739.04,67.17,2.44,48.69,876.33,1119.76,900.67,1265.81,1144.10,1144.10,1119.76,1630.95,1484.89,1290.15,1046.73,608.56,564.75,292.11,146.06,48.69,24.34,24.34,0.00,0.00,0.00,0.00,0.00,0.00,1.268
59286,781.28,75.14,2.84,24.31,1093.89,996.65,923.73,1191.12,996.65,1288.35,1288.35,1531.44,1871.76,1264.05,1239.74,534.79,602.85,413.25,218.78,97.23,24.31,0.00,24.31,0.00,0.00,0.00,0.00,0.00,1.266
59287,776.90,75.48,2.81,72.97,681.06,997.27,997.27,1167.53,1094.56,1264.83,1508.06,1289.15,1556.71,1726.98,1143.21,583.77,797.81,437.82,97.29,97.29,0.00,0.00,24.32,0.00,0.00,0.00,0.00,0.00,1.263
59288,717.79,62.91,2.15,48.58,607.27,1165.95,1020.21,874.46,1238.82,947.34,1408.86,1481.73,1773.22,1335.99,1020.21,631.56,388.65,291.49,72.87,48.58,0.00,0.00,0.00,0.00,0.00,0.00,0.00,0.00,1.269
59289,697.22,64.44,2.27,48.57,607.12,874.25,995.68,874.25,971.39,1408.52,1311.38,1432.81,1384.24,1287.10,1019.96,485.70,854.83,242.85,121.42,24.28,0.00,0.00,0.00,0.00,0.00,0.00,0.00,0.00,1.265
59290,728.94,65.51,2.36,97.22,559.04,947.94,1263.92,826.41,1312.53,1239.61,1555.59,1628.51,1288.23,1312.53,1118.08,340.29,505.57,388.90,97.22,24.31,48.61,24.31,0.00,0.00,0.00,0.00,0.00,0.00,1.265
59291,728.58,70.49,2.62,48.59,534.47,1141.82,971.76,1020.35,1044.64,1263.29,1554.82,1287.58,1409.05,1044.64,1311.88,583.06,602.49,437.29,218.65,72.88,24.29,0.00,0.00,0.00,0.00,0.00,0.00,0.00,1.265
