NASA Intern/Datasets/LARGE/SASA-LARGE-OPTICAL_P3B_20220712_RA_L1.ict
87,1001
Richard Moore, Luke Ziemba, Edward Winstead, Michael Shook, Claire Robinson, John Barrick, Bruce Anderson, and Ali Omar
NASA Langley
In-situ optical aerosol measurements from the NASA P3B
NASA SASA
1,1
2022,07,12,2022,07,13
1.0
Time_Mid,Secs after midnight,Time of acquisition
19
1,1,1,1,1,1,1,1,1,1,1,1,1,1,1,1,1,1,1
-9999,-9999,-9999,-9999,-9999,-9999,-9999,-9999,-9999,-9999,-9999,-9999,-9999,-9999,-9999,-9999,-9999,-9999,-9999
Sc550_total_amb, Mm-1, AerOpt_Scattering_InSitu_Green_RHa_Bulk_STP, scattering coefficient of ambient  particles at 550nm
Sc450_total, Mm-1, AerOpt_Scattering_InSitu_Blue_RHd_Bulk_STP, Dry Scattering at 450nm (Total Aerosols)
Sc550_total, Mm-1, AerOpt_Scattering_InSitu_Green_RHd_Bulk_STP, Dry Scattering at 550nm (Total Aerosols)
Sc700_total, Mm-1, AerOpt_Scattering_InSitu_Red_RHd_Bulk_STP, Dry Scattering at 700nm (Total Aerosols)
Abs470_total, Mm-1, AerOpt_Absorption_InSitu_Blue_RHd_Bulk_STP, Dry absorption at 470nm (Total Aerosols)
Abs532_total, Mm-1, AerOpt_Absorption_InSitu_Green_RHd_Bulk_STP, Dry absorption at 532nm (Total Aerosols)
Abs660_total, Mm-1, AerOpt_Absorption_InSitu_Red_RHd_Bulk_STP, Dry absorption at 660nm (Total Aerosols)
Ext532_total_amb, Mm-1, AerOpt_Extinction_InSitu_Green_RHa_Bulk_STP, extinction coefficient of aerosols at 532nm for AMBIENT relative humidity
Ext532_total_dry, Mm-1, AerOpt_Extinction_InSitu_Green_RHd_Bulk_STP, extinction coefficient of aerosols at 532nm for DRY relative humidity
gamma550, unitless, AerOpt_Gamma_InSitu_Green_None_Bulk_STP, derived hygroscopic growth factor for particles at 550nm
fRH550_RH20to80, unitless, AerOpt_fRHScat_InSitu_Green_RHsp_Bulk_STP, derived hygroscopic growth parameter for particles at 550nm
AEscatAMB_450to700nm,unitless, AerOpt_AngstromExponentScat_InSitu_BluetoRed_RHa_Bulk_STP, derived ambient Angstrom Exponent for scattering coefficient over wavelength range from 450nm to 700nm
AEscatDRY_450to700nm,unitless, AerOpt_AngstromExponentScatInSitu_BluetoRed_RHd_Bulk_STP, derived dry Angstrom Exponent for scattering coefficient over wavelength range from 450nm to 700nm
AEabsDRY_470to660nm,unitless, AerOpt_AngstromExponentAbs_InSitu_BluetoRed_RHd_Bulk_STP, derived dry Angstrom Exponent for absorption coefficient over wavelength range from 450nm to 700nm
SSA_dry_450nm,unitless, AerOpt_SSA_InSitu_Blue_RHd_Bulk_STP, single_scattering_albedo_at_450nm_as_derived_from_dry_scattering_and_absorption
SSA_dry_550nm,unitless, AerOpt_SSA_InSitu_Green_RHd_Bulk_STP, single_scattering_albedo_at_550nm_as_derived_from_dry_scattering_and_absorption
SSA_dry_700nm,unitless, AerOpt_SSA_InSitu_Red_RHd_Bulk_STP, single_scattering_albedo_at_700nm_as_derived_from_dry_scattering_and_absorption
SSA_amb_550nm,unitless, AerOpt_SSA_InSitu_Green_RHa_Bulk_STP, single_scattering_albedo_at_550nm_as_derived_from_ambient_scattering_and_absorption
stdPT,unitless, None, Conversion factor to convert between ambient and standard pressure and temperature conditions
0
54
******************************************************************************************************************
Langley Aerosol data from the 2022 SASA field campaign
 
PI_CONTACT_INFO: richard.h.moore@nasa.gov
PLATFORM: NASA P3B aircraft
LOCATION: Latitude, Longitude, and Altitude included in MetNav files
ASSOCIATED_DATA: N/A
[...]
ANGSTROM EXPONENT AND SSA CALCULATIONS: 
	- The Absorption coefficients were corrected to the wavelengths of the TSI nepholometer using the measured angstrom exponents
	- The scattering and absorption coefficients were smoothed with a 30s running average to compute the SSA and AE
	- Ambient SSA is calculated with ambient scattering and dry absorption
	- SSA is computed only when both scattering and absorption are greater than 1 Mm-1
	- Scattering Angstrom Exponents are computed only when relevant scattering measurements are greater than 1 Mm-1
	- Absorption Angstrom Exponents are computed only when relevant absorption measurements are greater than 2 Mm-1
DATA_INFO: Aerosol measurements are reported at standard temperature and pressure (0 deg C, 1013 mb)
UNCERTAINTY: all data are 5%
ULOD_FLAG: -7777
ULOD_VALUE: N/A
LLOD_FLAG: -8888
LLOD_VALUE: N/A
DM_CONTACT_INFO: Michael Shook (michael.shook@nasa.gov)
PROJECT_INFO: SASA 2022
STIPULATIONS_ON_USE: This is FIELD data. Please consult the PI and/or DM prior to use.
OTHER_COMMENTS: Ambient calculations currently use RH data from field Hsking files. Once available, calculations will be updated with final MetNav data.
REVISION: RA
RA: None
******************************************************************************************************************
Time_Mid,Sc550_total_amb,Sc450_total,Sc550_total,Sc700_total,Abs470_total,Abs532_total,Abs660_total,Ext532_total_amb,Ext532_total_dry,gamma550,fRH550_RH20to80,AEscatAMB_450to700nm,AEscatDRY_450to700nm,AEabsDRY_470to660nm,SSA_dry_450nm,SSA_dry_550nm,SSA_dry_700nm,SSA_amb_550nm,stdPT
[from data line 3816]
53156,-9999.00,45.92,27.30,11.39,3.92,3.94,5.07,-9999.00,33.76,-9999.00,-9999.00,-9999,3.06,0.71,0.926,0.903,0.821,-9999,1.159
53157,-9999.00,47.73,28.29,12.47,1.07,1.69,0.84,-9999.00,32.60,-9999.00,-9999.00,-9999,3.06,0.63,0.928,0.904,0.821,-9999,1.161
53158,-9999.00,49.42,29.20,13.56,1.57,2.03,0.88,-9999.00,33.92,-9999.00,-9999.00,-9999,3.06,0.75,0.930,0.907,0.831,-9999,1.159
53159,-9999.00,46.64,29.36,12.55,3.00,2.31,-0.45,-9999.00,34.36,-9999.00,-9999.00,-9999,3.06,0.90,0.933,0.913,0.845,-9999,1.159
53160,-9999.00,43.79,27.26,10.67,3.43,1.07,-0.67,-9999.00,30.82,-9999.00,-9999.00,-9999,3.06,1.03,0.937,0.919,0.857,-9999,1.161
53161,-9999.00,46.89,27.25,11.21,3.81,3.79,5.31,-9999.00,33.54,-9999.00,-9999.00,-9999,3.05,1.18,0.937,0.920,0.864,-9999,1.164
53162,-9999.00,49.69,27.12,11.69,3.60,5.11,7.56,-9999.00,34.74,-9999.00,-9999.00,-9999,3.03,1.19,0.935,0.917,0.863,-9999,1.161
53163,-9999.00,48.94,28.10,11.28,3.39,2.47,2.79,-9999.00,33.21,-9999.00,-9999.00,-9999,3.03,1.11,0.937,0.917,0.863,-9999,1.160
53164,-9999.00,47.78,28.14,11.66,4.80,3.34,1.56,-9999.00,34.12,-9999.00,-9999.00,-9999,3.04,1.00,0.940,0.921,0.863,-9999,1.158
53165,-9999.00,45.62,24.74,12.32,1.46,2.41,1.34,-9999.00,29.44,-9999.00,-9999.00,-9999,3.06,0.99,0.940,0.923,0.862,-9999,1.162
53166,-9999.00,51.58,24.26,11.48,-1.64,0.00,-0.16,-9999.00,26.50,-9999.00,-9999.00,-9999,3.08,-9999,0.939,0.922,0.863,-9999,1.162
53167,-9999.00,45.61,26.03,8.71,1.18,0.18,-0.22,-9999.00,28.59,-9999.00,-9999.00,-9999,3.10,-9999,0.938,0.922,0.860,-9999,1.161
53168,-9999.00,45.92,26.26,10.29,6.22,4.18,3.05,-9999.00,32.83,-9999.00,-9999.00,-9999,3.11,1.03,0.934,0.917,0.849,-9999,1.162
53169,-9999.00,44.73,26.55,9.76,7.90,7.06,5.39,-9999.00,36.03,-9999.00,-9999.00,-9999,3.13,0.95,0.929,0.910,0.834,-9999,1.159
53170,-9999.00,43.40,26.76,9.21,4.51,3.07,3.16,-9999.00,32.27,-9999.00,-9999.00,-9999,3.12,0.81,0.929,0.908,0.828,-9999,1.159
53171,-9999.00,43.75,26.65,9.34,1.90,0.37,3.38,-9999.00,29.43,-9999.00,-9999.00,-9999,3.10,0.81,0.933,0.911,0.837,-9999,1.165
53172,-9999.00,46.47,28.03,12.64,1.02,1.84,3.33,-9999.00,32.39,-9999.00,-9999.00,-9999,3.09,0.85,0.932,0.912,0.839,-9999,1.159
53173,-9999.00,40.59,27.36,10.99,1.90,2.00,0.06,-9999.00,31.80,-9999.00,-9999.00,-9999,3.08,0.78,0.930,0.910,0.831,-9999,1.161
53174,-9999.00,43.82,27.23,11.26,0.70,-0.52,-1.84,-9999.00,29.12,-9999.00,-9999.00,-9999,3.06,0.68,0.929,0.909,0.826,-9999,1.160
53175,-9999.00,39.30,21.81,11.74,-0.37,-0.21,-2.04,-9999.00,23.52,-9999.00,-9999.00,-9999,3.04,0.60,0.928,0.908,0.821,-9999,1.162
53176,-9999.00,39.09,21.44,12.96,4.25,3.43,1.33,-9999.00,26.77,-9999.00,-9999.00,-9999,3.01,0.59,0.927,0.906,0.820,-9999,1.160
53177,-9999.00,38.74,20.96,14.15,4.95,4.26,4.62,-9999.00,27.08,-9999.00,-9999.00,-9999,2.98,0.75,0.927,0.907,0.830,-9999,1.163
53178,-9999.00,40.09,21.84,9.15,-0.53,1.11,1.21,-9999.00,24.88,-9999.00,-9999.00,-9999,2.96,0.99,0.926,0.907,0.841,-9999,1.158
53179,-9999.00,41.10,24.23,9.38,0.51,1.13,1.63,-9999.00,27.49,-9999.00,-9999.00,-9999,2.93,1.00,0.925,0.904,0.840,-9999,1.161
53180,-9999.00,42.12,26.67,9.62,4.93,3.37,4.86,-9999.00,32.38,-9999.00,-9999.00,-9999,2.91,0.90,0.927,0.905,0.841,-9999,1.159
53181,-9999.00,39.86,24.82,10.27,3.42,2.55,2.03,-9999.00,29.52,-9999.00,-9999.00,-9999,2.89,0.91,0.928,0.907,0.843,-9999,1.160
53182,-9999.00,39.66,24.91,10.61,3.27,2.84,2.38,-9999.00,29.84,-9999.00,-9999.00,-9999,2.85,1.02,0.924,0.907,0.844,-9999,1.166
53183,-9999.00,45.40,28.57,12.19,7.59,6.12,5.94,-9999.00,37.06,-9999.00,-9999.00,-9999,2.83,1.04,0.923,0.908,0.845,-9999,1.161
53184,-9999.00,45.21,28.45,11.43,7.83,6.41,5.45,-9999.00,37.20,-9999.00,-9999.00,-9999,2.82,1.03,0.927,0.912,0.851,-9999,1.161
53185,-9999.00,46.14,30.87,13.87,3.70,3.00,2.57,-9999.00,36.38,-9999.00,-9999.00,-9999,2.82,1.04,0.931,0.916,0.860,-9999,1.161
53186,-9999.00,48.91,31.59,13.65,2.13,2.20,2.14,-9999.00,36.35,-9999.00,-9999.00,-9999,2.80,1.04,0.933,0.917,0.864,-9999,1.159
53187,-9999.00,47.05,29.88,13.38,4.52,3.53,4.55,-9999.00,35.81,-9999.00,-9999.00,-9999,2.79,1.12,0.932,0.917,0.866,-9999,1.159
53188,-9999.00,45.26,28.22,13.13,4.47,3.64,5.23,-9999.00,34.11,-9999.00,-9999.00,-9999,2.78,1.27,0.930,0.917,0.869,-9999,1.161
53189,-9999.00,40.11,28.77,14.83,2.14,2.92,3.84,-9999.00,33.99,-9999.00,-9999.00,-9999,2.78,1.23,0.928,0.913,0.863,-9999,1.159
53190,-9999.00,45.58,29.27,15.76,4.40,3.19,3.02,-9999.00,34.80,-9999.00,-9999.00,-9999,2.78,1.08,0.923,0.905,0.848,-9999,1.160
53191,-9999.00,50.98,29.83,16.71,5.74,3.61,1.51,-9999.00,35.81,-9999.00,-9999.00,-9999,2.78,0.92,0.917,0.898,0.830,-9999,1.158
53192,-9999.00,46.98,27.36,15.59,3.43,3.08,0.57,-9999.00,32.61,-9999.00,-9999.00,-9999,2.79,0.76,0.917,0.898,0.821,-9999,1.162
53193,-9999.00,43.01,24.90,14.48,4.65,4.90,1.99,-9999.00,31.77,-9999.00,-9999.00,-9999,2.82,0.73,0.919,0.900,0.822,-9999,1.162
53194,-9999.00,42.01,24.68,13.39,4.75,5.49,3.39,-9999.00,32.13,-9999.00,-9999.00,-9999,2.81,0.79,0.917,0.900,0.823,-9999,1.159
53195,-9999.00,46.56,28.82,15.07,1.40,2.12,1.83,-9999.00,33.20,-9999.00,-9999.00,2.77,2.80,0.87,0.917,0.901,0.826,0.913,1.157
53196,-9999.00,51.03,32.93,16.74,1.63,1.19,1.01,-9999.00,36.68,-9999.00,-9999.00,2.78,2.78,1.04,0.917,0.903,0.837,0.914,1.162
53197,-9999.00,46.22,33.42,16.60,3.18,1.04,0.60,-9999.00,37.04,-9999.00,-9999.00,2.72,2.77,1.12,0.918,0.904,0.841,0.915,1.161
53198,-9999.00,45.53,30.59,12.29,2.42,-0.66,0.02,-9999.00,32.27,-9999.00,-9999.00,2.69,2.76,1.10,0.919,0.905,0.843,0.914,1.165
53199,-9999.00,42.34,28.35,10.87,0.96,0.42,-0.28,-9999.00,30.93,-9999.00,-9999.00,2.62,2.74,1.15,0.921,0.907,0.850,0.917,1.161
53200,-9999.00,39.16,26.11,9.46,0.41,2.88,-0.24,-9999.00,30.98,-9999.00,-9999.00,2.63,2.73,1.16,0.923,0.908,0.854,0.917,1.165
53201,-9999.00,38.28,26.13,10.39,1.86,1.88,1.46,-9999.00,30.01,-9999.00,-9999.00,2.64,2.73,1.04,0.923,0.906,0.850,0.915,1.161
53202,-9999.00,38.08,25.99,10.18,2.78,0.12,2.18,-9999.00,28.12,-9999.00,-9999.00,2.68,2.74,1.03,0.921,0.905,0.845,0.914,1.161
53203,-9999.00,41.88,26.72,11.40,3.62,2.08,1.71,-9999.00,30.86,-9999.00,-9999.00,2.74,2.76,1.07,0.921,0.905,0.846,0.914,1.158
53204,-9999.00,37.07,25.71,10.50,5.20,5.61,3.04,-9999.00,33.30,-9999.00,-9999.00,2.79,2.78,1.08,0.924,0.907,0.850,0.915,1.160
53205,-9999.00,42.44,26.84,11.61,7.89,7.75,6.81,-9999.00,36.69,-9999.00,-9999.00,2.77,2.79,1.26,0.925,0.911,0.859,0.919,1.160
53206,-9999.00,44.82,26.63,12.54,9.32,8.05,9.06,-9999.00,36.79,-9999.00,-9999.00,2.76,2.79,1.36,0.925,0.912,0.864,0.920,1.160
53207,-9999.00,46.92,26.29,13.42,4.88,4.56,6.65,-9999.00,32.93,-9999.00,-9999.00,2.71,2.79,1.19,0.926,0.913,0.858,0.921,1.160
53208,-9999.00,46.90,26.01,12.46,2.13,1.67,3.34,-9999.00,29.73,-9999.00,-9999.00,2.69,2.79,1.11,0.927,0.913,0.856,0.921,1.162
53209,-9999.00,45.06,27.38,12.18,2.10,2.00,1.34,-9999.00,31.54,-9999.00,-9999.00,2.66,2.79,1.15,0.927,0.915,0.858,0.923,1.160
53210,32.20,43.19,28.83,11.96,1.85,1.12,0.37,35.81,32.22,0.14,1.21,2.66,2.80,1.14,0.927,0.917,0.857,0.924,1.159
53211,31.61,43.84,30.24,12.15,3.91,0.81,-0.91,34.87,33.44,0.06,1.08,2.66,2.81,1.08,0.924,0.912,0.849,0.920,1.162
53212,32.12,41.54,29.69,12.52,3.49,2.10,-0.12,36.74,34.16,0.09,1.14,2.67,2.84,1.03,0.923,0.907,0.842,0.915,1.159
53213,30.83,43.54,29.92,14.10,1.85,2.24,2.06,35.52,34.60,0.04,1.05,2.69,2.87,0.93,0.923,0.904,0.836,0.913,1.159
53214,32.51,41.75,28.39,15.13,4.25,3.72,2.11,38.81,34.44,0.15,1.23,2.69,2.88,0.88,0.922,0.902,0.832,0.911,1.158
53215,30.84,45.46,28.44,13.87,4.85,5.84,3.29,39.14,36.63,0.10,1.15,2.69,2.88,0.88,0.920,0.900,0.828,0.909,1.162
53216,30.56,44.43,26.90,13.09,3.25,4.47,5.31,37.50,33.62,0.17,1.27,2.69,2.86,0.84,0.918,0.899,0.823,0.909,1.163
53217,28.39,43.81,25.65,9.77,4.26,3.03,3.96,33.70,30.85,0.13,1.19,2.69,2.87,0.83,0.917,0.898,0.820,0.907,1.160
53218,28.80,40.23,25.42,8.16,3.96,2.74,3.13,33.86,30.32,0.16,1.25,2.69,2.88,0.86,0.915,0.893,0.818,0.903,1.162
53219,28.43,40.35,25.51,7.81,0.39,0.89,2.05,31.61,28.57,0.13,1.20,2.69,2.88,0.79,0.916,0.892,0.816,0.901,1.159
53220,33.27,53.15,31.39,16.81,0.75,-0.18,-1.41,35.77,33.90,0.07,1.10,2.69,2.89,0.75,0.918,0.895,0.816,0.904,1.160
53221,31.10,50.55,29.43,16.42,4.66,1.25,0.82,34.87,33.22,0.08,1.11,2.69,2.88,0.79,0.920,0.900,0.825,0.909,1.162
53222,30.04,47.86,27.43,16.02,4.25,3.01,4.54,35.49,32.81,0.11,1.16,2.69,2.88,0.87,0.925,0.905,0.837,0.914,1.158
53223,30.15,46.93,27.27,15.98,2.36,2.65,1.74,35.26,32.27,0.13,1.20,2.69,2.88,1.05,0.926,0.908,0.847,0.916,1.163
53224,29.09,41.28,24.51,13.38,3.92,2.35,0.62,33.81,28.95,0.21,1.34,2.69,2.86,1.21,0.925,0.908,0.853,0.916,1.163
53225,29.63,42.96,25.66,12.94,5.59,4.36,4.20,36.39,32.18,0.16,1.25,2.69,2.86,1.21,0.923,0.906,0.850,0.914,1.160
53226,30.99,44.72,26.84,12.53,4.79,6.69,5.55,40.20,35.80,0.17,1.27,2.68,2.85,1.11,0.921,0.903,0.841,0.911,1.160
53227,29.43,47.70,26.31,10.59,4.02,6.02,4.07,37.83,34.55,0.14,1.21,2.67,2.84,0.96,0.920,0.899,0.834,0.907,1.160
53228,29.18,47.15,26.58,11.03,3.19,3.23,3.02,34.78,32.06,0.11,1.17,2.67,2.84,0.91,0.919,0.895,0.829,0.904,1.162
53229,30.99,46.96,28.97,11.48,3.29,2.03,2.14,35.55,33.48,0.09,1.13,2.68,2.86,0.95,0.917,0.895,0.827,0.904,1.165
53230,29.50,45.70,26.96,12.32,4.61,2.43,2.47,34.37,31.73,0.11,1.16,2.69,2.89,0.87,0.917,0.897,0.822,0.905,1.163
53231,28.69,44.35,24.89,13.33,4.01,3.28,3.53,34.33,30.31,0.15,1.23,2.68,2.89,0.73,0.917,0.897,0.814,0.905,1.158
53232,31.41,47.95,29.09,11.84,4.58,3.90,3.72,37.89,35.47,0.09,1.13,2.68,2.89,0.78,0.915,0.894,0.813,0.902,1.160
53233,31.31,48.13,29.25,11.82,5.50,5.13,3.57,39.02,36.87,0.09,1.13,2.67,2.87,0.84,0.915,0.892,0.817,0.900,1.164
53234,33.50,52.08,32.71,13.52,3.59,4.47,3.73,40.73,39.95,0.03,1.04,2.65,2.84,0.83,0.916,0.892,0.821,0.901,1.160
53235,32.10,48.18,29.14,13.30,3.65,2.82,3.23,37.57,34.43,0.13,1.19,2.64,2.82,0.86,0.914,0.891,0.820,0.899,1.163
53236,30.71,44.22,25.53,13.15,3.56,2.04,2.02,35.29,29.76,0.21,1.34,2.65,2.85,0.81,0.912,0.888,0.811,0.897,1.158
53237,30.30,44.10,25.31,12.29,2.56,2.04,1.62,34.84,29.51,0.22,1.35,2.66,2.87,0.76,0.912,0.887,0.808,0.896,1.161
53238,30.10,44.90,27.14,13.55,3.17,1.65,0.61,34.22,31.08,0.12,1.18,2.67,2.89,0.82,0.912,0.887,0.809,0.896,1.161
53239,31.19,45.56,28.92,14.77,3.55,1.90,0.31,35.63,33.23,0.09,1.14,2.68,2.90,0.82,0.910,0.885,0.804,0.894,1.162
53240,31.94,44.76,30.06,12.32,4.81,4.39,3.26,38.92,36.95,0.07,1.11,2.69,2.92,0.76,0.908,0.883,0.796,0.892,1.163
53241,34.31,44.76,30.33,13.68,5.59,5.13,5.58,42.22,37.99,0.12,1.18,2.69,2.93,0.77,0.908,0.882,0.795,0.891,1.156
53242,34.79,50.32,34.94,15.84,5.80,5.53,4.45,43.13,43.38,-0.01,0.99,2.69,2.93,0.84,0.907,0.884,0.798,0.893,1.161
53243,35.09,49.61,32.71,15.23,6.03,6.17,3.39,44.08,41.59,0.08,1.12,2.67,2.92,0.83,0.908,0.887,0.799,0.895,1.161
53244,34.79,54.86,32.50,12.67,5.21,3.09,3.18,40.66,38.27,0.07,1.10,2.65,2.89,0.83,0.908,0.886,0.801,0.894,1.160
53245,33.03,49.47,28.93,13.48,4.77,1.89,5.06,37.55,33.21,0.14,1.21,2.63,2.87,0.91,0.907,0.885,0.805,0.893,1.159
53246,37.22,55.36,36.97,15.77,5.77,6.57,8.48,46.75,46.57,0.01,1.01,2.63,2.87,0.98,0.907,0.886,0.809,0.895,1.158
53247,37.41,55.96,36.79,15.63,7.46,9.32,6.75,49.68,49.09,0.02,1.03,2.63,2.86,1.00,0.907,0.888,0.812,0.896,1.159
53248,34.26,48.45,31.61,16.08,5.04,5.69,2.72,42.65,39.84,0.09,1.13,2.62,2.85,0.96,0.908,0.887,0.811,0.895,1.159
53249,34.66,48.01,31.71,15.96,2.83,3.14,2.51,40.52,37.38,0.10,1.15,2.61,2.84,0.93,0.908,0.887,0.811,0.895,1.159
53250,32.98,51.13,29.31,14.08,4.58,2.74,4.16,38.31,34.40,0.13,1.20,2.61,2.84,0.98,0.908,0.888,0.812,0.896,1.158
53251,32.99,52.79,28.59,11.88,4.77,2.75,3.50,38.31,33.60,0.16,1.25,2.61,2.83,1.03,0.907,0.887,0.813,0.895,1.159
53252,35.82,53.58,32.35,13.06,4.32,3.03,2.09,41.63,37.94,0.11,1.16,2.60,2.82,1.04,0.905,0.885,0.812,0.894,1.158
53253,38.08,54.10,36.10,14.21,5.03,4.18,2.98,45.21,43.14,0.06,1.08,2.59,2.81,1.06,0.903,0.884,0.810,0.892,1.158
53254,38.19,54.13,36.20,15.13,6.96,6.15,5.21,47.32,45.24,0.06,1.08,2.59,2.81,1.00,0.904,0.883,0.808,0.891,1.159
53255,37.13,53.40,33.77,13.18,8.53,6.65,6.35,46.69,43.13,0.10,1.14,2.59,2.81,0.91,0.905,0.883,0.805,0.891,1.157
53256,36.30,57.53,32.70,16.32,7.39,6.16,5.25,45.34,41.53,0.11,1.17,2.59,2.81,0.90,0.905,0.885,0.806,0.893,1.159
53257,35.25,50.01,31.62,12.96,5.71,4.57,3.61,42.64,38.79,0.12,1.18,2.59,2.80,0.96,0.906,0.887,0.811,0.895,1.158
53258,35.89,55.10,32.65,14.88,3.90,3.75,4.49,42.54,39.13,0.10,1.15,2.58,2.81,1.01,0.908,0.888,0.817,0.896,1.158
53259,36.32,50.89,32.34,18.43,4.14,5.09,3.59,44.35,40.15,0.13,1.20,2.59,2.81,0.98,0.910,0.889,0.818,0.898,1.158
53260,34.74,51.09,31.40,14.80,5.44,3.78,0.65,41.34,37.82,0.12,1.18,2.58,2.78,0.97,0.909,0.887,0.817,0.896,1.159
53261,36.50,52.11,33.21,15.70,4.66,1.81,0.14,41.27,37.81,0.11,1.17,2.57,2.77,1.08,0.907,0.884,0.820,0.893,1.160
53262,37.24,53.08,35.01,16.59,3.96,2.63,2.56,42.91,40.61,0.07,1.11,2.57,2.76,1.22,0.904,0.882,0.823,0.891,1.160
53263,37.02,52.78,34.81,15.68,4.58,5.31,5.42,45.35,43.09,0.07,1.10,2.57,2.76,1.23,0.902,0.881,0.821,0.891,1.158
53264,38.04,54.42,35.32,15.04,5.09,5.59,4.41,46.73,43.94,0.08,1.11,2.57,2.76,1.18,0.902,0.881,0.818,0.891,1.156
53265,39.10,56.09,35.85,14.53,5.37,4.40,2.83,46.71,43.36,0.10,1.14,2.58,2.79,1.15,0.901,0.878,0.813,0.889,1.158
53266,38.68,54.34,36.05,16.88,6.02,4.92,3.19,46.75,44.07,0.08,1.12,2.56,2.77,1.15,0.899,0.875,0.811,0.886,1.158
53267,36.02,51.44,31.33,17.77,7.92,4.82,4.55,43.74,38.79,0.16,1.25,2.53,2.72,1.16,0.898,0.874,0.812,0.884,1.158
53268,34.86,52.82,30.71,16.81,6.71,4.39,3.78,42.03,37.66,0.16,1.24,2.49,2.67,1.15,0.895,0.873,0.812,0.883,1.159
53269,33.70,54.21,30.11,15.86,2.76,3.74,2.94,40.14,36.36,0.14,1.22,2.48,2.64,1.16,0.894,0.872,0.812,0.882,1.161
53270,32.58,54.04,30.05,16.81,2.53,2.23,3.20,37.44,34.80,0.11,1.17,2.47,2.64,1.20,0.894,0.872,0.814,0.883,1.162
53271,33.72,54.10,30.68,16.78,4.44,1.72,3.20,38.16,34.97,0.12,1.19,2.46,2.62,1.23,0.893,0.871,0.815,0.882,1.161
53272,33.91,53.96,31.21,16.68,4.37,2.71,2.49,39.33,36.49,0.10,1.14,2.46,2.60,1.22,0.891,0.870,0.814,0.880,1.158
53273,35.11,53.76,31.25,16.46,2.93,3.43,0.40,41.38,37.27,0.14,1.21,2.45,2.59,1.16,0.891,0.867,0.811,0.878,1.159
53274,35.58,53.49,31.24,16.23,3.39,4.01,2.50,42.44,37.82,0.16,1.24,2.45,2.57,1.15,0.889,0.865,0.808,0.875,1.160
53275,32.97,47.27,27.97,15.31,6.44,4.89,4.49,40.51,35.16,0.19,1.31,2.46,2.59,1.13,0.888,0.864,0.804,0.875,1.161
53276,33.74,49.49,29.36,16.05,8.66,6.34,3.81,42.78,38.09,0.17,1.26,2.46,2.59,1.03,0.887,0.863,0.797,0.873,1.160
53277,34.57,51.48,30.61,16.73,10.91,9.23,6.58,46.54,42.32,0.14,1.21,2.46,2.58,1.02,0.885,0.861,0.794,0.871,1.159
53278,34.74,51.54,30.41,15.75,10.20,9.16,7.90,46.63,41.99,0.13,1.20,2.45,2.56,1.10,0.885,0.862,0.800,0.872,1.156
53279,34.47,51.50,30.31,15.97,5.66,5.64,5.34,42.80,38.34,0.14,1.21,2.44,2.55,1.15,0.887,0.865,0.806,0.875,1.158
53280,34.63,55.41,31.48,12.69,5.66,6.62,5.32,43.94,40.57,0.11,1.16,2.43,2.53,1.14,0.886,0.866,0.805,0.876,1.159
53281,36.59,53.26,33.94,17.59,7.50,7.93,6.24,47.37,44.53,0.09,1.13,2.42,2.51,1.12,0.884,0.864,0.803,0.874,1.161
53282,37.26,50.64,36.04,22.62,7.89,4.94,5.41,45.13,43.83,0.04,1.06,2.43,2.51,1.08,0.883,0.862,0.800,0.872,1.162
53283,37.75,50.64,36.14,23.61,8.29,5.46,4.95,46.18,44.45,0.05,1.07,2.44,2.52,1.04,0.884,0.862,0.797,0.871,1.159
53284,36.24,49.76,33.45,18.93,6.50,5.43,3.79,44.53,41.52,0.08,1.12,2.44,2.53,1.02,0.884,0.861,0.795,0.870,1.159
53285,34.65,48.67,30.56,14.25,6.74,4.53,3.35,41.89,37.47,0.13,1.20,2.42,2.52,1.06,0.881,0.859,0.795,0.869,1.158
53286,35.58,49.90,32.99,16.53,10.82,8.03,6.58,46.34,43.52,0.08,1.13,2.40,2.48,1.10,0.877,0.856,0.793,0.866,1.160
53287,37.00,51.18,35.44,18.84,9.77,8.12,7.01,47.93,46.19,0.05,1.07,2.38,2.45,1.14,0.873,0.852,0.791,0.862,1.161
53288,34.77,56.12,32.13,16.57,6.33,7.89,6.65,45.28,42.38,0.09,1.14,2.38,2.45,1.14,0.870,0.850,0.788,0.860,1.160
53289,36.84,51.55,35.23,17.55,7.64,8.19,7.43,47.77,45.96,0.05,1.07,2.37,2.43,1.09,0.869,0.849,0.783,0.859,1.160
