NASA Intern/Datasets/LARGE/SASA-LARGE-OPTICAL_P3B_20220706_RA.ict
87,1001
Richard Moore, Luke Ziemba, Edward Winstead, Michael Shook, Claire Robinson, John Barrick, Bruce Anderson, and Ali Omar
NASA Langley
In-situ optical aerosol measurements from the NASA P3B
NASA SASA
1,1
2022,07,06,2022,07,7
1.0
Time_Mid,Secs after midnight,Time of acquisition
19
1,1,1,1,1,1,1,1,1,1,1,1,1,1,1,1,1,1,1
-9999,-9999,-9999,-9999,-9999,-9999,-9999,-9999,-9999,-9999,-9999,-9999,-9999,-9999,-9999,-9999,-9999,-9999,-9999
Sc550_total_amb, Mm-1, AerOpt_Scattering_InSitu_Green_RHa_Bulk_STP, scattering coefficient of ambient  particles at 550nm
Sc450_total, Mm-1, AerOpt_Scattering_InSitu_Blue_RHd_Bulk_STP, Dry Scattering at 450nm (Total Aerosols)
Sc550_total, Mm-1, AerOpt_Scattering_InSitu_Green_RHd_Bulk_STP, Dry Scattering at 550nm (Total Aerosols)
Sc700_total, Mm-1, AerOpt_Scattering_InSitu_Red_RHd_Bulk_STP, Dry Scattering at 700nm (Total Aerosols)
Abs470_total, Mm-1, AerOpt_Absorption_InSitu_Blue_RHd_Bulk_STP, Dry absorption at 470nm (Total Aerosols)
Abs532_total, Mm-1, AerOpt_Absorption_InSitu_Green_RHd_Bulk_STP, Dry absorption at 532nm (Total Aerosols)
Abs660_total, Mm-1, AerOpt_Absorption_InSitu_Red_RHd_Bulk_STP, Dry absorption at 660nm (Total Aerosols)
Ext532_total_amb, Mm-1, AerOpt_Extinction_InSitu_Green_RHa_Bulk_STP, extinction coefficient of aerosols at 532nm for AMBIENT relative humidity
Ext532_total_dry, Mm-1, AerOpt_Extinction_InSitu_Green_RHd_Bulk_STP, extinction coefficient of aerosols at 532nm for DRY relative humidity
gamma550, unitless, AerOpt_Gamma_InSitu_Green_None_Bulk_STP, derived hygroscopic growth factor for particles at 550nm
fRH550_RH20to80, unitless, AerOpt_fRHScat_InSitu_Green_RHsp_Bulk_STP, derived hygroscopic growth parameter for particles at 550nm
AEscatAMB_450to700nm,unitless, AerOpt_AngstromExponentScat_InSitu_BluetoRed_RHa_Bulk_STP, derived ambient Angstrom Exponent for scattering coefficient over wavelength range from 450nm to 700nm
AEscatDRY_450to700nm,unitless, AerOpt_AngstromExponentScatInSitu_BluetoRed_RHd_Bulk_STP, derived dry Angstrom Exponent for scattering coefficient over wavelength range from 450nm to 700nm
AEabsDRY_470to660nm,unitless, AerOpt_AngstromExponentAbs_InSitu_BluetoRed_RHd_Bulk_STP, derived dry Angstrom Exponent for absorption coefficient over wavelength range from 450nm to 700nm
SSA_dry_450nm,unitless, AerOpt_SSA_InSitu_Blue_RHd_Bulk_STP, single_scattering_albedo_at_450nm_as_derived_from_dry_scattering_and_absorption
SSA_dry_550nm,unitless, AerOpt_SSA_InSitu_Green_RHd_Bulk_STP, single_scattering_albedo_at_550nm_as_derived_from_dry_scattering_and_absorption
SSA_dry_700nm,unitless, AerOpt_SSA_InSitu_Red_RHd_Bulk_STP, single_scattering_albedo_at_700nm_as_derived_from_dry_scattering_and_absorption
SSA_amb_550nm,unitless, AerOpt_SSA_InSitu_Green_RHa_Bulk_STP, single_scattering_albedo_at_550nm_as_derived_from_ambient_scattering_and_absorption
stdPT,unitless, None, Conversion factor to convert between ambient and standard pressure and temperature conditions
0
54
******************************************************************************************************************
Langley Aerosol data from the 2022 SASA field campaign
 
PI_CONTACT_INFO: richard.h.moore@nasa.gov
PLATFORM: NASA P3B aircraft
LOCATION: Latitude, Longitude, and Altitude included in MetNav files
ASSOCIATED_DATA: N/A
[...]
ANGSTROM EXPONENT AND SSA CALCULATIONS: 
	- The Absorption coefficients were corrected to the wavelengths of the TSI nepholometer using the measured angstrom exponents
	- The scattering and absorption coefficients were smoothed with a 30s running average to compute the SSA and AE
	- Ambient SSA is calculated with ambient scattering and dry absorption
	- SSA is computed only when both scattering and absorption are greater than 1 Mm-1
	- Scattering Angstrom Exponents are computed only when relevant scattering measurements are greater than 1 Mm-1
	- Absorption Angstrom Exponents are computed only when relevant absorption measurements are greater than 2 Mm-1
DATA_INFO: Aerosol measurements are reported at standard temperature and pressure (0 deg C, 1013 mb)
UNCERTAINTY: all data are 5%
ULOD_FLAG: -7777
ULOD_VALUE: N/A
LLOD_FLAG: -8888
LLOD_VALUE: N/A
DM_CONTACT_INFO: Michael Shook (michael.shook@nasa.gov)
PROJECT_INFO: SASA 2022
STIPULATIONS_ON_USE: This is FIELD data. Please consult the PI and/or DM prior to use.
OTHER_COMMENTS: Ambient calculations currently use RH data from field Hsking files. Once available, calculations will be updated with final MetNav data.
REVISION: RA
RA: None
******************************************************************************************************************
Time_Mid,Sc550_total_amb,Sc450_total,Sc550_total,Sc700_total,Abs470_total,Abs532_total,Abs660_total,Ext532_total_amb,Ext532_total_dry,gamma550,fRH550_RH20to80,AEscatAMB_450to700nm,AEscatDRY_450to700nm,AEabsDRY_470to660nm,SSA_dry_450nm,SSA_dry_550nm,SSA_dry_700nm,SSA_amb_550nm,stdPT
[from data line 4272]
58172,-9999.00,24.51,13.89,4.84,2.19,2.46,0.69,-9999.00,17.55,-9999.00,-9999.00,-9999,2.94,-9999,0.953,-9999.000,-9999.000,-9999,1.171
58173,-9999.00,22.93,14.95,5.78,3.30,2.37,-0.15,-9999.00,18.60,-9999.00,-9999.00,-9999,2.92,-9999,0.948,0.932,-9999.000,-9999,1.170
58174,-9999.00,21.23,16.08,6.73,1.82,1.08,2.46,-9999.00,18.55,-9999.00,-9999.00,-9999,2.93,-9999,0.943,0.926,-9999.000,-9999,1.172
58175,-9999.00,23.29,16.37,5.22,-0.44,0.30,2.09,-9999.00,18.06,-9999.00,-9999.00,-9999,2.91,-9999,0.945,0.923,-9999.000,-9999,1.169
58176,-9999.00,25.33,16.98,3.71,0.26,0.21,-0.49,-9999.00,18.61,-9999.00,-9999.00,-9999,2.89,-9999,0.946,0.923,-9999.000,-9999,1.166
58177,-9999.00,27.00,13.05,6.23,1.15,1.48,1.21,-9999.00,15.61,-9999.00,-9999.00,-9999,2.90,-9999,0.940,0.921,0.859,-9999,1.169
58178,-9999.00,25.72,13.49,6.48,0.51,0.98,1.20,-9999.00,15.59,-9999.00,-9999.00,-9999,2.95,-9999,0.933,0.914,0.841,-9999,1.168
58179,-9999.00,24.44,13.93,6.72,0.69,-0.81,-0.04,-9999.00,14.27,-9999.00,-9999.00,-9999,3.00,-9999,0.929,0.907,0.829,-9999,1.167
58180,-9999.00,21.12,14.08,6.34,1.06,0.70,0.38,-9999.00,15.94,-9999.00,-9999.00,-9999,3.01,-9999,0.927,0.905,0.822,-9999,1.168
58181,-9999.00,20.08,14.69,4.17,1.69,2.16,0.16,-9999.00,18.06,-9999.00,-9999.00,-9999,3.01,-9999,0.925,0.905,0.818,-9999,1.168
58182,-9999.00,23.52,15.87,5.87,1.47,1.22,1.08,-9999.00,18.36,-9999.00,-9999.00,-9999,2.99,-9999,0.923,0.904,0.819,-9999,1.168
58183,-9999.00,22.96,15.23,6.02,1.26,0.12,1.71,-9999.00,16.52,-9999.00,-9999.00,-9999,2.97,-9999,0.921,0.903,0.815,-9999,1.167
58184,-9999.00,22.40,14.58,6.16,1.86,0.62,0.93,-9999.00,16.28,-9999.00,-9999.00,-9999,2.93,-9999,0.918,0.901,0.808,-9999,1.167
58185,-9999.00,20.94,13.32,6.18,1.66,1.63,0.45,-9999.00,15.93,-9999.00,-9999.00,-9999,2.89,-9999,0.918,0.903,0.812,-9999,1.168
58186,-9999.00,19.43,12.04,6.19,-0.10,1.09,0.66,-9999.00,14.02,-9999.00,-9999.00,-9999,2.85,-9999,0.926,0.906,0.830,-9999,1.167
58187,-9999.00,19.30,11.51,6.41,-0.10,1.39,2.63,-9999.00,13.77,-9999.00,-9999.00,-9999,2.83,-9999,0.929,0.907,0.842,-9999,1.165
58188,-9999.00,19.20,11.01,6.65,3.05,2.55,3.05,-9999.00,14.41,-9999.00,-9999.00,-9999,2.83,-9999,0.926,0.908,0.833,-9999,1.164
58189,-9999.00,23.29,12.28,4.52,4.80,4.04,1.90,-9999.00,17.30,-9999.00,-9999.00,-9999,2.83,-9999,0.926,0.908,0.823,-9999,1.164
58190,-9999.00,20.60,15.77,7.24,3.43,3.52,1.67,-9999.00,20.57,-9999.00,-9999.00,-9999,2.85,-9999,0.928,0.907,0.826,-9999,1.164
58191,-9999.00,20.53,15.80,7.17,2.44,1.51,2.74,-9999.00,18.60,-9999.00,-9999.00,-9999,2.83,-9999,0.926,0.904,0.829,-9999,1.163
58192,-9999.00,20.43,15.82,7.09,3.75,2.51,4.48,-9999.00,19.62,-9999.00,-9999.00,-9999,2.80,-9999,0.922,0.901,0.825,-9999,1.165
58193,-9999.00,26.92,14.60,5.33,4.34,4.04,3.54,-9999.00,19.81,-9999.00,-9999.00,-9999,2.80,-9999,0.921,0.903,0.827,-9999,1.165
58194,-9999.00,23.90,14.77,5.27,2.82,3.09,1.45,-9999.00,19.04,-9999.00,-9999.00,-9999,2.79,-9999,0.919,0.902,0.826,-9999,1.163
58195,-9999.00,23.75,14.85,5.60,1.46,1.45,1.30,-9999.00,17.47,-9999.00,-9999.00,-9999,2.79,-9999,0.918,0.898,0.817,-9999,1.162
58196,-9999.00,23.64,14.94,5.94,2.14,1.66,1.50,-9999.00,17.79,-9999.00,-9999.00,-9999,2.79,-9999,0.918,0.898,0.814,-9999,1.165
58197,-9999.00,22.48,18.08,8.90,1.33,1.56,0.93,-9999.00,21.07,-9999.00,-9999.00,-9999,2.76,-9999,0.918,0.902,0.817,-9999,1.166
58198,-9999.00,22.47,18.12,9.37,1.03,1.00,1.05,-9999.00,20.57,-9999.00,-9999.00,-9999,2.74,-9999,0.921,0.902,0.829,-9999,1.165
58199,-9999.00,22.45,18.15,9.83,3.54,1.78,1.46,-9999.00,21.40,-9999.00,-9999.00,-9999,2.75,-9999,0.924,0.901,0.838,-9999,1.161
58200,-9999.00,22.23,15.14,9.50,1.57,0.90,0.99,-9999.00,17.27,-9999.00,-9999.00,-9999,2.74,-9999,0.924,0.899,0.834,-9999,1.160
58201,-9999.00,24.22,13.06,9.21,-2.08,0.17,-0.81,-9999.00,14.29,-9999.00,-9999.00,-9999,2.73,-9999,0.923,0.898,0.824,-9999,1.159
58202,-9999.00,25.38,12.24,7.42,0.07,1.22,0.15,-9999.00,14.46,-9999.00,-9999.00,-9999,2.72,-9999,0.920,0.897,0.820,-9999,1.162
58203,-9999.00,26.87,11.43,5.64,4.18,1.88,3.60,-9999.00,14.26,-9999.00,-9999.00,-9999,2.71,-9999,0.920,0.900,0.834,-9999,1.161
58204,-9999.00,26.81,11.47,6.46,3.64,2.17,2.99,-9999.00,14.60,-9999.00,-9999.00,-9999,2.71,-9999,0.925,0.906,0.850,-9999,1.159
58205,-9999.00,25.12,13.94,6.55,0.53,1.47,1.41,-9999.00,16.58,-9999.00,-9999.00,-9999,2.69,-9999,0.929,0.912,0.852,-9999,1.159
58206,-9999.00,23.85,16.50,6.70,1.32,1.49,1.61,-9999.00,19.41,-9999.00,-9999.00,-9999,2.71,-9999,0.931,0.915,0.851,-9999,1.160
58207,-9999.00,24.44,16.31,6.35,3.05,1.92,1.34,-9999.00,19.65,-9999.00,-9999.00,-9999,2.71,-9999,0.933,0.916,0.861,-9999,1.161
58208,-9999.00,24.97,16.09,5.99,1.97,1.07,0.59,-9999.00,18.57,-9999.00,-9999.00,-9999,2.69,-9999,0.937,0.921,0.874,-9999,1.158
58209,-9999.00,24.41,14.57,6.46,2.05,1.39,1.55,-9999.00,17.21,-9999.00,-9999.00,-9999,2.67,-9999,0.941,0.927,-9999.000,-9999,1.158
58210,-9999.00,23.81,13.03,7.09,1.60,1.71,2.75,-9999.00,15.85,-9999.00,-9999.00,-9999,2.66,-9999,0.944,0.930,-9999.000,-9999,1.159
58211,-9999.00,22.39,14.48,6.81,1.49,0.41,1.75,-9999.00,16.13,-9999.00,-9999.00,-9999,2.66,-9999,0.944,0.931,-9999.000,-9999,1.160
58212,-9999.00,20.79,15.98,6.55,1.31,0.32,-0.56,-9999.00,17.67,-9999.00,-9999.00,-9999,2.62,-9999,0.947,0.933,-9999.000,-9999,1.157
58213,-9999.00,23.73,13.33,7.64,-1.05,0.65,-2.38,-9999.00,15.15,-9999.00,-9999.00,-9999,2.66,-9999,0.949,-9999.000,-9999.000,-9999,1.157
58214,-9999.00,23.69,13.06,6.11,-0.54,0.44,-1.25,-9999.00,14.67,-9999.00,-9999.00,-9999,2.73,-9999,0.949,-9999.000,-9999.000,-9999,1.157
58215,-9999.00,22.07,13.53,6.45,1.64,1.70,2.26,-9999.00,16.47,-9999.00,-9999.00,-9999,2.79,-9999,0.951,-9999.000,-9999.000,-9999,1.159
58216,-9999.00,20.34,13.98,6.78,2.36,2.55,4.06,-9999.00,17.83,-9999.00,-9999.00,-9999,2.84,-9999,0.949,-9999.000,-9999.000,-9999,1.157
58217,-9999.00,21.99,12.34,7.88,2.69,1.37,2.15,-9999.00,14.85,-9999.00,-9999.00,-9999,2.88,-9999,0.942,-9999.000,-9999.000,-9999,1.160
58218,-9999.00,24.06,10.71,9.04,0.46,-0.34,-1.44,-9999.00,11.34,-9999.00,-9999.00,-9999,2.90,-9999,0.941,0.928,-9999.000,-9999,1.161
58219,-9999.00,24.02,11.94,7.94,-1.15,-0.90,-1.91,-9999.00,12.09,-9999.00,-9999.00,-9999,2.89,-9999,0.945,-9999.000,-9999.000,-9999,1.158
58220,-9999.00,24.53,13.15,6.91,1.43,0.92,1.68,-9999.00,15.21,-9999.00,-9999.00,-9999,2.89,-9999,0.947,-9999.000,-9999.000,-9999,1.161
58221,-9999.00,24.49,13.04,6.30,2.26,1.85,1.84,-9999.00,16.00,-9999.00,-9999.00,-9999,2.90,-9999,0.947,-9999.000,-9999.000,-9999,1.162
58222,-9999.00,22.23,13.82,7.65,0.96,0.29,-0.19,-9999.00,15.31,-9999.00,-9999.00,-9999,2.90,-9999,0.946,-9999.000,-9999.000,-9999,1.162
58223,-9999.00,19.84,14.61,9.03,0.87,-0.13,0.52,-9999.00,15.76,-9999.00,-9999.00,-9999,2.89,-9999,0.947,-9999.000,-9999.000,-9999,1.160
58224,-9999.00,19.86,13.94,5.44,0.20,0.91,0.47,-9999.00,16.08,-9999.00,-9999.00,-9999,2.87,-9999,0.947,-9999.000,-9999.000,-9999,1.160
58225,-9999.00,19.56,13.68,4.91,0.50,1.19,0.62,-9999.00,16.10,-9999.00,-9999.00,-9999,2.84,-9999,0.949,-9999.000,-9999.000,-9999,1.161
58226,-9999.00,19.26,13.41,4.39,1.33,0.92,0.84,-9999.00,15.52,-9999.00,-9999.00,-9999,2.85,-9999,0.948,-9999.000,-9999.000,-9999,1.159
58227,-9999.00,21.34,11.99,8.87,-0.07,0.33,-0.01,-9999.00,13.40,-9999.00,-9999.00,-9999,2.86,-9999,0.946,-9999.000,-9999.000,-9999,1.161
58228,-9999.00,21.58,12.30,5.23,-0.51,-0.65,-0.00,-9999.00,12.77,-9999.00,-9999.00,-9999,2.88,-9999,0.944,0.924,-9999.000,-9999,1.161
58229,-9999.00,21.77,12.90,2.21,1.20,-0.12,-0.96,-9999.00,13.93,-9999.00,-9999.00,-9999,2.90,-9999,0.937,0.921,-9999.000,-9999,1.161
58230,-9999.00,20.02,11.79,3.10,2.05,1.09,-0.34,-9999.00,13.91,-9999.00,-9999.00,-9999,2.90,-9999,0.932,0.917,0.854,-9999,1.160
58231,-9999.00,18.32,10.77,4.00,2.46,1.68,1.93,-9999.00,13.40,-9999.00,-9999.00,-9999,2.90,-9999,0.934,0.919,0.852,-9999,1.161
58232,-9999.00,19.22,11.61,4.16,2.83,2.74,3.68,-9999.00,15.39,-9999.00,-9999.00,-9999,2.94,-9999,0.937,0.923,-9999.000,-9999,1.162
58233,-9999.00,20.10,12.45,4.33,0.78,2.50,3.67,-9999.00,16.08,-9999.00,-9999.00,-9999,3.01,-9999,0.940,0.923,-9999.000,-9999,1.166
58234,-9999.00,19.99,12.53,4.40,0.78,1.07,0.43,-9999.00,14.72,-9999.00,-9999.00,-9999,3.08,-9999,0.940,0.920,-9999.000,-9999,1.160
58235,-9999.00,19.87,12.62,4.47,1.38,0.65,1.19,-9999.00,14.36,-9999.00,-9999.00,-9999,3.12,-9999,0.936,0.913,-9999.000,-9999,1.161
58236,-9999.00,23.06,13.11,5.59,0.80,0.85,3.16,-9999.00,15.09,-9999.00,-9999.00,-9999,3.14,-9999,0.931,0.910,0.833,-9999,1.160
58237,-9999.00,22.17,12.77,5.94,1.56,2.14,0.46,-9999.00,16.00,-9999.00,-9999.00,-9999,3.14,-9999,0.930,0.910,0.827,-9999,1.163
58238,-9999.00,21.24,12.40,6.29,2.25,2.22,-0.55,-9999.00,15.69,-9999.00,-9999.00,-9999,3.18,-9999,0.931,0.907,0.816,-9999,1.162
58239,-9999.00,21.35,12.04,6.99,1.87,0.81,1.33,-9999.00,13.91,-9999.00,-9999.00,-9999,3.27,-9999,0.932,0.903,0.805,-9999,1.160
58240,-9999.00,21.48,11.69,7.72,0.81,1.53,1.95,-9999.00,14.28,-9999.00,-9999.00,-9999,3.30,-9999,0.931,0.903,0.807,-9999,1.161
58241,-9999.00,22.46,12.69,6.56,2.15,1.71,1.27,-9999.00,15.57,-9999.00,-9999.00,-9999,3.29,-9999,0.930,0.906,0.815,-9999,1.165
58242,-9999.00,23.35,13.59,5.48,2.75,1.33,0.67,-9999.00,16.20,-9999.00,-9999.00,-9999,3.30,-9999,0.931,0.908,0.815,-9999,1.161
58243,-9999.00,21.03,14.53,5.46,2.66,2.17,0.26,-9999.00,18.06,-9999.00,-9999.00,-9999,3.34,-9999,0.929,0.907,0.803,-9999,1.160
58244,-9999.00,21.01,14.88,5.43,3.80,2.58,1.23,-9999.00,18.83,-9999.00,-9999.00,-9999,3.32,-9999,0.929,0.906,0.804,-9999,1.162
58245,-9999.00,21.49,15.06,5.54,3.03,2.37,3.24,-9999.00,18.80,-9999.00,-9999.00,-9999,3.27,-9999,0.934,0.909,0.807,-9999,1.160
58246,-9999.00,22.23,13.03,6.20,0.36,0.79,2.78,-9999.00,15.00,-9999.00,-9999.00,-9999,3.25,-9999,0.940,0.916,0.814,-9999,1.165
58247,-9999.00,22.56,11.79,4.26,0.05,0.18,0.50,-9999.00,13.07,-9999.00,-9999.00,-9999,3.26,-9999,0.942,0.917,0.823,-9999,1.163
58248,-9999.00,22.94,10.90,2.41,1.00,1.25,-0.98,-9999.00,13.17,-9999.00,-9999.00,-9999,3.22,-9999,0.940,0.916,0.827,-9999,1.161
58249,-9999.00,21.07,12.27,3.06,-0.13,1.50,-1.34,-9999.00,14.93,-9999.00,-9999.00,-9999,3.21,-9999,0.936,0.915,0.837,-9999,1.160
58250,-9999.00,19.00,13.63,3.71,1.71,2.40,1.79,-9999.00,17.34,-9999.00,-9999.00,-9999,3.22,-9999,0.935,0.912,0.838,-9999,1.163
58251,-9999.00,19.83,12.53,4.48,4.75,2.79,5.23,-9999.00,16.54,-9999.00,-9999.00,-9999,3.23,-9999,0.936,0.911,0.831,-9999,1.164
58252,-9999.00,20.57,11.40,5.33,2.87,1.67,3.32,-9999.00,14.19,-9999.00,-9999.00,-9999,3.26,-9999,0.934,0.909,0.833,-9999,1.163
58253,-9999.00,22.69,11.75,4.57,0.35,1.44,1.69,-9999.00,14.36,-9999.00,-9999.00,-9999,3.27,-9999,0.934,0.910,0.833,-9999,1.161
58254,-9999.00,24.79,12.32,3.88,0.38,1.57,2.15,-9999.00,15.12,-9999.00,-9999.00,-9999,3.26,-9999,0.937,0.913,0.838,-9999,1.161
58255,-9999.00,25.40,13.11,5.15,1.19,0.64,-0.13,-9999.00,15.07,-9999.00,-9999.00,-9999,3.28,-9999,0.942,0.918,-9999.000,-9999,1.164
58256,-9999.00,25.94,14.09,6.45,1.48,0.00,-1.07,-9999.00,15.50,-9999.00,-9999.00,-9999,3.32,-9999,0.944,0.924,-9999.000,-9999,1.161
58257,-9999.00,26.01,13.77,5.82,1.11,0.07,1.36,-9999.00,15.20,-9999.00,-9999.00,-9999,3.36,-9999,0.949,-9999.000,-9999.000,-9999,1.165
58258,-9999.00,23.01,14.09,6.06,1.32,0.63,2.20,-9999.00,16.09,-9999.00,-9999.00,-9999,3.38,-9999,0.952,-9999.000,-9999.000,-9999,1.163
58259,-9999.00,19.90,14.46,6.34,-0.31,0.42,0.04,-9999.00,16.31,-9999.00,-9999.00,-9999,3.41,-9999,0.950,-9999.000,-9999.000,-9999,1.163
58260,-9999.00,15.95,12.22,4.09,-3.07,-1.83,-1.30,-9999.00,11.62,-9999.00,-9999.00,-9999,3.41,-9999,0.951,-9999.000,-9999.000,-9999,1.165
58261,-9999.00,20.36,11.07,4.60,-2.15,-2.19,-1.72,-9999.00,10.00,-9999.00,-9999.00,-9999,3.42,-9999,0.953,-9999.000,-9999.000,-9999,1.167
58262,-9999.00,25.33,10.10,5.22,1.56,0.84,-0.13,-9999.00,11.97,-9999.00,-9999.00,-9999,3.44,-9999,0.951,-9999.000,-9999.000,-9999,1.161
58263,-9999.00,18.62,10.45,6.83,4.14,3.01,3.41,-9999.00,14.52,-9999.00,-9999.00,-9999,3.43,-9999,0.948,0.920,-9999.000,-9999,1.164
58264,-9999.00,22.05,11.70,5.84,3.67,3.33,1.43,-9999.00,16.21,-9999.00,-9999.00,-9999,3.39,-9999,0.945,0.918,-9999.000,-9999,1.164
58265,-9999.00,25.55,13.03,5.01,1.78,2.56,0.41,-9999.00,16.90,-9999.00,-9999.00,-9999,3.36,-9999,0.939,0.915,-9999.000,-9999,1.167
58266,-9999.00,25.49,12.60,4.71,1.18,1.07,2.99,-9999.00,14.96,-9999.00,-9999.00,-9999,3.35,-9999,0.938,0.915,0.816,-9999,1.161
58267,-9999.00,25.53,12.16,4.40,2.23,1.36,2.27,-9999.00,14.77,-9999.00,-9999.00,-9999,3.34,-9999,0.941,0.917,0.817,-9999,1.163
58268,-9999.00,23.46,11.43,5.43,2.12,1.74,0.33,-9999.00,14.33,-9999.00,-9999.00,-9999,3.34,-9999,0.943,0.915,0.816,-9999,1.161
58269,-9999.00,21.48,10.92,6.64,-0.15,0.48,-1.69,-9999.00,12.50,-9999.00,-9999.00,-9999,3.30,-9999,0.941,0.915,0.816,-9999,1.160
58270,-9999.00,21.31,10.82,6.02,-1.75,-1.48,-1.96,-9999.00,10.42,-9999.00,-9999.00,-9999,3.23,-9999,0.938,0.915,0.833,-9999,1.165
58271,-9999.00,18.29,11.33,4.02,-1.31,-1.56,0.17,-9999.00,10.88,-9999.00,-9999.00,-9999,3.17,-9999,0.936,0.913,0.837,-9999,1.163
58272,-9999.00,16.91,11.93,2.22,-1.59,0.45,1.94,-9999.00,13.51,-9999.00,-9999.00,-9999,3.12,-9999,0.933,0.912,0.829,-9999,1.164
58273,-9999.00,16.70,11.29,2.60,0.17,0.75,1.05,-9999.00,13.09,-9999.00,-9999.00,-9999,3.07,-9999,0.932,0.910,0.826,-9999,1.165
58274,-9999.00,18.30,10.64,2.98,3.85,1.25,0.61,-9999.00,12.89,-9999.00,-9999.00,-9999,3.05,-9999,0.934,0.907,0.830,-9999,1.165
58275,-9999.00,16.38,9.36,4.20,3.11,2.37,1.85,-9999.00,12.62,-9999.00,-9999.00,-9999,3.06,-9999,0.932,0.902,0.829,-9999,1.168
58276,-9999.00,18.96,10.84,4.46,1.39,1.89,1.19,-9999.00,13.79,-9999.00,-9999.00,-9999,3.07,-9999,0.925,0.895,0.825,-9999,1.164
58277,-9999.00,21.51,12.30,4.74,1.95,2.22,0.97,-9999.00,15.71,-9999.00,-9999.00,-9999,3.07,-9999,0.920,0.889,0.815,-9999,1.164
58278,-9999.00,21.91,12.34,4.89,2.09,2.50,1.46,-9999.00,16.03,-9999.00,-9999.00,-9999,3.06,-9999,0.920,0.889,0.806,-9999,1.165
58279,-9999.00,22.25,12.34,5.02,2.99,2.29,0.34,-9999.00,15.82,-9999.00,-9999.00,-9999,3.11,-9999,0.925,0.893,0.806,-9999,1.164
58280,-9999.00,21.41,12.23,4.94,4.16,2.87,2.03,-9999.00,16.27,-9999.00,-9999.00,-9999,3.11,-9999,0.928,0.899,0.812,-9999,1.161
58281,-9999.00,20.52,12.09,4.85,2.95,2.44,5.73,-9999.00,15.67,-9999.00,-9999.00,-9999,3.04,-9999,0.927,0.902,0.818,-9999,1.163
58282,-9999.00,20.56,12.14,5.20,2.19,2.01,5.18,-9999.00,15.27,-9999.00,-9999.00,-9999,2.96,-9999,0.929,0.905,0.834,-9999,1.163
58283,-9999.00,20.61,12.20,5.60,1.74,2.44,3.68,-9999.00,15.74,-9999.00,-9999.00,-9999,2.90,-9999,0.936,0.913,0.851,-9999,1.164
58284,-9999.00,21.16,12.92,6.68,1.88,1.64,2.12,-9999.00,15.71,-9999.00,-9999.00,-9999,2.89,-9999,0.940,0.920,0.852,-9999,1.164
58285,-9999.00,21.69,13.62,7.75,2.10,1.70,-0.91,-9999.00,16.52,-9999.00,-9999.00,-9999,2.89,-9999,0.940,0.922,0.845,-9999,1.163
58286,-9999.00,22.02,15.37,8.64,2.48,1.95,-0.54,-9999.00,18.68,-9999.00,-9999.00,-9999,2.88,-9999,0.937,0.917,0.843,-9999,1.160
58287,-9999.00,22.32,17.17,9.53,3.40,0.79,1.75,-9999.00,19.49,-9999.00,-9999.00,-9999,2.85,-9999,0.929,0.906,0.839,-9999,1.163
58288,-9999.00,22.04,15.31,8.27,1.20,0.89,2.49,-9999.00,17.58,-9999.00,-9999.00,-9999,2.83,-9999,0.923,0.902,0.833,-9999,1.163
58289,-9999.00,21.72,13.49,7.01,-0.07,2.20,1.47,-9999.00,16.91,-9999.00,-9999.00,-9999,2.83,-9999,0.925,0.905,0.831,-9999,1.165
58290,-9999.00,20.71,10.41,5.82,1.42,2.34,0.06,-9999.00,13.70,-9999.00,-9999.00,-9999,2.84,-9999,0.929,0.904,0.825,-9999,1.162
58291,-9999.00,22.08,11.45,5.31,2.15,1.17,0.20,-9999.00,13.67,-9999.00,-9999.00,-9999,2.86,-9999,0.928,0.899,0.817,-9999,1.162
58292,-9999.00,23.39,12.45,4.89,2.20,1.07,1.04,-9999.00,14.65,-9999.00,-9999.00,-9999,2.84,-9999,0.926,0.895,0.812,-9999,1.167
58293,-9999.00,25.66,13.80,6.43,1.26,1.40,2.62,-9999.00,16.44,-9999.00,-9999.00,-9999,2.83,-9999,0.926,0.897,0.809,-9999,1.164
58294,-9999.00,26.00,13.68,4.94,0.88,1.12,2.83,-9999.00,16.01,-9999.00,-9999.00,-9999,2.83,-9999,0.925,0.899,0.811,-9999,1.162
