NASA Intern/Datasets/LARGE/SASA-LARGE-OPTICAL_P3B_20220708_RA.ict
87,1001
Richard Moore, Luke Ziemba, Edward Winstead, Michael Shook, Claire Robinson, John Barrick, Bruce Anderson, and Ali Omar
NASA Langley
In-situ optical aerosol measurements from the NASA P3B
NASA SASA
1,1
2022,07,08,2022,07,8
1.0
Time_Mid,Secs after midnight,Time of acquisition
19
1,1,1,1,1,1,1,1,1,1,1,1,1,1,1,1,1,1,1
-9999,-9999,-9999,-9999,-9999,-9999,-9999,-9999,-9999,-9999,-9999,-9999,-9999,-9999,-9999,-9999,-9999,-9999,-9999
Sc550_total_amb, Mm-1, AerOpt_Scattering_InSitu_Green_RHa_Bulk_STP, scattering coefficient of ambient  particles at 550nm
Sc450_total, Mm-1, AerOpt_Scattering_InSitu_Blue_RHd_Bulk_STP, Dry Scattering at 450nm (Total Aerosols)
Sc550_total, Mm-1, AerOpt_Scattering_InSitu_Green_RHd_Bulk_STP, Dry Scattering at 550nm (Total Aerosols)
Sc700_total, Mm-1, AerOpt_Scattering_InSitu_Red_RHd_Bulk_STP, Dry Scattering at 700nm (Total Aerosols)
Abs470_total, Mm-1, AerOpt_Absorption_InSitu_Blue_RHd_Bulk_STP, Dry absorption at 470nm (Total Aerosols)
Abs532_total, Mm-1, AerOpt_Absorption_InSitu_Green_RHd_Bulk_STP, Dry absorption at 532nm (Total Aerosols)
Abs660_total, Mm-1, AerOpt_Absorption_InSitu_Red_RHd_Bulk_STP, Dry absorption at 660nm (Total Aerosols)
Ext532_total_amb, Mm-1, AerOpt_Extinction_InSitu_Green_RHa_Bulk_STP, extinction coefficient of aerosols at 532nm for AMBIENT relative humidity
Ext532_total_dry, Mm-1, AerOpt_Extinction_InSitu_Green_RHd_Bulk_STP, extinction coefficient of aerosols at 532nm for DRY relative humidity
gamma550, unitless, AerOpt_Gamma_InSitu_Green_None_Bulk_STP, derived hygroscopic growth factor for particles at 550nm
fRH550_RH20to80, unitless, AerOpt_fRHScat_InSitu_Green_RHsp_Bulk_STP, derived hygroscopic growth parameter for particles at 550nm
AEscatAMB_450to700nm,unitless, AerOpt_AngstromExponentScat_InSitu_BluetoRed_RHa_Bulk_STP, derived ambient Angstrom Exponent for scattering coefficient over wavelength range from 450nm to 700nm
AEscatDRY_450to700nm,unitless, AerOpt_AngstromExponentScatInSitu_BluetoRed_RHd_Bulk_STP, derived dry Angstrom Exponent for scattering coefficient over wavelength range from 450nm to 700nm
AEabsDRY_470to660nm,unitless, AerOpt_AngstromExponentAbs_InSitu_BluetoRed_RHd_Bulk_STP, derived dry Angstrom Exponent for absorption coefficient over wavelength range from 450nm to 700nm
SSA_dry_450nm,unitless, AerOpt_SSA_InSitu_Blue_RHd_Bulk_STP, single_scattering_albedo_at_450nm_as_derived_from_dry_scattering_and_absorption
SSA_dry_550nm,unitless, AerOpt_SSA_InSitu_Green_RHd_Bulk_STP, single_scattering_albedo_at_550nm_as_derived_from_dry_scattering_and_absorption
SSA_dry_700nm,unitless, AerOpt_SSA_InSitu_Red_RHd_Bulk_STP, single_scattering_albedo_at_700nm_as_derived_from_dry_scattering_and_absorption
SSA_amb_550nm,unitless, AerOpt_SSA_InSitu_Green_RHa_Bulk_STP, single_scattering_albedo_at_550nm_as_derived_from_ambient_scattering_and_absorption
stdPT,unitless, None, Conversion factor to convert between ambient and standard pressure and temperature conditions
0
54
******************************************************************************************************************
Langley Aerosol data from the 2022 SASA field campaign
 
PI_CONTACT_INFO: richard.h.moore@nasa.gov
PLATFORM: NASA P3B aircraft
LOCATION: Latitude, Longitude, and Altitude included in MetNav files
ASSOCIATED_DATA: N/A
[...]
ANGSTROM EXPONENT AND SSA CALCULATIONS: 
	- The Absorption coefficients were corrected to the wavelengths of the TSI nepholometer using the measured angstrom exponents
	- The scattering and absorption coefficients were smoothed with a 30s running average to compute the SSA and AE
	- Ambient SSA is calculated with ambient scattering and dry absorption
	- SSA is computed only when both scattering and absorption are greater than 1 Mm-1
	- Scattering Angstrom Exponents are computed only when relevant scattering measurements are greater than 1 Mm-1
	- Absorption Angstrom Exponents are computed only when relevant absorption measurements are greater than 2 Mm-1
DATA_INFO: Aerosol measurements are reported at standard temperature and pressure (0 deg C, 1013 mb)
UNCERTAINTY: all data are 5%
ULOD_FLAG: -7777
ULOD_VALUE: N/A
LLOD_FLAG: -8888
LLOD_VALUE: N/A
DM_CONTACT_INFO: Michael Shook (michael.shook@nasa.gov)
PROJECT_INFO: SASA 2022
STIPULATIONS_ON_USE: This is FIELD data. Please consult the PI and/or DM prior to use.
OTHER_COMMENTS: Ambient calculations currently use RH data from field Hsking files. Once available, calculations will be updated with final MetNav data.
REVISION: RA
RA: None
******************************************************************************************************************
Time_Mid,Sc550_total_amb,Sc450_total,Sc550_total,Sc700_total,Abs470_total,Abs532_total,Abs660_total,Ext532_total_amb,Ext532_total_dry,gamma550,fRH550_RH20to80,AEscatAMB_450to700nm,AEscatDRY_450to700nm,AEabsDRY_470to660nm,SSA_dry_450nm,SSA_dry_550nm,SSA_dry_700nm,SSA_amb_550nm,stdPT
[from data line 4503]
58468,-9999.00,8.56,3.90,1.49,0.54,-0.35,-1.27,-9999.00,3.99,-9999.00,-9999.00,-9999,-9999,-9999,-9999,-9999,-9999,-9999,1.266
58469,-9999.00,7.15,3.88,0.04,-0.06,0.45,0.27,-9999.00,4.77,-9999.00,-9999.00,-9999,-9999,-9999,-9999,-9999,-9999,-9999,1.262
58470,-9999.00,8.02,4.66,0.13,0.42,0.50,2.36,-9999.00,5.67,-9999.00,-9999.00,-9999,4.52,-9999,-9999,-9999,-9999,-9999,1.266
58471,-9999.00,8.88,5.44,0.22,0.55,0.89,1.20,-9999.00,6.92,-9999.00,-9999.00,-9999,4.57,-9999,-9999,-9999,-9999,-9999,1.262
58472,-9999.00,6.29,4.13,2.10,-0.53,0.85,-0.38,-9999.00,5.43,-9999.00,-9999.00,-9999,4.54,-9999,-9999,-9999,-9999,-9999,1.264
58473,-9999.00,8.32,4.04,2.47,0.55,0.25,0.59,-9999.00,4.74,-9999.00,-9999.00,-9999,4.44,-9999,-9999,-9999,-9999,-9999,1.264
58474,-9999.00,9.08,3.96,2.10,1.10,0.38,1.54,-9999.00,4.79,-9999.00,-9999.00,-9999,4.41,-9999,-9999,-9999,-9999,-9999,1.260
58475,-9999.00,9.15,4.57,1.31,0.18,0.71,0.89,-9999.00,5.80,-9999.00,-9999.00,-9999,4.47,-9999,-9999,-9999,-9999,-9999,1.266
58476,-9999.00,6.97,4.47,1.13,0.94,0.98,0.90,-9999.00,5.96,-9999.00,-9999.00,-9999,4.17,-9999,-9999,-9999,-9999,-9999,1.260
58477,-9999.00,5.60,4.36,0.95,1.99,1.11,0.04,-9999.00,5.98,-9999.00,-9999.00,-9999,3.98,-9999,-9999,-9999,-9999,-9999,1.262
58478,-9999.00,7.73,3.93,3.45,0.98,0.46,-0.54,-9999.00,4.82,-9999.00,-9999.00,-9999,3.76,-9999,-9999,-9999,-9999,-9999,1.267
58479,-9999.00,7.41,3.78,1.14,-0.28,0.12,0.56,-9999.00,4.32,-9999.00,-9999.00,-9999,3.68,-9999,-9999,-9999,-9999,-9999,1.266
58480,-9999.00,3.22,5.09,2.24,0.31,0.59,0.33,-9999.00,6.23,-9999.00,-9999.00,-9999,3.55,-9999,-9999,-9999,-9999,-9999,1.260
58481,-9999.00,6.49,4.48,-0.01,0.47,0.77,-0.40,-9999.00,5.73,-9999.00,-9999.00,-9999,3.43,-9999,-9999,-9999,-9999,-9999,1.265
58482,-9999.00,6.94,5.06,-0.51,-0.87,-0.11,-0.05,-9999.00,5.49,-9999.00,-9999.00,-9999,3.41,-9999,-9999,-9999,-9999,-9999,1.261
58483,-9999.00,5.82,4.32,1.15,-0.80,-1.02,1.23,-9999.00,3.77,-9999.00,-9999.00,-9999,3.45,-9999,-9999,-9999,-9999,-9999,1.265
58484,-9999.00,7.51,4.06,0.61,1.85,0.65,0.78,-9999.00,5.14,-9999.00,-9999.00,-9999,3.49,-9999,-9999,-9999,-9999,-9999,1.262
58485,-9999.00,7.97,4.31,1.66,0.84,2.33,0.28,-9999.00,7.12,-9999.00,-9999.00,-9999,3.53,-9999,-9999,-9999,-9999,-9999,1.264
58486,-9999.00,10.02,4.09,0.19,-1.73,0.92,1.54,-9999.00,5.45,-9999.00,-9999.00,-9999,3.57,-9999,-9999,-9999,-9999,-9999,1.267
58487,-9999.00,9.88,4.01,0.37,0.66,-0.62,0.99,-9999.00,3.82,-9999.00,-9999.00,-9999,3.64,-9999,-9999,-9999,-9999,-9999,1.266
58488,-9999.00,9.74,3.92,0.55,1.94,-0.48,-1.83,-9999.00,3.86,-9999.00,-9999.00,-9999,3.76,-9999,-9999,-9999,-9999,-9999,1.259
58489,-9999.00,6.90,2.58,1.29,1.43,0.82,-0.61,-9999.00,3.68,-9999.00,-9999.00,-9999,3.94,-9999,-9999,-9999,-9999,-9999,1.261
58490,-9999.00,5.94,2.42,1.25,1.38,1.23,1.63,-9999.00,3.91,-9999.00,-9999.00,-9999,4.01,-9999,-9999,-9999,-9999,-9999,1.265
58491,-9999.00,6.64,2.76,5.64,-0.41,0.48,1.26,-9999.00,3.55,-9999.00,-9999.00,-9999,4.16,-9999,-9999,-9999,-9999,-9999,1.260
58492,-9999.00,6.38,2.60,3.35,-1.45,-0.19,-1.31,-9999.00,2.71,-9999.00,-9999.00,-9999,4.18,-9999,-9999,-9999,-9999,-9999,1.265
58493,-9999.00,11.07,4.05,3.52,-0.49,-0.55,-2.18,-9999.00,3.99,-9999.00,-9999.00,-9999,4.23,-9999,-9999,-9999,-9999,-9999,1.269
58494,-9999.00,8.83,5.05,3.76,0.83,0.10,-0.68,-9999.00,5.79,-9999.00,-9999.00,-9999,4.32,-9999,-9999,-9999,-9999,-9999,1.263
58495,-9999.00,7.88,6.62,4.19,1.37,0.95,1.61,-9999.00,8.45,-9999.00,-9999.00,-9999,4.37,-9999,-9999,-9999,-9999,-9999,1.265
58496,-9999.00,5.38,3.75,2.28,0.61,0.66,1.53,-9999.00,4.93,-9999.00,-9999.00,-9999,4.58,-9999,-9999,-9999,-9999,-9999,1.263
58497,-9999.00,7.07,3.09,1.86,0.15,-0.07,1.68,-9999.00,3.45,-9999.00,-9999.00,-9999,4.64,-9999,-9999,-9999,-9999,-9999,1.264
58498,-9999.00,4.97,1.57,0.61,1.11,0.37,2.74,-9999.00,2.16,-9999.00,-9999.00,-9999,4.61,-9999,-9999,-9999,-9999,-9999,1.264
58499,-9999.00,9.90,4.42,0.81,0.73,0.98,0.98,-9999.00,6.00,-9999.00,-9999.00,-9999,4.63,-9999,-9999,-9999,-9999,-9999,1.270
58500,-9999.00,6.99,3.36,-0.75,0.01,0.40,-0.78,-9999.00,4.21,-9999.00,-9999.00,-9999,4.72,-9999,-9999,-9999,-9999,-9999,1.268
58501,-9999.00,7.49,4.34,-1.03,0.15,0.11,-0.10,-9999.00,5.03,-9999.00,-9999.00,-9999,-9999,-9999,-9999,-9999,-9999,-9999,1.266
58502,-9999.00,7.93,5.32,-1.31,0.14,0.76,-0.56,-9999.00,6.79,-9999.00,-9999.00,-9999,-9999,-9999,-9999,-9999,-9999,-9999,1.265
58503,-9999.00,11.74,6.80,0.65,-0.14,0.12,-1.43,-9999.00,7.82,-9999.00,-9999.00,-9999,-9999,-9999,-9999,-9999,-9999,-9999,1.263
58504,-9999.00,9.20,5.01,-0.81,-0.52,-0.84,0.47,-9999.00,4.82,-9999.00,-9999.00,-9999,4.64,-9999,-9999,-9999,-9999,-9999,1.264
58505,-9999.00,11.53,6.27,1.39,-0.70,-1.06,-0.04,-9999.00,6.02,-9999.00,-9999.00,-9999,4.69,-9999,-9999,-9999,-9999,-9999,1.263
58506,-9999.00,9.51,2.95,-1.27,0.53,0.20,-1.16,-9999.00,3.53,-9999.00,-9999.00,-9999,4.63,-9999,-9999,-9999,-9999,-9999,1.267
58507,-9999.00,9.60,3.50,1.21,1.87,1.34,0.36,-9999.00,5.27,-9999.00,-9999.00,-9999,-9999,-9999,-9999,-9999,-9999,-9999,1.267
58508,-9999.00,9.85,0.88,0.72,1.80,1.13,1.58,-9999.00,2.13,-9999.00,-9999.00,-9999,-9999,-9999,-9999,-9999,-9999,-9999,1.265
58509,-9999.00,11.81,2.00,2.59,0.41,0.70,1.33,-9999.00,2.94,-9999.00,-9999.00,-9999,-9999,-9999,-9999,-9999,-9999,-9999,1.264
58510,-9999.00,9.58,0.79,0.62,-1.03,-0.53,1.19,-9999.00,0.35,-9999.00,-9999.00,-9999,-9999,-9999,-9999,-9999,-9999,-9999,1.264
58511,-9999.00,8.16,4.55,-0.37,-1.06,-0.76,0.36,-9999.00,4.33,-9999.00,-9999.00,-9999,-9999,-9999,-9999,-9999,-9999,-9999,1.264
58512,-9999.00,6.49,4.55,-0.94,0.19,0.84,0.22,-9999.00,5.92,-9999.00,-9999.00,-9999,-9999,-9999,-9999,-9999,-9999,-9999,1.262
58513,-9999.00,6.44,4.48,-0.05,0.89,1.45,0.48,-9999.00,6.45,-9999.00,-9999.00,-9999,-9999,-9999,-9999,-9999,-9999,-9999,1.262
58514,-9999.00,6.40,4.42,0.83,0.40,0.31,-0.83,-9999.00,5.23,-9999.00,-9999.00,-9999,-9999,-9999,-9999,-9999,-9999,-9999,1.268
58515,-9999.00,6.54,4.15,-0.81,0.03,-0.62,-0.91,-9999.00,4.00,-9999.00,-9999.00,-9999,-9999,-9999,-9999,-9999,-9999,-9999,1.264
58516,-9999.00,6.34,4.17,-0.69,0.17,0.04,-0.85,-9999.00,4.70,-9999.00,-9999.00,-9999,-9999,-9999,-9999,-9999,-9999,-9999,1.261
58517,-9999.00,7.86,4.18,-0.08,0.77,1.19,0.15,-9999.00,5.84,-9999.00,-9999.00,-9999,4.67,-9999,-9999,-9999,-9999,-9999,1.265
58518,-9999.00,6.38,3.53,1.23,1.44,1.27,1.43,-9999.00,5.20,-9999.00,-9999.00,-9999,4.42,-9999,-9999,-9999,-9999,-9999,1.265
58519,-9999.00,6.77,3.64,2.11,0.30,-0.21,-0.70,-9999.00,3.88,-9999.00,-9999.00,-9999,4.40,-9999,-9999,-9999,-9999,-9999,1.265
58520,-9999.00,6.57,3.59,0.62,-0.89,-1.00,-0.56,-9999.00,3.05,-9999.00,-9999.00,-9999,4.28,-9999,-9999,-9999,-9999,-9999,1.264
58521,-9999.00,7.60,4.54,2.23,-0.35,0.31,1.53,-9999.00,5.45,-9999.00,-9999.00,-9999,4.16,-9999,-9999,-9999,-9999,-9999,1.263
58522,-9999.00,7.61,4.51,2.54,0.57,0.78,2.46,-9999.00,5.87,-9999.00,-9999.00,-9999,4.02,-9999,-9999,-9999,-9999,-9999,1.265
58523,-9999.00,7.40,4.33,1.41,0.43,-0.76,1.29,-9999.00,4.11,-9999.00,-9999.00,-9999,4.00,-9999,-9999,-9999,-9999,-9999,1.263
58524,-9999.00,5.11,3.86,1.67,0.49,-0.61,-2.74,-9999.00,3.70,-9999.00,-9999.00,-9999,3.94,-9999,-9999,-9999,-9999,-9999,1.265
58525,-9999.00,2.96,3.50,0.57,1.17,0.86,-1.74,-9999.00,4.76,-9999.00,-9999.00,-9999,3.90,-9999,-9999,-9999,-9999,-9999,1.269
58526,-9999.00,3.65,4.04,0.84,1.31,1.26,1.71,-9999.00,5.72,-9999.00,-9999.00,-9999,3.75,-9999,-9999,-9999,-9999,-9999,1.266
58527,-9999.00,5.77,4.03,1.16,1.05,0.99,1.84,-9999.00,5.45,-9999.00,-9999.00,-9999,3.74,-9999,-9999,-9999,-9999,-9999,1.266
58528,-9999.00,6.94,4.01,1.47,0.02,0.32,0.62,-9999.00,4.78,-9999.00,-9999.00,-9999,3.76,-9999,-9999,-9999,-9999,-9999,1.262
58529,5.83,11.31,5.57,5.29,-0.92,0.15,0.85,6.32,6.40,0.12,1.18,-9999,3.69,-9999,-9999,-9999,-9999,-9999,1.264
58530,7.52,14.66,7.16,2.16,0.07,-0.09,2.00,7.89,7.96,0.14,1.21,-9999,3.71,-9999,-9999,-9999,-9999,-9999,1.265
58531,5.94,11.34,5.48,4.02,2.05,0.49,0.69,6.80,6.65,0.22,1.35,-9999,3.69,-9999,-9999,-9999,-9999,-9999,1.265
58532,-9999.00,4.92,3.69,2.49,2.26,1.27,-1.09,-9999.00,5.42,-9999.00,-9999.00,-9999,3.70,-9999,-9999,-9999,-9999,-9999,1.261
58533,-9999.00,5.36,3.59,1.97,1.32,0.93,-1.01,-9999.00,4.97,-9999.00,-9999.00,-9999,3.67,-9999,-9999,-9999,-9999,-9999,1.263
58534,-9999.00,11.76,1.64,0.99,-0.29,0.23,0.43,-9999.00,2.08,-9999.00,-9999.00,-9999,3.73,-9999,-9999,-9999,-9999,-9999,1.264
58535,-9999.00,11.77,1.20,1.47,-2.47,-0.09,0.36,-9999.00,1.25,-9999.00,-9999.00,-9999,3.82,-9999,-9999,-9999,-9999,-9999,1.265
58536,-9999.00,5.82,3.01,2.55,-2.54,-0.06,-1.46,-9999.00,3.32,-9999.00,-9999.00,-9999,3.85,-9999,-9999,-9999,-9999,-9999,1.265
58537,-9999.00,6.06,2.95,0.58,-0.96,-1.18,-2.15,-9999.00,2.15,-9999.00,-9999.00,-9999,4.01,-9999,-9999,-9999,-9999,-9999,1.260
58538,-9999.00,4.61,3.28,0.71,1.41,-1.25,-0.71,-9999.00,2.44,-9999.00,-9999.00,-9999,4.23,-9999,-9999,-9999,-9999,-9999,1.260
58539,-9999.00,7.53,4.30,1.52,2.92,1.18,0.22,-9999.00,6.03,-9999.00,-9999.00,-9999,4.34,-9999,-9999,-9999,-9999,-9999,1.265
58540,-9999.00,7.81,4.09,2.55,1.91,1.73,0.26,-9999.00,6.36,-9999.00,-9999.00,-9999,4.36,-9999,-9999,-9999,-9999,-9999,1.265
58541,-9999.00,8.16,4.03,3.18,-0.30,0.45,1.64,-9999.00,5.02,-9999.00,-9999.00,-9999,4.30,-9999,-9999,-9999,-9999,-9999,1.260
58542,-9999.00,10.96,3.57,0.30,-0.21,0.59,2.42,-9999.00,4.64,-9999.00,-9999.00,-9999,4.23,-9999,-9999,-9999,-9999,-9999,1.265
58543,-9999.00,12.52,3.73,-0.30,1.53,0.93,0.77,-9999.00,5.16,-9999.00,-9999.00,-9999,4.09,-9999,-9999,-9999,-9999,-9999,1.267
58544,-9999.00,13.38,3.72,2.90,0.81,0.39,0.06,-9999.00,4.63,-9999.00,-9999.00,-9999,4.09,-9999,-9999,-9999,-9999,-9999,1.264
58545,-9999.00,10.50,4.67,1.09,-0.55,0.37,0.43,-9999.00,5.71,-9999.00,-9999.00,-9999,4.12,-9999,-9999,-9999,-9999,-9999,1.266
58546,-9999.00,7.86,4.40,0.00,-0.50,0.51,0.81,-9999.00,5.53,-9999.00,-9999.00,-9999,4.00,-9999,-9999,-9999,-9999,-9999,1.266
58547,-9999.00,5.89,4.13,-1.08,-0.16,-0.09,0.16,-9999.00,4.61,-9999.00,-9999.00,-9999,4.04,-9999,-9999,-9999,-9999,-9999,1.267
58548,6.32,11.77,5.96,1.31,1.26,-0.13,0.56,6.72,6.66,0.17,1.26,-9999,4.12,-9999,-9999,-9999,-9999,-9999,1.267
58549,-9999.00,9.20,4.66,0.49,0.39,0.10,0.05,-9999.00,5.39,-9999.00,-9999.00,-9999,4.23,-9999,-9999,-9999,-9999,-9999,1.263
58550,-9999.00,9.14,4.98,0.55,-1.57,-0.11,-1.83,-9999.00,5.51,-9999.00,-9999.00,-9999,4.16,-9999,-9999,-9999,-9999,-9999,1.265
58551,5.74,9.07,5.29,0.62,0.68,1.09,1.86,7.30,7.02,0.22,1.35,-9999,4.20,-9999,-9999,-9999,-9999,-9999,1.263
58552,-9999.00,9.30,3.25,-0.74,1.88,1.34,1.70,-9999.00,4.97,-9999.00,-9999.00,-9999,4.31,-9999,-9999,-9999,-9999,-9999,1.262
58553,5.76,8.98,5.33,-1.48,0.83,-0.11,-0.49,6.12,5.84,0.19,1.30,-9999,4.23,-9999,-9999,-9999,-9999,-9999,1.260
58554,-9999.00,11.03,4.62,0.05,0.36,-0.10,-0.82,-9999.00,5.06,-9999.00,-9999.00,-9999,4.20,-9999,-9999,-9999,-9999,-9999,1.265
58555,-9999.00,8.07,3.30,1.86,0.34,-0.27,-0.57,-9999.00,3.42,-9999.00,-9999.00,-9999,4.19,-9999,-9999,-9999,-9999,-9999,1.263
58556,-9999.00,5.66,3.47,2.01,0.32,-0.60,0.47,-9999.00,3.30,-9999.00,-9999.00,-9999,4.27,-9999,-9999,-9999,-9999,-9999,1.264
58557,-9999.00,4.02,4.17,2.21,0.66,0.67,1.53,-9999.00,5.36,-9999.00,-9999.00,-9999,4.33,-9999,-9999,-9999,-9999,-9999,1.264
58558,-9999.00,8.66,4.15,4.20,0.19,1.19,0.95,-9999.00,5.85,-9999.00,-9999.00,-9999,4.18,-9999,-9999,-9999,-9999,-9999,1.261
58559,-9999.00,11.71,3.25,2.35,-0.08,0.74,-0.32,-9999.00,4.37,-9999.00,-9999.00,-9999,3.97,-9999,-9999,-9999,-9999,-9999,1.264
58560,-9999.00,8.39,2.64,4.13,1.33,0.28,-0.81,-9999.00,3.24,-9999.00,-9999.00,-9999,4.03,-9999,-9999,-9999,-9999,-9999,1.261
58561,-9999.00,7.16,3.87,3.25,1.28,0.79,0.97,-9999.00,5.13,-9999.00,-9999.00,-9999,3.95,-9999,-9999,-9999,-9999,-9999,1.264
58562,5.53,6.46,5.09,2.48,-0.60,1.24,0.92,7.25,6.95,0.24,1.39,-9999,3.86,-9999,-9999,-9999,-9999,-9999,1.267
58563,5.73,7.22,5.35,1.36,-0.17,-0.38,-0.49,5.87,5.63,0.19,1.31,-9999,3.70,-9999,-9999,-9999,-9999,-9999,1.264
58564,5.70,6.93,5.38,0.21,1.90,-0.78,0.93,5.44,5.27,0.17,1.26,-9999,3.62,-9999,-9999,-9999,-9999,-9999,1.265
58565,5.93,7.61,5.43,1.53,0.67,-0.12,-0.43,6.35,5.99,0.23,1.38,-9999,3.54,-9999,-9999,-9999,-9999,-9999,1.263
58566,5.99,7.57,5.41,0.03,-1.37,-0.45,-1.83,6.09,5.64,0.29,1.50,-9999,3.54,-9999,-9999,-9999,-9999,-9999,1.265
58567,-9999.00,5.96,4.50,0.68,-0.94,0.10,0.11,-9999.00,5.17,-9999.00,-9999.00,-9999,3.58,-9999,-9999,-9999,-9999,-9999,1.265
58568,-9999.00,8.53,4.56,2.36,0.41,0.24,0.40,-9999.00,5.37,-9999.00,-9999.00,-9999,3.59,-9999,-9999,-9999,-9999,-9999,1.260
58569,-9999.00,7.74,4.06,1.68,0.78,-0.49,-0.05,-9999.00,4.09,-9999.00,-9999.00,-9999,3.53,-9999,-9999,-9999,-9999,-9999,1.261
58570,-9999.00,12.23,4.64,2.46,0.12,0.10,-1.03,-9999.00,5.31,-9999.00,-9999.00,-9999,3.46,-9999,-9999,-9999,-9999,-9999,1.269
58571,-9999.00,12.45,4.59,1.77,0.82,1.04,-0.38,-9999.00,6.19,-9999.00,-9999.00,-9999,3.46,-9999,-9999,-9999,-9999,-9999,1.265
58572,-9999.00,13.08,4.79,2.88,0.74,0.16,0.12,-9999.00,5.53,-9999.00,-9999.00,-9999,3.51,-9999,-9999,-9999,-9999,-9999,1.263
58573,6.80,13.39,6.45,3.54,-0.89,-0.54,-0.62,6.88,6.68,0.17,1.27,-9999,3.61,-9999,-9999,-9999,-9999,-9999,1.269
58574,6.78,13.16,6.58,4.15,-0.81,-0.54,-0.11,6.85,6.81,0.09,1.14,-9999,3.78,-9999,-9999,-9999,-9999,-9999,1.266
58575,-9999.00,14.97,4.88,1.92,-0.21,-0.04,0.08,-9999.00,5.39,-9999.00,-9999.00,-9999,3.78,-9999,-9999,-9999,-9999,-9999,1.267
58576,-9999.00,12.12,4.68,3.11,0.41,0.30,0.58,-9999.00,5.50,-9999.00,-9999.00,-9999,3.86,-9999,-9999,-9999,-9999,-9999,1.265
58577,-9999.00,8.08,4.12,2.08,1.05,0.05,0.94,-9999.00,4.62,-9999.00,-9999.00,-9999,4.01,-9999,-9999,-9999,-9999,-9999,1.261
58578,6.02,12.05,5.64,3.80,0.19,0.69,-0.49,7.24,6.95,0.20,1.31,-9999,4.12,-9999,-9999,-9999,-9999,-9999,1.264
58579,-9999.00,10.56,4.48,3.23,0.51,1.32,-0.08,-9999.00,6.30,-9999.00,-9999.00,-9999,4.14,-9999,-9999,-9999,-9999,-9999,1.268
58580,6.91,13.78,6.59,3.54,1.93,0.73,0.69,8.24,8.06,0.16,1.25,-9999,4.05,-9999,-9999,-9999,-9999,-9999,1.268
58581,6.93,13.77,6.49,1.46,1.29,-0.14,-1.26,7.39,7.11,0.19,1.31,-9999,4.01,-9999,-9999,-9999,-9999,-9999,1.264
58582,6.94,14.03,6.54,0.54,0.37,-0.14,-0.85,7.39,7.15,0.19,1.29,-9999,4.02,-9999,-9999,-9999,-9999,-9999,1.266
58583,6.78,13.21,6.24,-0.34,0.38,-0.07,1.78,7.30,6.88,0.25,1.41,-9999,4.07,-9999,-9999,-9999,-9999,-9999,1.264
58584,6.07,11.05,5.61,0.85,0.78,0.55,2.32,7.15,6.79,0.25,1.41,-9999,4.18,-9999,-9999,-9999,-9999,-9999,1.266
58585,6.74,9.20,6.24,1.77,1.54,1.48,1.34,8.81,8.40,0.24,1.39,-9999,4.18,-9999,-9999,-9999,-9999,-9999,1.263
58586,6.53,8.70,6.08,1.83,0.79,-0.13,-1.58,6.96,6.60,0.22,1.35,-9999,4.18,-9999,-9999,-9999,-9999,-9999,1.264
58587,6.50,8.63,5.99,1.21,-0.41,-1.26,-2.33,5.81,5.36,0.27,1.46,-9999,4.18,-9999,-9999,-9999,-9999,-9999,1.267
58588,6.92,8.25,6.25,0.28,0.57,0.94,0.39,8.45,7.82,0.30,1.52,-9999,4.23,-9999,-9999,-9999,-9999,-9999,1.261
58589,8.20,12.22,7.81,0.24,1.13,1.51,1.20,10.41,10.10,0.14,1.21,-9999,4.32,-9999,-9999,-9999,-9999,-9999,1.262
58590,9.00,12.95,8.68,2.52,1.76,-0.32,-0.14,9.44,9.22,0.12,1.19,-9999,4.41,-9999,-9999,-9999,-9999,-9999,1.267
58591,8.07,14.02,7.64,3.05,2.36,0.17,-0.48,8.91,8.54,0.18,1.28,-9999,4.39,-9999,-9999,-9999,-9999,-9999,1.266
58592,8.00,13.83,7.59,0.50,1.73,2.05,1.19,10.72,10.35,0.17,1.27,-9999,4.45,-9999,-9999,-9999,-9999,-9999,1.266
58593,6.83,11.37,6.24,0.61,1.35,1.88,3.89,9.29,8.70,0.29,1.49,-9999,4.53,-9999,-9999,-9999,-9999,-9999,1.266
58594,-9999.00,7.62,4.69,0.83,1.35,0.70,2.52,-9999.00,5.83,-9999.00,-9999.00,-9999,4.62,-9999,-9999,-9999,-9999,-9999,1.264
58595,-9999.00,8.99,4.87,2.94,1.11,0.30,-1.24,-9999.00,5.62,-9999.00,-9999.00,-9999,4.65,-9999,-9999,-9999,-9999,-9999,1.264
58596,-9999.00,8.84,3.98,2.79,0.40,0.52,0.59,-9999.00,4.87,-9999.00,-9999.00,-9999,4.60,-9999,-9999,-9999,-9999,-9999,1.266
58597,7.84,10.13,7.33,0.16,0.56,0.91,2.69,9.42,8.91,0.23,1.38,-9999,4.51,-9999,-9999,-9999,-9999,-9999,1.268
