NASA Intern/Datasets/LARGE/SASA-LARGE-MICROPHYSICAL_P3B_20220712_RA_L1.ict
56,1001
Richard Moore, Luke Ziemba, Edward Winstead, Michael Shook, Claire Robinson, John Barrick, Bruce Anderson, and Ali Omar
NASA Langley
In-situ microphysical aerosol measurements from the NASA P3B
NASA SASA
1,1
2022,07,12,2022,07,13
1.0
Time_Mid,Secs after midnight,Time of acquisition
9
1,1,1,1,1,1,1,1,1
-9999,-9999,-9999,-9999,-9999,-9999,-9999,-9999,-9999
CNgt3nm, #/cm3, AerMP_NumConc_InSitu_RHd_None_Bulk_STP, Number concentration of particles with diameters greater than 3nm
CNgt10nm, #/cm3, AerMP_NumConc_InSitu_RHd_None_Bulk_STP, Number concentration of particles with diameters greater than 10nm
IntegN_100to1000nm_UHSAS, #/cm3, Number concentration of particles with diameters between 100 and 1000nm (inclusive) as measured by the UHSAS
IntegS_100to1000nm_UHSAS, um2/cm3, Surface area concentration of particles with diameters between 100 and 1000nm (inclusive) as measured by the UHSAS
IntegV_100to1000nm_UHSAS, um3/cm3, Volume concentration of particles with diameters between 100 and 1000nm (inclusive) as measured by the UHSAS
IntegN_gt1000nm_APS, #/cm3, Number concentration of particles with diameters greater than 1000nm as measured by the APS
IntegS_gt1000nm_APS, um2/cm3, Surface area concentration of particles with diameters greater 1000nm as measured by the APS
IntegV_gt1000nm_APS, um3/cm3, Volume concentration of particles with diameters greater than 1000nm as measured by the APS
stdPT, unitless, None, Conversion factor to convert between ambient and standard pressure and temperature conditions
0
33
******************************************************************************************************************
Langley Aerosol data from the 2022 SASA field campaign
 
PI_CONTACT_INFO: richard.h.moore@nasa.gov
PLATFORM: NASA P3B aircraft
LOCATION: Latitude, Longitude, and Altitude included in MetNav files
ASSOCIATED_DATA: None
INSTRUMENT_INFO: Flagged data are due to missing data or to instrument issues.
CN statistics: TSI Condensation Particle Counters
	- CNgt3nm is measured with a TSI CPC-3776
	- CNgt10nm is measured with a TSI CPC-3772
	- The CPC-3772 data are corrected for coincidence errors when the aerosol concentrations exceed 10,000 cm-3
	- Due to flow irregularities and response times differences, there will be times where CNgt10nm > CNgt3nm
UHSAS statistics: Optical Size Distribution Data from the DMT Ultra-High Sensitivity Aerosol Spectrometer (UHSAS)
   - Data are processed with respect to mid-point polystyrene-latex-equivalent optical diameters and are rebinned to a standard binning scheme
APS statistics: Aerodynamic Size Distribution Data From the TSI Aerodynamic Particle Sizer (APS), Model 3321
   - Data are processed with respect to mid-point polystyrene-latex-equivalent aerodynamic diameters (assuming spherical particles with a density of 1 g/cm3) and are rebinned to a standard binning scheme
DATA_INFO: Aerosol measurements are reported at standard temperature and pressure (0 deg C, 1013 mb)
   - Concentrations can be converted back to ambient conditions by dividing by the stdPT conversion factor
   - Integrated surface areas and volumes are calculated by assuming spherical particles
UNCERTAINTY: CPC data is 10%, UHSAS is 20%, APS is 20%
ULOD_FLAG: -7777
ULOD_VALUE: N/A
LLOD_FLAG: -8888
LLOD_VALUE: N/A
DM_CONTACT_INFO: Michael Shook (michael.shook@nasa.gov)
PROJECT_INFO: SARP 2022
STIPULATIONS_ON_USE: This is FIELD data. Please consult the PI and/or DM prior to use.
OTHER_COMMENTS: none
REVISION: RA
RA: None
******************************************************************************************************************
Time_Mid,CNgt3nm,CNgt10nm,IntegN_100to1000nm_UHSAS,IntegS_100to1000nm_UHSAS,IntegV_100to1000nm_UHSAS,IntegN_gt1000nm_APS,IntegS_gt1000nm_APS,IntegV_gt1000nm_APS,stdPT
[from data line 4550]
53890,2206.02,1957.84,420.24,37.57,1.20,-9999.00,-9999.00,-9999.00,1.393
53891,2314.34,1942.39,377.71,35.56,1.26,-9999.00,-9999.00,-9999.00,1.392
53892,2194.35,1945.93,470.89,48.35,1.81,-9999.00,-9999.00,-9999.00,1.392
53893,2099.93,1961.78,418.45,39.91,1.39,-9999.00,-9999.00,-9999.00,1.391
53894,2252.98,1935.08,415.71,40.79,1.44,-9999.00,-9999.00,-9999.00,1.394
53895,2198.83,1949.91,437.09,44.02,1.59,-9999.00,-9999.00,-9999.00,1.393
53896,2184.70,1963.46,461.70,46.13,1.84,-9999.00,-9999.00,-9999.00,1.391
53897,2211.54,1948.92,467.13,43.36,1.44,-9999.00,-9999.00,-9999.00,1.396
53898,2281.82,1936.09,489.88,48.60,1.68,-9999.00,-9999.00,-9999.00,1.393
53899,2172.81,1937.54,458.02,45.01,1.58,-9999.00,-9999.00,-9999.00,1.397
53900,2202.49,1925.44,405.92,37.50,1.27,-9999.00,-9999.00,-9999.00,1.397
53901,2134.84,1899.17,454.24,44.96,1.62,-9999.00,-9999.00,-9999.00,1.396
53902,2260.53,1913.82,435.31,43.57,1.56,-9999.00,-9999.00,-9999.00,1.399
53903,2220.22,1901.07,417.23,42.57,1.76,-9999.00,-9999.00,-9999.00,1.400
53904,2249.69,1888.63,428.57,39.34,1.35,-9999.00,-9999.00,-9999.00,1.399
53905,2348.90,1918.04,393.57,41.45,1.57,-9999.00,-9999.00,-9999.00,1.403
53906,14891.51,1920.59,452.16,41.84,1.38,-9999.00,-9999.00,-9999.00,1.401
53907,7016.66,5318.18,430.80,43.78,1.56,-9999.00,-9999.00,-9999.00,1.403
53908,3552.11,8371.83,386.63,39.03,1.43,-9999.00,-9999.00,-9999.00,1.400
53909,4304.51,2618.92,403.16,42.77,1.70,-9999.00,-9999.00,-9999.00,1.404
53910,6254.75,3190.06,432.99,45.22,1.68,-9999.00,-9999.00,-9999.00,1.403
53911,3233.72,3833.07,416.06,41.48,1.45,-9999.00,-9999.00,-9999.00,1.406
53912,2246.37,3153.29,438.02,42.65,1.54,-9999.00,-9999.00,-9999.00,1.409
53913,3196.21,2009.84,435.75,41.89,1.54,-9999.00,-9999.00,-9999.00,1.407
53914,2622.26,2175.92,456.02,46.57,1.73,-9999.00,-9999.00,-9999.00,1.411
53915,2497.17,2371.61,454.26,47.79,1.74,-9999.00,-9999.00,-9999.00,1.410
53916,2442.66,2079.75,520.56,53.47,1.93,-9999.00,-9999.00,-9999.00,1.413
53917,2460.18,2040.84,447.30,42.26,1.45,-9999.00,-9999.00,-9999.00,1.413
53918,2293.72,2041.97,399.69,38.34,1.38,-9999.00,-9999.00,-9999.00,1.409
53919,2197.85,2057.86,452.16,44.91,1.62,-9999.00,-9999.00,-9999.00,1.413
53920,2312.61,1962.22,392.42,39.55,1.45,-9999.00,-9999.00,-9999.00,1.412
53921,2159.49,1963.17,406.37,43.95,1.64,-9999.00,-9999.00,-9999.00,1.415
53922,2218.55,1951.76,437.87,41.68,1.44,-9999.00,-9999.00,-9999.00,1.414
53923,2122.34,1925.57,392.83,39.77,1.45,-9999.00,-9999.00,-9999.00,1.415
53924,2206.42,1897.24,408.30,38.96,1.33,-9999.00,-9999.00,-9999.00,1.422
53925,2333.42,1911.72,406.63,41.71,1.52,-9999.00,-9999.00,-9999.00,1.419
53926,2236.45,1941.07,407.61,41.58,1.52,-9999.00,-9999.00,-9999.00,1.417
53927,2267.26,1957.45,420.41,43.59,1.60,-9999.00,-9999.00,-9999.00,1.419
53928,2311.45,1973.19,429.17,40.42,1.37,-9999.00,-9999.00,-9999.00,1.420
53929,2284.52,1988.38,396.42,37.78,1.31,-9999.00,-9999.00,-9999.00,1.423
53930,2356.43,1961.34,409.71,42.18,1.54,-9999.00,-9999.00,-9999.00,1.420
53931,2286.41,1975.91,395.70,43.23,1.64,-9999.00,-9999.00,-9999.00,1.424
53932,2331.59,1964.19,411.59,41.56,1.50,-9999.00,-9999.00,-9999.00,1.422
53933,2248.93,1980.19,390.47,36.90,1.27,-9999.00,-9999.00,-9999.00,1.424
53934,2378.01,1953.37,412.55,41.11,1.47,-9999.00,-9999.00,-9999.00,1.423
53935,2295.32,1955.27,368.18,36.59,1.27,-9999.00,-9999.00,-9999.00,1.426
53936,2283.11,1928.59,422.28,41.77,1.48,-9999.00,-9999.00,-9999.00,1.427
53937,2242.17,1915.78,379.55,36.52,1.23,-9999.00,-9999.00,-9999.00,1.427
53938,2213.97,1901.75,386.06,40.64,1.58,-9999.00,-9999.00,-9999.00,1.427
53939,2186.81,1917.01,383.77,36.70,1.27,-9999.00,-9999.00,-9999.00,1.429
53940,2258.67,1903.53,389.28,41.27,1.51,-9999.00,-9999.00,-9999.00,1.431
53941,2032.80,1919.08,353.71,34.39,1.18,-9999.00,-9999.00,-9999.00,1.429
53942,1893.10,1907.33,392.56,41.26,1.57,-9999.00,-9999.00,-9999.00,1.433
53943,2051.01,1922.83,366.75,38.54,1.44,-9999.00,-9999.00,-9999.00,1.428
53944,1993.85,1922.64,351.62,35.16,1.21,-9999.00,-9999.00,-9999.00,1.432
53945,1967.40,1896.12,403.52,42.43,1.60,-9999.00,-9999.00,-9999.00,1.432
53946,2053.67,1925.32,412.55,43.13,1.60,-9999.00,-9999.00,-9999.00,1.431
53947,2268.48,1926.07,388.21,37.55,1.32,-9999.00,-9999.00,-9999.00,1.435
53948,2256.04,1941.90,397.53,41.41,1.57,-9999.00,-9999.00,-9999.00,1.433
53949,2271.84,1943.21,398.52,39.32,1.38,-9999.00,-9999.00,-9999.00,1.435
53950,2216.50,1944.80,360.17,37.24,1.36,-9999.00,-9999.00,-9999.00,1.435
53951,2147.78,1961.64,378.29,40.88,1.53,-9999.00,-9999.00,-9999.00,1.437
53952,2119.51,1947.65,379.49,37.25,1.24,-9999.00,-9999.00,-9999.00,1.438
53953,2279.87,1921.40,383.27,38.60,1.38,-9999.00,-9999.00,-9999.00,1.444
53954,2266.75,1908.09,375.65,37.96,1.47,-9999.00,-9999.00,-9999.00,1.441
53955,2139.75,1924.34,372.36,40.09,1.54,-9999.00,-9999.00,-9999.00,1.441
53956,2644.24,1882.58,361.78,39.42,1.47,-9999.00,-9999.00,-9999.00,1.441
53957,2587.19,1969.14,367.21,41.00,1.66,-9999.00,-9999.00,-9999.00,1.441
53958,2343.83,2286.31,360.91,41.40,1.73,-9999.00,-9999.00,-9999.00,1.443
53959,2445.50,1956.40,399.88,40.80,1.43,-9999.00,-9999.00,-9999.00,1.447
53960,2303.19,1914.53,404.20,44.70,1.73,-9999.00,-9999.00,-9999.00,1.444
53961,2319.20,1944.67,378.27,41.42,1.61,-9999.00,-9999.00,-9999.00,1.445
53962,2262.71,1945.64,350.47,34.11,1.20,-9999.00,-9999.00,-9999.00,1.443
53963,2264.07,2004.49,375.17,41.22,1.71,-9999.00,-9999.00,-9999.00,1.444
53964,2222.06,1962.34,354.68,36.69,1.31,-9999.00,-9999.00,-9999.00,1.449
53965,2266.91,1992.57,400.72,40.29,1.49,-9999.00,-9999.00,-9999.00,1.445
53966,2368.31,1963.97,376.44,42.22,1.67,-9999.00,-9999.00,-9999.00,1.449
53967,2254.58,1994.44,399.25,39.93,1.41,-9999.00,-9999.00,-9999.00,1.450
53968,2199.31,2011.21,404.18,43.66,1.69,-9999.00,-9999.00,-9999.00,1.449
53969,2142.87,1983.60,328.91,34.47,1.27,-9999.00,-9999.00,-9999.00,1.453
53970,2156.44,1968.30,350.76,39.11,1.58,-9999.00,-9999.00,-9999.00,1.455
53971,2316.95,2027.33,394.88,46.15,2.18,-9999.00,-9999.00,-9999.00,1.453
53972,2377.77,2087.80,402.78,43.33,1.66,-9999.00,-9999.00,-9999.00,1.456
53973,2265.37,2120.16,392.76,45.49,2.26,-9999.00,-9999.00,-9999.00,1.457
53974,2240.29,2109.36,371.15,41.96,1.66,-9999.00,-9999.00,-9999.00,1.459
53975,2230.76,2143.28,315.30,34.12,1.38,-9999.00,-9999.00,-9999.00,1.463
53976,2410.11,2074.15,257.40,25.89,0.91,-9999.00,-9999.00,-9999.00,1.461
53977,2281.27,2018.04,300.82,32.67,1.21,-9999.00,-9999.00,-9999.00,1.460
53978,2165.50,1960.66,277.91,29.02,1.03,-9999.00,-9999.00,-9999.00,1.466
53979,2123.11,1903.48,311.64,32.94,1.24,-9999.00,-9999.00,-9999.00,1.468
53980,2212.66,1875.63,371.08,38.14,1.57,-9999.00,-9999.00,-9999.00,1.468
53981,2023.67,1803.71,319.26,31.45,1.12,-9999.00,-9999.00,-9999.00,1.473
53982,1936.68,1731.28,321.73,32.89,1.23,-9999.00,-9999.00,-9999.00,1.468
53983,1806.05,1688.58,379.37,40.77,1.57,-9999.00,-9999.00,-9999.00,1.472
53984,1880.32,1630.59,363.25,35.80,1.26,-9999.00,-9999.00,-9999.00,1.472
53985,1807.58,1631.23,377.13,39.10,1.44,-9999.00,-9999.00,-9999.00,1.473
53986,1691.12,1632.29,344.60,36.23,1.34,-9999.00,-9999.00,-9999.00,1.476
53987,1661.94,1632.52,340.19,35.82,1.36,-9999.00,-9999.00,-9999.00,1.477
53988,1823.76,1617.85,375.29,38.43,1.38,-9999.00,-9999.00,-9999.00,1.483
53989,2074.53,1677.28,356.62,38.30,1.48,-9999.00,-9999.00,-9999.00,1.480
53990,2031.62,1722.46,392.67,38.28,1.33,-9999.00,-9999.00,-9999.00,1.480
53991,2003.77,1782.77,382.84,38.19,1.36,-9999.00,-9999.00,-9999.00,1.480
53992,1975.73,1798.79,344.80,37.06,1.60,-9999.00,-9999.00,-9999.00,1.486
53993,2138.29,1813.86,357.59,34.48,1.23,-9999.00,-9999.00,-9999.00,1.485
53994,2168.76,1858.93,356.12,32.04,1.15,-9999.00,-9999.00,-9999.00,1.482
53995,2110.81,1874.63,331.10,28.91,0.93,-9999.00,-9999.00,-9999.00,1.486
53996,1993.32,1889.96,360.85,31.30,1.02,-9999.00,-9999.00,-9999.00,1.490
53997,1978.74,1831.08,359.15,33.26,1.14,-9999.00,-9999.00,-9999.00,1.489
53998,1967.67,1819.72,331.82,31.80,1.14,-9999.00,-9999.00,-9999.00,1.491
53999,2043.74,1821.60,328.05,30.15,1.01,-9999.00,-9999.00,-9999.00,1.495
54000,1972.02,1823.75,332.35,30.93,1.20,-9999.00,-9999.00,-9999.00,1.490
54001,2077.08,1780.35,298.30,27.40,0.93,-9999.00,-9999.00,-9999.00,1.493
54002,1914.77,1796.02,317.65,27.94,0.94,-9999.00,-9999.00,-9999.00,1.490
54003,2036.03,1783.39,309.33,26.61,0.84,-9999.00,-9999.00,-9999.00,1.493
54004,1920.62,1801.51,340.83,28.69,0.90,-9999.00,-9999.00,-9999.00,1.491
54005,1909.00,1804.60,287.24,26.32,0.94,-9999.00,-9999.00,-9999.00,1.494
54006,1985.64,1806.48,314.66,26.36,0.84,-9999.00,-9999.00,-9999.00,1.495
54007,2048.59,1779.44,312.98,27.77,0.92,-9999.00,-9999.00,-9999.00,1.499
54008,1990.28,1780.77,318.19,25.88,0.79,-9999.00,-9999.00,-9999.00,1.495
54009,2067.55,1797.87,286.04,22.89,0.70,-9999.00,-9999.00,-9999.00,1.496
54010,2040.08,1770.07,273.56,24.23,0.79,-9999.00,-9999.00,-9999.00,1.495
54011,2148.57,1787.97,292.76,24.73,0.78,-9999.00,-9999.00,-9999.00,1.496
54012,2119.93,1789.16,324.03,30.11,1.04,-9999.00,-9999.00,-9999.00,1.498
54013,1970.09,1774.58,279.58,22.69,0.69,-9999.00,-9999.00,-9999.00,1.498
54014,1985.09,1774.55,346.98,28.24,0.89,-9999.00,-9999.00,-9999.00,1.498
54015,1954.38,1773.98,381.45,31.80,1.03,-9999.00,-9999.00,-9999.00,1.503
54016,2029.89,1789.31,375.63,33.77,1.15,-9999.00,-9999.00,-9999.00,1.500
54017,2014.23,1803.78,325.68,28.15,0.92,-9999.00,-9999.00,-9999.00,1.502
54018,1906.75,1801.66,352.55,28.32,0.87,-9999.00,-9999.00,-9999.00,1.504
54019,2013.45,1788.07,385.10,33.89,1.14,-9999.00,-9999.00,-9999.00,1.499
54020,1939.55,1789.20,375.79,31.39,0.97,-9999.00,-9999.00,-9999.00,1.500
54021,1970.65,1790.13,362.25,30.04,0.92,-9999.00,-9999.00,-9999.00,1.505
54022,1971.42,1790.83,395.60,33.17,1.11,-9999.00,-9999.00,-9999.00,1.501
54023,2001.75,1775.99,374.31,29.96,0.92,-9999.00,-9999.00,-9999.00,1.502
54024,1956.56,1791.01,362.48,29.42,0.91,-9999.00,-9999.00,-9999.00,1.502
54025,2031.10,1790.38,365.33,33.59,1.24,-9999.00,-9999.00,-9999.00,1.503
54026,2090.82,1805.02,351.15,29.93,0.94,-9999.00,-9999.00,-9999.00,1.504
54027,2271.97,1790.49,358.44,28.79,0.91,-9999.00,-9999.00,-9999.00,1.502
54028,1954.34,1849.11,394.26,32.19,1.00,-9999.00,-9999.00,-9999.00,1.503
54029,2028.31,1817.97,358.67,30.13,0.96,-9999.00,-9999.00,-9999.00,1.503
54030,1923.21,1833.06,341.67,31.77,1.13,-9999.00,-9999.00,-9999.00,1.502
54031,1968.17,1847.98,376.25,30.47,0.92,-9999.00,-9999.00,-9999.00,1.502
54032,1997.77,1802.50,393.59,34.05,1.20,-9999.00,-9999.00,-9999.00,1.504
54033,2042.48,1862.26,408.63,33.92,1.07,-9999.00,-9999.00,-9999.00,1.507
54034,1982.68,1832.48,365.84,28.09,0.84,-9999.00,-9999.00,-9999.00,1.503
54035,2102.61,1832.27,377.76,34.90,1.22,-9999.00,-9999.00,-9999.00,1.502
54036,2175.62,1830.52,396.37,32.18,1.04,-9999.00,-9999.00,-9999.00,1.504
54037,2114.75,1829.78,383.89,32.03,1.02,-9999.00,-9999.00,-9999.00,1.500
54038,2053.11,1813.33,384.58,34.16,1.41,-9999.00,-9999.00,-9999.00,1.502
54039,1991.18,1826.50,426.95,33.62,1.02,-9999.00,-9999.00,-9999.00,1.501
54040,2125.64,1841.23,425.57,37.37,1.22,-9999.00,-9999.00,-9999.00,1.502
54041,1975.93,1841.20,390.30,33.65,1.12,-9999.00,-9999.00,-9999.00,1.501
54042,1872.48,1827.54,411.63,34.92,1.12,-9999.00,-9999.00,-9999.00,1.501
54043,1917.43,1827.55,368.54,30.95,1.04,-9999.00,-9999.00,-9999.00,1.498
54044,1961.33,1811.61,333.33,28.83,0.96,-9999.00,-9999.00,-9999.00,1.501
54045,1930.90,1811.15,376.44,31.23,0.99,-9999.00,-9999.00,-9999.00,1.499
54046,1946.90,1827.09,410.92,37.52,1.29,-9999.00,-9999.00,-9999.00,1.501
54047,1947.25,1827.42,404.70,32.32,1.00,-9999.00,-9999.00,-9999.00,1.505
54048,1946.40,1856.57,357.23,28.55,0.88,-9999.00,-9999.00,-9999.00,1.499
54049,2094.80,1870.35,374.49,29.70,0.92,-9999.00,-9999.00,-9999.00,1.503
54050,1959.86,1855.13,391.87,32.24,1.08,-9999.00,-9999.00,-9999.00,1.501
54051,2051.12,1841.52,433.45,35.46,1.16,-9999.00,-9999.00,-9999.00,1.500
54052,2005.62,1855.95,408.01,34.31,1.12,-9999.00,-9999.00,-9999.00,1.501
54053,2139.24,1840.05,389.33,33.58,1.10,-9999.00,-9999.00,-9999.00,1.501
54054,2168.48,1809.56,356.36,28.91,0.91,-9999.00,-9999.00,-9999.00,1.506
54055,2167.84,1868.83,350.14,29.44,0.92,-9999.00,-9999.00,-9999.00,1.501
54056,2092.55,1838.46,405.79,32.83,0.99,-9999.00,-9999.00,-9999.00,1.499
54057,2257.04,1853.46,404.53,32.01,0.98,-9999.00,-9999.00,-9999.00,1.499
54058,1973.56,1868.90,409.34,33.70,1.04,-9999.00,-9999.00,-9999.00,1.500
54059,2197.78,1838.96,422.00,34.28,1.06,-9999.00,-9999.00,-9999.00,1.499
54060,1988.69,1869.07,406.17,31.83,1.01,-9999.00,-9999.00,-9999.00,1.498
54061,2092.84,1868.61,358.25,29.57,0.93,-9999.00,-9999.00,-9999.00,1.505
54062,2197.23,1868.40,360.36,30.28,0.95,-9999.00,-9999.00,-9999.00,1.499
54063,2093.25,1854.02,409.40,33.04,1.02,-9999.00,-9999.00,-9999.00,1.507
54064,2138.32,1854.21,362.05,30.18,0.93,-9999.00,-9999.00,-9999.00,1.503
54065,2108.13,1839.01,390.91,31.79,0.99,-9999.00,-9999.00,-9999.00,1.503
54066,2032.99,1853.61,425.98,35.95,1.23,-9999.00,-9999.00,-9999.00,1.505
54067,1944.38,1854.64,386.98,30.02,0.89,-9999.00,-9999.00,-9999.00,1.499
54068,2034.65,1855.12,361.78,29.54,0.92,-9999.00,-9999.00,-9999.00,1.498
54069,1975.05,1870.31,357.92,31.39,1.01,-9999.00,-9999.00,-9999.00,1.503
54070,2034.00,1884.44,378.85,31.54,1.05,-9999.00,-9999.00,-9999.00,1.503
54071,1958.11,1838.53,443.07,34.76,1.05,-9999.00,-9999.00,-9999.00,1.503
54072,1914.15,1869.28,419.79,34.37,1.14,-9999.00,-9999.00,-9999.00,1.498
54073,2048.56,1854.17,444.37,38.21,1.26,-9999.00,-9999.00,-9999.00,1.503
54074,2049.60,1885.03,415.35,32.51,1.00,-9999.00,-9999.00,-9999.00,1.503
54075,2064.58,1870.09,353.96,32.36,1.09,-9999.00,-9999.00,-9999.00,1.504
54076,1989.58,1869.91,402.62,33.93,1.09,-9999.00,-9999.00,-9999.00,1.501
54077,2019.41,1884.79,399.03,37.10,1.35,-9999.00,-9999.00,-9999.00,1.499
54078,2094.90,1870.44,394.15,36.68,1.42,-9999.00,-9999.00,-9999.00,1.504
54079,2065.08,1870.54,400.98,32.73,1.01,-9999.00,-9999.00,-9999.00,1.503
54080,1990.07,1855.41,388.52,31.02,0.97,-9999.00,-9999.00,-9999.00,1.499
54081,2034.88,1870.29,402.49,37.84,1.55,-9999.00,-9999.00,-9999.00,1.496
54082,2035.98,1886.27,377.36,31.65,0.99,-9999.00,-9999.00,-9999.00,1.503
54083,2035.75,1871.09,412.01,33.25,1.03,-9999.00,-9999.00,-9999.00,1.499
54084,2140.49,1871.06,427.41,34.32,1.08,-9999.00,-9999.00,-9999.00,1.503
54085,2066.74,1872.05,393.79,32.48,1.04,-9999.00,-9999.00,-9999.00,1.501
54086,2066.64,1856.98,399.23,32.57,0.99,-9999.00,-9999.00,-9999.00,1.500
54087,2022.65,1902.79,414.42,33.26,1.04,-9999.00,-9999.00,-9999.00,1.502
54088,2051.51,1901.76,411.09,33.09,1.05,-9999.00,-9999.00,-9999.00,1.496
54089,2050.67,1900.99,404.25,33.41,1.06,-9999.00,-9999.00,-9999.00,1.500
54090,2110.51,1871.02,381.91,32.01,1.02,-9999.00,-9999.00,-9999.00,1.501
54091,2124.38,1899.97,424.59,37.67,1.32,-9999.00,-9999.00,-9999.00,1.499
54092,2213.38,1899.32,372.30,30.89,0.98,-9999.00,-9999.00,-9999.00,1.499
54093,2364.39,1915.45,423.79,33.41,1.01,-9999.00,-9999.00,-9999.00,1.500
54094,2079.76,1885.25,366.39,29.00,0.87,-9999.00,-9999.00,-9999.00,1.501
54095,2109.20,1914.73,371.71,32.19,1.06,-9999.00,-9999.00,-9999.00,1.500
54096,2140.97,1961.30,412.65,33.39,1.07,-9999.00,-9999.00,-9999.00,1.499
54097,2128.18,1948.33,375.85,30.34,0.92,-9999.00,-9999.00,-9999.00,1.498
54098,2220.20,1950.18,372.95,33.79,1.24,-9999.00,-9999.00,-9999.00,1.499
54099,2099.19,1919.26,322.93,27.63,0.91,-9999.00,-9999.00,-9999.00,1.501
54100,2099.89,1949.90,332.91,28.00,0.89,-9999.00,-9999.00,-9999.00,1.499
54101,2117.67,1952.46,395.26,31.01,0.93,-9999.00,-9999.00,-9999.00,1.499
54102,2191.42,1936.25,390.48,30.04,0.89,-9999.00,-9999.00,-9999.00,1.505
54103,2190.53,1935.47,389.50,33.02,1.07,-9999.00,-9999.00,-9999.00,1.503
54104,2220.60,1920.52,430.12,34.26,1.07,-9999.00,-9999.00,-9999.00,1.504
54105,2178.25,1937.89,370.74,30.23,0.91,-9999.00,-9999.00,-9999.00,1.503
54106,2252.81,1967.46,350.02,27.95,0.86,-9999.00,-9999.00,-9999.00,1.502
54107,2297.63,1952.24,367.13,28.62,0.88,-9999.00,-9999.00,-9999.00,1.499
