NASA Intern/Datasets/LARGE/SASA-LARGE-MICROPHYSICAL_P3B_20220712_RA_L1.ict
56,1001
Richard Moore, Luke Ziemba, Edward Winstead, Michael Shook, Claire Robinson, John Barrick, Bruce Anderson, and Ali Omar
NASA Langley
In-situ microphysical aerosol measurements from the NASA P3B
NASA SASA
1,1
2022,07,12,2022,07,13
1.0
Time_Mid,Secs after midnight,Time of acquisition
9
1,1,1,1,1,1,1,1,1
-9999,-9999,-9999,-9999,-9999,-9999,-9999,-9999,-9999
CNgt3nm, #/cm3, AerMP_NumConc_InSitu_RHd_None_Bulk_STP, Number concentration of particles with diameters greater than 3nm
CNgt10nm, #/cm3, AerMP_NumConc_InSitu_RHd_None_Bulk_STP, Number concentration of particles with diameters greater than 10nm
IntegN_100to1000nm_UHSAS, #/cm3, Number concentration of particles with diameters between 100 and 1000nm (inclusive) as measured by the UHSAS
IntegS_100to1000nm_UHSAS, um2/cm3, Surface area concentration of particles with diameters between 100 and 1000nm (inclusive) as measured by the UHSAS
IntegV_100to1000nm_UHSAS, um3/cm3, Volume concentration of particles with diameters between 100 and 1000nm (inclusive) as measured by the UHSAS
IntegN_gt1000nm_APS, #/cm3, Number concentration of particles with diameters greater than 1000nm as measured by the APS
IntegS_gt1000nm_APS, um2/cm3, Surface area concentration of particles with diameters greater 1000nm as measured by the APS
IntegV_gt1000nm_APS, um3/cm3, Volume concentration of particles with diameters greater than 1000nm as measured by the APS
stdPT, unitless, None, Conversion factor to convert between ambient and standard pressure and temperature conditions
0
33
******************************************************************************************************************
Langley Aerosol data from the 2022 SASA field campaign
 
PI_CONTACT_INFO: richard.h.moore@nasa.gov
PLATFORM: NASA P3B aircraft
LOCATION: Latitude, Longitude, and Altitude included in MetNav files
ASSOCIATED_DATA: None
INSTRUMENT_INFO: Flagged data are due to missing data or to instrument issues.
CN statistics: TSI Condensation Particle Counters
	- CNgt3nm is measured with a TSI CPC-3776
	- CNgt10nm is measured with a TSI CPC-3772
	- The CPC-3772 data are corrected for coincidence errors when the aerosol concentrations exceed 10,000 cm-3
	- Due to flow irregularities and response times differences, there will be times where CNgt10nm > CNgt3nm
UHSAS statistics: Optical Size Distribution Data from the DMT Ultra-High Sensitivity Aerosol Spectrometer (UHSAS)
   - Data are processed with respect to mid-point polystyrene-latex-equivalent optical diameters and are rebinned to a standard binning scheme
APS statistics: Aerodynamic Size Distribution Data From the TSI Aerodynamic Particle Sizer (APS), Model 3321
   - Data are processed with respect to mid-point polystyrene-latex-equivalent aerodynamic diameters (assuming spherical particles with a density of 1 g/cm3) and are rebinned to a standard binning scheme
DATA_INFO: Aerosol measurements are reported at standard temperature and pressure (0 deg C, 1013 mb)
   - Concentrations can be converted back to ambient conditions by dividing by the stdPT conversion factor
   - Integrated surface areas and volumes are calculated by assuming spherical particles
UNCERTAINTY: CPC data is 10%, UHSAS is 20%, APS is 20%
ULOD_FLAG: -7777
ULOD_VALUE: N/A
LLOD_FLAG: -8888
LLOD_VALUE: N/A
DM_CONTACT_INFO: Michael Shook (michael.shook@nasa.gov)
PROJECT_INFO: SARP 2022
STIPULATIONS_ON_USE: This is FIELD data. Please consult the PI and/or DM prior to use.
OTHER_COMMENTS: none
REVISION: RA
RA: None
******************************************************************************************************************
Time_Mid,CNgt3nm,CNgt10nm,IntegN_100to1000nm_UHSAS,IntegS_100to1000nm_UHSAS,IntegV_100to1000nm_UHSAS,IntegN_gt1000nm_APS,IntegS_gt1000nm_APS,IntegV_gt1000nm_APS,stdPT
[from data line 2625]
51965,6892.71,6645.74,799.43,79.63,2.85,-9999.00,-9999.00,-9999.00,1.166
51966,7537.52,6268.16,845.71,83.62,2.98,-9999.00,-9999.00,-9999.00,1.163
51967,9912.73,6069.02,845.02,85.58,3.14,-9999.00,-9999.00,-9999.00,1.163
51968,9726.42,7938.56,766.41,74.69,2.62,-9999.00,-9999.00,-9999.00,1.163
51969,9614.31,8636.01,716.46,71.64,2.58,-9999.00,-9999.00,-9999.00,1.162
51970,10323.04,8763.37,962.37,98.62,3.65,-9999.00,-9999.00,-9999.00,1.164
51971,9937.92,9049.80,835.24,85.65,3.16,-9999.00,-9999.00,-9999.00,1.165
51972,10711.60,8875.65,704.59,70.30,2.54,-9999.00,-9999.00,-9999.00,1.165
51973,11713.38,9370.71,654.90,64.57,2.34,-9999.00,-9999.00,-9999.00,1.166
51974,11553.40,10061.55,908.63,90.36,3.19,-9999.00,-9999.00,-9999.00,1.169
51975,6609.64,10694.38,902.76,105.05,4.40,-9999.00,-9999.00,-9999.00,1.166
51976,5192.31,7687.31,726.03,74.68,2.93,-9999.00,-9999.00,-9999.00,1.167
51977,10367.52,5211.84,741.87,73.11,2.61,-9999.00,-9999.00,-9999.00,1.166
51978,9862.02,7376.83,667.01,68.65,2.45,-9999.00,-9999.00,-9999.00,1.165
51979,10188.93,9524.68,638.71,68.64,2.63,-9999.00,-9999.00,-9999.00,1.163
51980,14781.46,8631.92,544.97,56.25,2.08,-9999.00,-9999.00,-9999.00,1.163
51981,13289.36,12050.52,713.86,73.22,2.70,-9999.00,-9999.00,-9999.00,1.165
51982,13259.02,12135.37,867.54,90.79,3.34,-9999.00,-9999.00,-9999.00,1.166
51983,7926.13,12237.23,800.30,90.96,3.63,-9999.00,-9999.00,-9999.00,1.166
51984,8777.21,8496.25,719.69,74.13,2.73,-9999.00,-9999.00,-9999.00,1.163
51985,13391.35,10060.39,632.32,69.42,2.74,-9999.00,-9999.00,-9999.00,1.167
51986,15083.65,10063.27,646.48,68.97,2.60,-9999.00,-9999.00,-9999.00,1.163
51987,13730.87,13055.58,664.34,66.94,2.45,-9999.00,-9999.00,-9999.00,1.165
51988,14523.68,12947.47,652.32,66.44,2.41,-9999.00,-9999.00,-9999.00,1.162
51989,14065.58,12602.76,682.55,67.42,2.40,-9999.00,-9999.00,-9999.00,1.162
51990,11478.82,12829.27,687.76,73.98,2.83,-9999.00,-9999.00,-9999.00,1.163
51991,8438.45,11476.29,704.72,77.69,2.99,-9999.00,-9999.00,-9999.00,1.163
51992,10371.05,8481.31,677.59,73.61,2.80,-9999.00,-9999.00,-9999.00,1.164
51993,12019.05,8772.78,744.75,77.70,3.00,-9999.00,-9999.00,-9999.00,1.158
51994,14021.82,10073.28,814.01,82.74,2.99,-9999.00,-9999.00,-9999.00,1.159
51995,13710.66,11463.01,633.45,63.87,2.36,-9999.00,-9999.00,-9999.00,1.163
51996,17763.09,11692.16,624.15,63.14,2.28,-9999.00,-9999.00,-9999.00,1.161
51997,16547.01,14633.41,591.65,63.25,2.41,-9999.00,-9999.00,-9999.00,1.163
51998,17342.82,15090.50,585.98,65.44,2.58,-9999.00,-9999.00,-9999.00,1.162
51999,15070.69,16532.77,687.71,76.34,2.95,-9999.00,-9999.00,-9999.00,1.169
52000,19341.83,14618.83,675.76,70.88,2.67,-9999.00,-9999.00,-9999.00,1.162
52001,17416.25,16067.89,704.05,73.74,2.78,-9999.00,-9999.00,-9999.00,1.162
52002,12602.63,16991.05,609.61,63.01,2.34,-9999.00,-9999.00,-9999.00,1.162
52003,8987.63,13385.84,635.64,67.64,2.59,-9999.00,-9999.00,-9999.00,1.160
52004,12815.52,8948.38,684.46,71.81,2.69,-9999.00,-9999.00,-9999.00,1.163
52005,20022.67,10033.83,675.67,67.31,2.39,-9999.00,-9999.00,-9999.00,1.163
52006,13612.01,14511.97,639.88,64.41,2.37,-9999.00,-9999.00,-9999.00,1.163
52007,5886.58,13844.16,645.84,68.16,2.56,-9999.00,-9999.00,-9999.00,1.162
52008,5832.87,8073.68,551.64,59.74,2.31,-9999.00,-9999.00,-9999.00,1.164
52009,13293.26,4821.62,593.26,61.23,2.28,-9999.00,-9999.00,-9999.00,1.163
52010,16690.47,8412.90,601.88,63.91,2.36,-9999.00,-9999.00,-9999.00,1.168
52011,11710.48,13737.29,799.82,85.76,3.31,-9999.00,-9999.00,-9999.00,1.165
52012,7406.43,13149.50,884.69,91.76,3.31,-9999.00,-9999.00,-9999.00,1.166
52013,4066.41,8515.81,716.63,68.55,2.39,-9999.00,-9999.00,-9999.00,1.165
52014,4095.64,4783.89,558.52,58.86,2.17,-9999.00,-9999.00,-9999.00,1.165
52015,3983.48,3836.78,596.78,61.99,2.31,-9999.00,-9999.00,-9999.00,1.164
52016,3069.16,4028.27,644.90,67.50,2.58,-9999.00,-9999.00,-9999.00,1.163
52017,3835.97,3305.70,643.72,63.94,2.26,-9999.00,-9999.00,-9999.00,1.165
52018,8209.58,3265.81,734.66,72.91,2.61,-9999.00,-9999.00,-9999.00,1.167
52019,3518.97,5778.76,866.75,86.14,3.11,-9999.00,-9999.00,-9999.00,1.169
52020,2366.34,5667.96,697.29,71.67,2.61,-9999.00,-9999.00,-9999.00,1.166
52021,2322.28,2863.40,644.02,65.75,2.41,-9999.00,-9999.00,-9999.00,1.164
52022,2493.87,2493.87,614.87,63.90,2.44,-9999.00,-9999.00,-9999.00,1.165
52023,2387.72,2421.51,715.63,74.20,2.74,-9999.00,-9999.00,-9999.00,1.165
52024,2658.57,2365.68,785.74,80.66,2.98,-9999.00,-9999.00,-9999.00,1.166
52025,2545.30,2308.79,793.87,82.32,3.05,-9999.00,-9999.00,-9999.00,1.163
52026,2770.25,2342.32,732.38,76.90,2.87,-9999.00,-9999.00,-9999.00,1.165
52027,2664.54,2540.35,617.68,63.08,2.23,-9999.00,-9999.00,-9999.00,1.164
52028,2589.90,2533.60,737.78,75.39,2.73,-9999.00,-9999.00,-9999.00,1.167
52029,3132.90,2513.08,743.16,75.80,2.73,-9999.00,-9999.00,-9999.00,1.166
52030,3625.53,2533.37,695.09,77.52,3.04,-9999.00,-9999.00,-9999.00,1.163
52031,4185.63,3488.02,721.43,74.08,2.65,-9999.00,-9999.00,-9999.00,1.163
52032,4443.88,3048.84,723.46,73.94,2.74,-9999.00,-9999.00,-9999.00,1.164
52033,2690.08,4569.75,685.98,72.75,2.71,-9999.00,-9999.00,-9999.00,1.163
52034,7915.01,2735.91,599.86,65.01,2.46,-9999.00,-9999.00,-9999.00,1.164
52035,4229.73,5163.42,649.35,65.10,2.37,-9999.00,-9999.00,-9999.00,1.165
52036,2763.75,5055.64,737.62,78.58,3.00,-9999.00,-9999.00,-9999.00,1.164
52037,2842.40,3123.27,725.88,80.68,3.10,-9999.00,-9999.00,-9999.00,1.166
52038,2944.00,2460.82,648.57,71.33,2.72,-9999.00,-9999.00,-9999.00,1.166
52039,2836.06,2498.43,582.23,62.24,2.40,-9999.00,-9999.00,-9999.00,1.167
52040,2710.53,2485.59,688.72,73.81,2.89,-9999.00,-9999.00,-9999.00,1.166
52041,2766.80,2418.13,626.48,65.47,2.47,-9999.00,-9999.00,-9999.00,1.165
52042,2745.39,2385.34,628.46,68.55,2.67,-9999.00,-9999.00,-9999.00,1.169
52043,2800.09,2417.75,697.16,75.12,2.86,-9999.00,-9999.00,-9999.00,1.166
52044,2756.35,2430.09,684.49,74.00,2.83,-9999.00,-9999.00,-9999.00,1.162
52045,2678.82,2386.18,614.07,67.28,2.58,-9999.00,-9999.00,-9999.00,1.161
52046,4309.56,2362.95,615.98,65.65,2.50,-9999.00,-9999.00,-9999.00,1.163
52047,9272.07,2731.04,677.74,75.38,3.00,-9999.00,-9999.00,-9999.00,1.165
52048,8370.26,6258.03,738.02,80.80,3.07,-9999.00,-9999.00,-9999.00,1.159
52049,6031.90,7314.81,661.13,66.13,2.39,-9999.00,-9999.00,-9999.00,1.158
52050,7781.41,5802.32,632.08,71.87,2.93,-9999.00,-9999.00,-9999.00,1.159
52051,13723.78,5489.51,681.50,74.81,2.93,-9999.00,-9999.00,-9999.00,1.156
52052,20718.71,9357.20,548.10,54.00,1.93,-9999.00,-9999.00,-9999.00,1.158
52053,21013.14,14158.59,607.18,63.20,2.29,-9999.00,-9999.00,-9999.00,1.161
52054,17131.84,17019.86,886.98,96.39,3.67,-9999.00,-9999.00,-9999.00,1.161
52055,9093.63,10611.10,594.87,60.98,2.34,-9999.00,-9999.00,-9999.00,1.158
52056,5624.08,10618.26,529.56,57.67,2.22,-9999.00,-9999.00,-9999.00,1.162
52057,24480.87,4929.86,609.82,67.40,2.69,-9999.00,-9999.00,-9999.00,1.163
52058,11102.42,14930.45,671.34,74.10,2.81,-9999.00,-9999.00,-9999.00,1.165
52059,2740.11,14262.06,613.10,63.32,2.34,-9999.00,-9999.00,-9999.00,1.162
52060,3020.13,4906.31,639.81,69.81,2.64,-9999.00,-9999.00,-9999.00,1.160
52061,4675.07,2791.59,720.14,76.54,2.89,-9999.00,-9999.00,-9999.00,1.157
52062,5448.49,3482.54,618.94,67.95,2.88,-9999.00,-9999.00,-9999.00,1.158
52063,10049.94,5008.09,509.02,53.10,2.08,-9999.00,-9999.00,-9999.00,1.158
52064,17095.02,6376.89,595.81,61.97,2.33,-9999.00,-9999.00,-9999.00,1.165
52065,14042.81,13031.73,797.22,88.44,3.76,-9999.00,-9999.00,-9999.00,1.163
52066,6725.14,14258.64,807.10,84.98,3.14,-9999.00,-9999.00,-9999.00,1.159
52067,9179.80,9044.97,758.49,79.43,2.90,-9999.00,-9999.00,-9999.00,1.159
52068,11924.81,6536.14,721.77,76.42,2.84,-9999.00,-9999.00,-9999.00,1.156
52069,12160.24,10471.32,659.89,70.23,2.62,-9999.00,-9999.00,-9999.00,1.159
52070,15538.44,11372.34,655.36,69.20,2.81,-9999.00,-9999.00,-9999.00,1.159
52071,12469.66,13143.69,869.61,86.92,3.18,-9999.00,-9999.00,-9999.00,1.164
52072,9297.40,13570.39,953.78,97.32,3.65,-9999.00,-9999.00,-9999.00,1.163
52073,3333.26,10257.90,845.13,86.90,3.29,-9999.00,-9999.00,-9999.00,1.158
52074,3475.65,5511.55,601.96,64.46,2.57,-9999.00,-9999.00,-9999.00,1.158
52075,10834.82,3090.85,682.86,72.68,2.76,-9999.00,-9999.00,-9999.00,1.160
52076,15194.99,6865.89,604.78,64.41,2.38,-9999.00,-9999.00,-9999.00,1.161
52077,5379.95,12916.37,737.24,74.64,2.70,-9999.00,-9999.00,-9999.00,1.163
52078,4510.51,8201.94,849.61,82.07,2.89,-9999.00,-9999.00,-9999.00,1.162
52079,4624.39,4500.92,855.76,88.19,3.23,-9999.00,-9999.00,-9999.00,1.165
52080,5000.39,4281.23,664.59,63.09,2.19,-9999.00,-9999.00,-9999.00,1.161
52081,4244.30,4221.84,753.45,76.60,2.86,-9999.00,-9999.00,-9999.00,1.161
52082,3613.13,4061.96,773.75,83.47,3.14,-9999.00,-9999.00,-9999.00,1.163
52083,6490.69,3290.26,807.28,89.80,3.52,-9999.00,-9999.00,-9999.00,1.164
52084,10747.17,4076.51,800.78,81.94,3.07,-9999.00,-9999.00,-9999.00,1.161
52085,8128.50,8935.75,873.72,90.05,3.33,-9999.00,-9999.00,-9999.00,1.166
52086,10477.92,7400.81,728.39,72.37,2.53,-9999.00,-9999.00,-9999.00,1.165
52087,5670.50,10069.64,691.33,77.71,3.29,-9999.00,-9999.00,-9999.00,1.163
52088,13855.04,6307.99,586.53,61.93,2.34,-9999.00,-9999.00,-9999.00,1.164
52089,4465.06,11584.42,719.95,69.46,2.47,-9999.00,-9999.00,-9999.00,1.162
52090,3568.64,7260.73,894.19,87.48,3.23,-9999.00,-9999.00,-9999.00,1.166
52091,2650.89,4223.45,840.52,88.34,3.33,-9999.00,-9999.00,-9999.00,1.164
52092,2480.35,2760.94,756.31,78.31,2.92,-9999.00,-9999.00,-9999.00,1.167
52093,2718.49,2549.99,719.56,69.53,2.43,-9999.00,-9999.00,-9999.00,1.164
52094,3205.35,2541.79,653.48,69.98,2.63,-9999.00,-9999.00,-9999.00,1.165
52095,3045.07,2820.34,738.69,75.64,2.78,-9999.00,-9999.00,-9999.00,1.166
52096,-9999.00,-9999.00,680.66,71.83,2.68,-9999.00,-9999.00,-9999.00,1.162
52097,4854.45,2753.10,736.84,76.87,2.84,-9999.00,-9999.00,-9999.00,1.163
52098,10796.49,3302.98,724.21,71.71,2.51,-9999.00,-9999.00,-9999.00,1.162
52099,8446.12,7255.58,777.57,83.60,3.22,-9999.00,-9999.00,-9999.00,1.163
52100,3710.76,9670.47,761.38,78.65,2.92,-9999.00,-9999.00,-9999.00,1.167
52101,5747.20,4824.95,582.75,57.88,2.12,-9999.00,-9999.00,-9999.00,1.164
52102,6272.26,3990.42,766.75,81.04,3.21,-9999.00,-9999.00,-9999.00,1.166
52103,4513.24,6325.29,656.93,68.57,2.51,-9999.00,-9999.00,-9999.00,1.165
52104,4860.56,4331.75,705.85,71.88,2.58,-9999.00,-9999.00,-9999.00,1.165
52105,4659.50,4219.49,543.73,57.83,2.21,-9999.00,-9999.00,-9999.00,1.165
52106,3893.01,4220.25,581.71,62.39,2.39,-9999.00,-9999.00,-9999.00,1.166
52107,3672.62,3774.02,634.37,66.51,2.52,-9999.00,-9999.00,-9999.00,1.163
52108,3816.51,3332.41,718.03,75.00,2.78,-9999.00,-9999.00,-9999.00,1.166
52109,4406.86,3268.52,696.69,72.71,2.70,-9999.00,-9999.00,-9999.00,1.166
52110,5889.58,3581.04,733.60,75.86,2.79,-9999.00,-9999.00,-9999.00,1.168
52111,6510.48,4716.43,578.50,57.61,2.01,-9999.00,-9999.00,-9999.00,1.165
52112,6461.65,5627.16,642.90,68.44,2.60,-9999.00,-9999.00,-9999.00,1.168
52113,8105.16,5613.86,696.50,72.95,2.72,-9999.00,-9999.00,-9999.00,1.166
52114,7676.42,6571.73,669.40,66.38,2.35,-9999.00,-9999.00,-9999.00,1.165
52115,7388.10,6891.80,629.52,60.19,2.09,-9999.00,-9999.00,-9999.00,1.166
52116,9565.17,6576.05,614.68,65.09,2.56,-9999.00,-9999.00,-9999.00,1.162
52117,10383.40,7669.30,766.10,81.36,3.19,-9999.00,-9999.00,-9999.00,1.163
52118,7355.22,9315.11,780.68,78.56,2.86,-9999.00,-9999.00,-9999.00,1.164
52119,10456.33,7169.73,712.20,72.45,2.66,-9999.00,-9999.00,-9999.00,1.164
52120,6143.91,8797.99,567.38,58.89,2.16,-9999.00,-9999.00,-9999.00,1.168
52121,13991.16,6408.86,629.90,66.48,2.48,-9999.00,-9999.00,-9999.00,1.164
52122,12512.08,9648.95,734.46,79.07,2.97,-9999.00,-9999.00,-9999.00,1.163
52123,10819.92,12735.94,724.08,71.24,2.54,-9999.00,-9999.00,-9999.00,1.165
52124,13421.96,9226.18,664.57,68.98,2.49,-9999.00,-9999.00,-9999.00,1.163
52125,15087.01,10797.34,789.58,80.53,2.91,-9999.00,-9999.00,-9999.00,1.166
52126,12044.02,12606.82,709.18,74.52,2.80,-9999.00,-9999.00,-9999.00,1.163
52127,14193.50,11106.97,704.72,76.24,2.88,-9999.00,-9999.00,-9999.00,1.168
52128,12290.45,11501.15,593.66,64.21,2.45,-9999.00,-9999.00,-9999.00,1.167
52129,11844.07,11618.47,636.13,68.72,2.64,-9999.00,-9999.00,-9999.00,1.168
52130,12848.54,10583.14,685.45,75.34,2.87,-9999.00,-9999.00,-9999.00,1.166
52131,11597.16,11371.98,692.20,72.90,2.75,-9999.00,-9999.00,-9999.00,1.164
52132,11083.43,11060.91,637.76,68.25,2.67,-9999.00,-9999.00,-9999.00,1.163
52133,13404.47,9270.48,682.47,71.76,2.64,-9999.00,-9999.00,-9999.00,1.163
52134,14050.38,10970.53,743.75,79.52,2.96,-9999.00,-9999.00,-9999.00,1.164
52135,15078.97,12378.26,674.55,70.59,2.66,-9999.00,-9999.00,-9999.00,1.164
52136,13733.54,12607.84,635.08,69.63,2.68,-9999.00,-9999.00,-9999.00,1.166
52137,13533.50,12631.26,531.30,59.10,2.36,-9999.00,-9999.00,-9999.00,1.165
52138,13542.86,11511.43,592.53,66.14,2.64,-9999.00,-9999.00,-9999.00,1.168
52139,13877.70,12298.12,644.39,71.98,2.78,-9999.00,-9999.00,-9999.00,1.167
52140,12523.03,11958.93,716.60,79.14,3.11,-9999.00,-9999.00,-9999.00,1.165
52141,9419.01,11393.05,675.08,64.38,2.19,-9999.00,-9999.00,-9999.00,1.165
52142,10907.78,8699.18,716.22,78.21,2.98,-9999.00,-9999.00,-9999.00,1.163
52143,11584.10,8716.19,781.83,82.08,3.06,-9999.00,-9999.00,-9999.00,1.162
52144,9820.22,9640.24,804.16,83.88,3.10,-9999.00,-9999.00,-9999.00,1.166
52145,9116.91,9500.54,532.35,53.97,1.93,-9999.00,-9999.00,-9999.00,1.169
52146,9396.07,8437.29,542.68,57.36,2.13,-9999.00,-9999.00,-9999.00,1.167
52147,11608.32,9016.17,680.42,71.36,2.67,-9999.00,-9999.00,-9999.00,1.166
52148,9492.55,8614.23,777.30,86.43,3.30,-9999.00,-9999.00,-9999.00,1.164
52149,10127.14,8608.07,777.16,82.45,3.13,-9999.00,-9999.00,-9999.00,1.166
52150,11040.46,7840.98,677.51,70.60,2.58,-9999.00,-9999.00,-9999.00,1.163
52151,8199.58,8560.00,699.10,74.41,2.97,-9999.00,-9999.00,-9999.00,1.165
52152,10931.16,7441.30,759.84,77.68,2.83,-9999.00,-9999.00,-9999.00,1.163
52153,10930.67,7275.83,591.05,63.15,2.32,-9999.00,-9999.00,-9999.00,1.165
52154,12178.17,7960.91,674.63,76.02,3.28,-9999.00,-9999.00,-9999.00,1.163
52155,10771.47,9272.93,681.49,70.48,2.55,-9999.00,-9999.00,-9999.00,1.163
52156,9368.66,7942.02,860.18,93.20,3.71,-9999.00,-9999.00,-9999.00,1.161
52157,10630.09,7961.30,654.97,68.40,2.53,-9999.00,-9999.00,-9999.00,1.161
52158,14153.11,7728.05,767.42,82.46,3.10,-9999.00,-9999.00,-9999.00,1.158
52159,16542.14,10544.20,719.42,73.47,2.65,-9999.00,-9999.00,-9999.00,1.156
52160,12920.37,13931.53,746.53,75.44,2.73,-9999.00,-9999.00,-9999.00,1.158
52161,16528.36,13042.79,721.87,80.29,3.22,-9999.00,-9999.00,-9999.00,1.160
52162,15187.21,13949.74,650.33,68.90,2.59,-9999.00,-9999.00,-9999.00,1.163
52163,9091.66,14290.11,617.31,67.15,2.55,-9999.00,-9999.00,-9999.00,1.167
52164,4319.40,12035.82,661.47,71.60,2.78,-9999.00,-9999.00,-9999.00,1.165
52165,4353.11,5489.20,733.09,77.97,2.96,-9999.00,-9999.00,-9999.00,1.163
52166,3928.42,4299.87,704.62,77.28,2.87,-9999.00,-9999.00,-9999.00,1.165
52167,3625.20,3782.81,666.60,73.05,2.79,-9999.00,-9999.00,-9999.00,1.164
52168,3752.49,3493.31,636.97,65.61,2.37,-9999.00,-9999.00,-9999.00,1.165
52169,4727.60,3230.52,717.16,72.28,2.62,-9999.00,-9999.00,-9999.00,1.165
52170,5148.56,3788.35,774.02,85.46,3.34,-9999.00,-9999.00,-9999.00,1.165
52171,5502.18,4376.99,738.52,77.48,2.91,-9999.00,-9999.00,-9999.00,1.166
52172,5164.43,4849.39,699.09,70.78,2.53,-9999.00,-9999.00,-9999.00,1.166
52173,4797.07,4898.18,822.58,90.57,3.53,-9999.00,-9999.00,-9999.00,1.166
52174,3619.19,4686.96,809.10,84.29,3.09,-9999.00,-9999.00,-9999.00,1.163
52175,4025.40,3879.23,761.95,80.64,3.11,-9999.00,-9999.00,-9999.00,1.164
52176,3351.41,3666.31,769.38,79.19,2.94,-9999.00,-9999.00,-9999.00,1.164
52177,3136.40,3574.82,843.38,87.90,3.17,-9999.00,-9999.00,-9999.00,1.163
52178,3282.81,3260.32,801.78,79.99,2.82,-9999.00,-9999.00,-9999.00,1.164
52179,3027.50,3185.07,768.51,81.42,3.09,-9999.00,-9999.00,-9999.00,1.166
52180,3087.14,3132.21,627.29,64.21,2.33,-9999.00,-9999.00,-9999.00,1.164
