NASA Intern/Datasets/LARGE/SASA-LARGE-OPTICAL_P3B_20220708_RA.ict
87,1001
Richard Moore, Luke Ziemba, Edward Winstead, Michael Shook, Claire Robinson, John Barrick, Bruce Anderson, and Ali Omar
NASA Langley
In-situ optical aerosol measurements from the NASA P3B
NASA SASA
1,1
2022,07,08,2022,07,8
1.0
Time_Mid,Secs after midnight,Time of acquisition
19
1,1,1,1,1,1,1,1,1,1,1,1,1,1,1,1,1,1,1
-9999,-9999,-9999,-9999,-9999,-9999,-9999,-9999,-9999,-9999,-9999,-9999,-9999,-9999,-9999,-9999,-9999,-9999,-9999
Sc550_total_amb, Mm-1, AerOpt_Scattering_InSitu_Green_RHa_Bulk_STP, scattering coefficient of ambient  particles at 550nm
Sc450_total, Mm-1, AerOpt_Scattering_InSitu_Blue_RHd_Bulk_STP, Dry Scattering at 450nm (Total Aerosols)
Sc550_total, Mm-1, AerOpt_Scattering_InSitu_Green_RHd_Bulk_STP, Dry Scattering at 550nm (Total Aerosols)
Sc700_total, Mm-1, AerOpt_Scattering_InSitu_Red_RHd_Bulk_STP, Dry Scattering at 700nm (Total Aerosols)
Abs470_total, Mm-1, AerOpt_Absorption_InSitu_Blue_RHd_Bulk_STP, Dry absorption at 470nm (Total Aerosols)
Abs532_total, Mm-1, AerOpt_Absorption_InSitu_Green_RHd_Bulk_STP, Dry absorption at 532nm (Total Aerosols)
Abs660_total, Mm-1, AerOpt_Absorption_InSitu_Red_RHd_Bulk_STP, Dry absorption at 660nm (Total Aerosols)
Ext532_total_amb, Mm-1, AerOpt_Extinction_InSitu_Green_RHa_Bulk_STP, extinction coefficient of aerosols at 532nm for AMBIENT relative humidity
Ext532_total_dry, Mm-1, AerOpt_Extinction_InSitu_Green_RHd_Bulk_STP, extinction coefficient of aerosols at 532nm for DRY relative humidity
gamma550, unitless, AerOpt_Gamma_InSitu_Green_None_Bulk_STP, derived hygroscopic growth factor for particles at 550nm
fRH550_RH20to80, unitless, AerOpt_fRHScat_InSitu_Green_RHsp_Bulk_STP, derived hygroscopic growth parameter for particles at 550nm
AEscatAMB_450to700nm,unitless, AerOpt_AngstromExponentScat_InSitu_BluetoRed_RHa_Bulk_STP, derived ambient Angstrom Exponent for scattering coefficient over wavelength range from 450nm to 700nm
AEscatDRY_450to700nm,unitless, AerOpt_AngstromExponentScatInSitu_BluetoRed_RHd_Bulk_STP, derived dry Angstrom Exponent for scattering coefficient over wavelength range from 450nm to 700nm
AEabsDRY_470to660nm,unitless, AerOpt_AngstromExponentAbs_InSitu_BluetoRed_RHd_Bulk_STP, derived dry Angstrom Exponent for absorption coefficient over wavelength range from 450nm to 700nm
SSA_dry_450nm,unitless, AerOpt_SSA_InSitu_Blue_RHd_Bulk_STP, single_scattering_albedo_at_450nm_as_derived_from_dry_scattering_and_absorption
SSA_dry_550nm,unitless, AerOpt_SSA_InSitu_Green_RHd_Bulk_STP, single_scattering_albedo_at_550nm_as_derived_from_dry_scattering_and_absorption
SSA_dry_700nm,unitless, AerOpt_SSA_InSitu_Red_RHd_Bulk_STP, single_scattering_albedo_at_700nm_as_derived_from_dry_scattering_and_absorption
SSA_amb_550nm,unitless, AerOpt_SSA_InSitu_Green_RHa_Bulk_STP, single_scattering_albedo_at_550nm_as_derived_from_ambient_scattering_and_absorption
stdPT,unitless, None, Conversion factor to convert between ambient and standard pressure and temperature conditions
0
54
******************************************************************************************************************
Langley Aerosol data from the 2022 SASA field campaign
 
PI_CONTACT_INFO: richard.h.moore@nasa.gov
PLATFORM: NASA P3B aircraft
LOCATION: Latitude, Longitude, and Altitude included in MetNav files
ASSOCIATED_DATA: N/A
[...]
ANGSTROM EXPONENT AND SSA CALCULATIONS: 
	- The Absorption coefficients were corrected to the wavelengths of the TSI nepholometer using the measured angstrom exponents
	- The scattering and absorption coefficients were smoothed with a 30s running average to compute the SSA and AE
	- Ambient SSA is calculated with ambient scattering and dry absorption
	- SSA is computed only when both scattering and absorption are greater than 1 Mm-1
	- Scattering Angstrom Exponents are computed only when relevant scattering measurements are greater than 1 Mm-1
	- Absorption Angstrom Exponents are computed only when relevant absorption measurements are greater than 2 Mm-1
DATA_INFO: Aerosol measurements are reported at standard temperature and pressure (0 deg C, 1013 mb)
UNCERTAINTY: all data are 5%
ULOD_FLAG: -7777
ULOD_VALUE: N/A
LLOD_FLAG: -8888
LLOD_VALUE: N/A
DM_CONTACT_INFO: Michael Shook (michael.shook@nasa.gov)
PROJECT_INFO: SASA 2022
STIPULATIONS_ON_USE: This is FIELD data. Please consult the PI and/or DM prior to use.
OTHER_COMMENTS: Ambient calculations currently use RH data from field Hsking files. Once available, calculations will be updated with final MetNav data.
REVISION: RA
RA: None
******************************************************************************************************************
Time_Mid,Sc550_total_amb,Sc450_total,Sc550_total,Sc700_total,Abs470_total,Abs532_total,Abs660_total,Ext532_total_amb,Ext532_total_dry,gamma550,fRH550_RH20to80,AEscatAMB_450to700nm,AEscatDRY_450to700nm,AEabsDRY_470to660nm,SSA_dry_450nm,SSA_dry_550nm,SSA_dry_700nm,SSA_amb_550nm,stdPT
[from data line 3504]
57469,9.50,12.31,8.97,2.52,1.27,-0.20,-1.29,10.14,9.58,0.27,1.45,2.08,3.04,-9999,-9999,-9999,-9999,-9999,1.298
57470,9.19,13.48,8.63,4.14,0.46,-0.32,-0.64,9.70,9.11,0.29,1.49,2.03,3.09,-9999,-9999,-9999,-9999,-9999,1.296
57471,8.53,11.84,7.95,3.77,0.21,-0.17,-0.50,9.16,8.56,0.33,1.58,2.04,3.20,-9999,-9999,-9999,-9999,-9999,1.297
57472,8.35,13.27,7.72,3.79,1.31,0.10,0.68,9.26,8.60,0.34,1.60,2.17,3.35,-9999,-9999,-9999,-9999,-9999,1.295
57473,8.20,14.62,7.51,3.82,1.06,0.98,0.09,9.97,9.24,0.35,1.63,2.27,3.48,-9999,-9999,-9999,-9999,-9999,1.291
57474,7.40,18.11,6.75,5.77,0.64,1.73,0.37,9.85,9.16,0.38,1.71,2.39,3.60,-9999,0.941,-9999.000,-9999.000,-9999.000,1.295
57475,10.45,14.88,9.94,3.48,2.85,2.13,3.15,13.60,13.07,0.20,1.31,2.40,3.65,-9999,0.938,-9999.000,-9999.000,-9999.000,1.294
57476,9.12,17.33,8.52,4.73,4.48,2.90,3.65,12.93,12.30,0.26,1.44,2.36,3.70,-9999,-9999,-9999,-9999,-9999,1.293
57477,9.44,14.32,8.74,3.22,2.29,3.30,3.29,13.68,12.95,0.25,1.40,2.36,3.69,-9999,-9999,-9999,-9999,-9999,1.287
57478,9.57,14.70,8.89,3.78,-0.90,2.70,2.21,13.22,12.50,0.25,1.41,2.34,3.71,-9999,-9999,-9999,-9999,-9999,1.290
57479,9.70,15.09,9.01,4.43,0.22,1.68,1.52,12.35,11.63,0.25,1.41,2.31,3.79,-9999,-9999,-9999,-9999,-9999,1.291
57480,10.55,18.13,9.83,2.91,2.84,1.73,4.04,13.30,12.55,0.26,1.43,2.29,3.82,-9999,-9999,-9999,-9999,-9999,1.290
57481,13.96,19.87,13.53,4.52,1.13,2.12,4.85,17.40,16.98,0.12,1.18,2.27,3.79,-9999,-9999,-9999,0.731776,-9999,1.289
57482,10.32,18.18,9.56,0.35,-1.96,1.13,1.67,12.43,11.63,0.27,1.46,2.27,3.73,-9999,-9999,0.889418,0.717456,0.897526,1.286
57483,9.71,18.38,9.00,2.72,-1.48,-0.99,-1.61,9.64,8.88,0.30,1.52,2.26,3.72,-9999,-9999,0.878521,0.694023,0.887494,1.285
57484,9.46,17.22,8.71,1.32,-1.73,-2.50,-3.43,7.85,7.06,0.32,1.55,2.24,3.77,-9999,-9999,0.868216,0.656898,0.878261,1.283
57485,7.85,18.15,7.10,2.05,-2.88,-3.05,-3.85,5.55,4.76,0.37,1.68,2.23,3.82,-9999,-9999,0.861917,0.631713,0.872757,1.284
57486,7.95,18.64,7.06,1.82,2.61,0.31,-0.44,9.00,8.07,0.41,1.76,2.20,3.92,-9999,-9999,0.860753,0.615971,0.87348,1.283
57487,7.98,19.13,7.02,1.60,7.23,5.45,4.30,14.14,13.16,0.39,1.72,2.17,4.04,-9999,-9999,0.862678,0.600294,0.877011,1.281
57488,8.02,11.34,7.02,0.56,4.27,4.90,5.37,13.62,12.60,0.40,1.73,2.14,4.14,-9999,-9999,0.862355,0.58635,0.878481,1.281
57489,7.86,11.46,6.87,0.83,1.63,1.93,4.07,10.44,9.47,0.41,1.77,2.11,4.22,-9999,-9999,0.859539,0.570009,0.878429,1.283
57490,10.17,13.24,9.21,2.96,0.72,1.34,2.30,12.29,11.43,0.30,1.51,-9999,4.35,-9999,-9999,0.858034,0.542892,0.879642,1.282
57491,10.70,16.56,9.86,3.25,-1.50,1.53,0.57,13.03,12.35,0.25,1.42,-9999,4.44,-9999,-9999,0.856023,0.531278,0.880872,1.279
57492,9.37,13.42,8.46,4.84,-2.00,0.76,0.86,10.80,10.06,0.31,1.53,-9999,4.57,-9999,-9999,0.857804,0.519106,0.885326,1.278
57493,11.43,17.58,10.37,3.16,-0.53,0.31,1.70,12.54,11.74,0.29,1.50,-9999,4.69,-9999,-9999,0.860834,0.511621,0.890707,1.279
57494,9.27,13.21,8.13,0.01,1.67,1.43,1.96,11.33,10.42,0.39,1.73,-9999,4.88,-9999,-9999,0.862286,0.494778,0.895153,1.280
57495,11.11,15.24,10.04,2.49,1.21,0.92,1.45,12.75,12.04,0.29,1.50,-9999,5.03,-9999,-9999,0.864334,0.478494,0.899637,1.278
57496,10.11,14.49,8.98,3.22,0.16,-0.06,0.96,10.66,9.89,0.33,1.59,-9999,4.97,-9999,-9999,-9999,0.492496,-9999,1.277
57497,9.22,13.71,8.02,4.03,1.09,2.25,2.60,12.04,11.15,0.37,1.67,-9999,5.09,-9999,-9999,-9999,0.488298,-9999,1.277
57498,9.86,12.30,8.81,1.70,1.84,4.18,4.43,14.64,13.96,0.28,1.48,-9999,5.04,-9999,-9999,-9999,0.486779,-9999,1.276
57499,9.91,12.24,8.50,1.50,1.16,3.65,5.12,14.14,13.08,0.36,1.64,-9999,5.08,-9999,-9999,0.851029,0.464936,0.901672,1.274
57500,7.83,8.92,6.53,0.11,-0.55,1.74,2.96,10.01,8.98,0.43,1.82,-9999,5.09,-9999,-9999,0.838298,0.431784,0.896319,1.272
57501,-9999.00,5.09,4.56,-1.27,-1.04,-0.56,-0.49,-9999.00,4.48,-9999.00,-9999.00,-9999,5.11,-9999,-9999,0.827115,0.39023,0.892668,1.273
57502,-9999.00,5.87,4.61,-1.22,-0.08,-1.42,-0.36,-9999.00,3.67,-9999.00,-9999.00,-9999,-9999,-9999,-9999,0.826757,-9999,0.896898,1.274
57503,-9999.00,6.05,4.59,-0.94,0.77,-0.30,0.35,-9999.00,4.76,-9999.00,-9999.00,-9999,-9999,-9999,-9999,-9999,-9999,-9999,1.268
57504,-9999.00,6.65,2.97,0.22,-0.06,1.21,0.93,-9999.00,4.50,-9999.00,-9999.00,-9999,-9999,-9999,-9999,-9999,-9999,-9999,1.273
57505,-9999.00,6.64,2.98,0.36,0.01,1.62,1.87,-9999.00,4.92,-9999.00,-9999.00,-9999,-9999,-9999,-9999,-9999,-9999,-9999,1.272
57506,-9999.00,6.93,2.29,-0.27,1.43,1.50,2.32,-9999.00,4.05,-9999.00,-9999.00,-9999,-9999,-9999,-9999,-9999,-9999,-9999,1.272
57507,-9999.00,9.81,2.26,0.45,0.87,1.23,2.20,-9999.00,3.76,-9999.00,-9999.00,-9999,-9999,-9999,-9999,-9999,-9999,-9999,1.269
57508,-9999.00,9.84,2.26,-0.17,-0.26,1.23,1.50,-9999.00,3.77,-9999.00,-9999.00,-9999,-9999,-9999,-9999,-9999,-9999,-9999,1.268
57509,-9999.00,9.76,1.30,-0.85,-1.24,0.98,0.80,-9999.00,2.45,-9999.00,-9999.00,-9999,-9999,-9999,-9999,-9999,-9999,-9999,1.271
57510,-9999.00,7.39,2.19,0.72,-1.26,-0.05,0.64,-9999.00,2.42,-9999.00,-9999.00,-9999,-9999,-9999,-9999,-9999,-9999,-9999,1.266
57511,-9999.00,5.28,3.30,2.48,-1.15,-0.73,0.86,-9999.00,3.02,-9999.00,-9999.00,-9999,-9999,-9999,-9999,-9999,-9999,-9999,1.268
57512,-9999.00,2.56,1.87,0.51,-0.73,0.03,1.19,-9999.00,2.15,-9999.00,-9999.00,-9999,-9999,-9999,-9999,-9999,-9999,-9999,1.265
57513,-9999.00,3.90,1.86,-0.33,0.49,1.51,1.18,-9999.00,3.65,-9999.00,-9999.00,-9999,-9999,-9999,-9999,-9999,-9999,-9999,1.264
57514,-9999.00,4.04,1.88,0.59,0.13,1.17,-0.34,-9999.00,3.34,-9999.00,-9999.00,-9999,-9999,-9999,-9999,-9999,-9999,-9999,1.266
57515,-9999.00,3.56,1.81,-0.25,-1.18,-0.57,0.63,-9999.00,1.53,-9999.00,-9999.00,-9999,-9999,-9999,-9999,-9999,-9999,-9999,1.263
57516,-9999.00,3.34,1.78,0.08,-0.97,-1.32,1.82,-9999.00,0.76,-9999.00,-9999.00,-9999,-9999,-9999,-9999,-9999,-9999,-9999,1.265
57517,-9999.00,4.24,1.06,-0.53,-0.50,-0.90,0.01,-9999.00,0.35,-9999.00,-9999.00,-9999,-9999,-9999,-9999,-9999,-9999,-9999,1.261
57518,-9999.00,4.20,1.05,-0.38,-1.81,-0.54,-1.33,-9999.00,0.71,-9999.00,-9999.00,-9999,-9999,-9999,-9999,-9999,-9999,-9999,1.260
57519,-9999.00,3.22,-0.02,-1.29,-1.51,-0.82,-2.50,-9999.00,-0.84,-9999.00,-9999.00,-9999,-9999,-9999,-9999,-9999,-9999,-9999,1.262
57520,-9999.00,3.46,-0.02,-1.72,-0.49,-0.96,-1.68,-9999.00,-0.98,-9999.00,-9999.00,-9999,-9999,-9999,-9999,-9999,-9999,-9999,1.260
57521,-9999.00,3.69,-0.02,-2.15,-0.49,-0.82,-0.60,-9999.00,-0.85,-9999.00,-9999.00,-9999,-9999,-9999,-9999,-9999,-9999,-9999,1.259
57522,-9999.00,2.30,0.14,-1.21,-0.11,-0.29,-0.16,-9999.00,-0.12,-9999.00,-9999.00,-9999,-9999,-9999,-9999,-9999,-9999,-9999,1.259
57523,-9999.00,1.98,-0.09,-0.67,-1.39,-0.41,1.07,-9999.00,-0.52,-9999.00,-9999.00,-9999,-9999,-9999,-9999,-9999,-9999,-9999,1.260
57524,-9999.00,1.78,0.13,-0.92,-2.90,-1.73,-1.11,-9999.00,-1.57,-9999.00,-9999.00,-9999,-9999,-9999,-9999,-9999,-9999,-9999,1.259
57525,-9999.00,0.23,0.45,0.64,0.35,-1.41,-1.62,-9999.00,-0.87,-9999.00,-9999.00,-9999,-9999,-9999,-9999,-9999,-9999,-9999,1.257
57526,-9999.00,3.14,1.22,0.80,1.86,0.44,0.77,-9999.00,-9999.00,-9999.00,-9999.00,-9999,-9999,-9999,-9999,-9999,-9999,-9999,1.258
57527,-9999.00,1.53,1.01,1.00,-0.31,0.86,0.37,-9999.00,-9999.00,-9999.00,-9999.00,-9999,-9999,-9999,-9999,-9999,-9999,-9999,1.257
57528,-9999.00,4.64,1.02,0.76,0.12,0.86,-0.09,-9999.00,-9999.00,-9999.00,-9999.00,-9999,-9999,-9999,-9999,-9999,-9999,-9999,1.257
57529,-9999.00,1.78,2.67,0.83,0.98,-0.06,-0.02,-9999.00,-9999.00,-9999.00,-9999.00,-9999,-9999,-9999,-9999,-9999,-9999,-9999,1.257
57530,-9999.00,2.45,1.24,-1.07,-0.95,-0.74,-0.43,-9999.00,-9999.00,-9999.00,-9999.00,-9999,-9999,-9999,-9999,-9999,-9999,-9999,1.256
57531,-9999.00,2.43,1.23,-1.46,-1.29,0.38,-0.03,-9999.00,-9999.00,-9999.00,-9999.00,-9999,-9999,-9999,-9999,-9999,-9999,-9999,1.255
57532,-9999.00,2.75,1.15,-1.92,-0.26,-0.16,0.31,-9999.00,-9999.00,-9999.00,-9999.00,-9999,-9999,-9999,-9999,-9999,-9999,-9999,1.253
57533,-9999.00,3.64,0.34,-1.01,0.28,-0.92,-1.10,-9999.00,-9999.00,-9999.00,-9999.00,-9999,-9999,-9999,-9999,-9999,-9999,-9999,1.252
57534,-9999.00,3.64,-0.17,-0.87,0.78,0.13,-0.64,-9999.00,-9999.00,-9999.00,-9999.00,-9999,-9999,-9999,-9999,-9999,-9999,-9999,1.253
57535,-9999.00,3.65,-0.67,-0.73,0.71,0.57,1.10,-9999.00,-9999.00,-9999.00,-9999.00,-9999,-9999,-9999,-9999,-9999,-9999,-9999,1.251
57536,-9999.00,4.25,0.72,1.71,-0.29,1.00,0.15,-9999.00,-9999.00,-9999.00,-9999.00,-9999,-9999,-9999,-9999,-9999,-9999,-9999,1.250
57537,-9999.00,3.29,1.86,-1.71,0.08,1.04,1.18,-9999.00,-9999.00,-9999.00,-9999.00,-9999,-9999,-9999,-9999,-9999,-9999,-9999,1.250
57538,-9999.00,4.46,3.16,-0.88,0.21,-0.20,1.60,-9999.00,-9999.00,-9999.00,-9999.00,-9999,-9999,-9999,-9999,-9999,-9999,-9999,1.250
57539,-9999.00,-0.61,1.15,-2.37,-0.85,-0.96,-0.40,-9999.00,-9999.00,-9999.00,-9999.00,-9999,-9999,-9999,-9999,-9999,-9999,-9999,1.250
57540,-9999.00,-0.37,-1.12,-0.85,-0.42,-0.58,-0.44,-9999.00,-1.86,-9999.00,-9999.00,-9999,-9999,-9999,-9999,-9999,-9999,-9999,1.248
57541,-9999.00,-0.52,-0.62,-0.52,0.41,-0.12,0.08,-9999.00,-0.83,-9999.00,-9999.00,-9999,-9999,-9999,-9999,-9999,-9999,-9999,1.245
57542,-9999.00,-0.68,-0.12,-0.19,0.01,-0.41,-1.14,-9999.00,-0.54,-9999.00,-9999.00,-9999,-9999,-9999,-9999,-9999,-9999,-9999,1.245
57543,-9999.00,-0.62,-0.12,-1.57,0.01,-0.82,-1.62,-9999.00,-0.96,-9999.00,-9999.00,-9999,-9999,-9999,-9999,-9999,-9999,-9999,1.247
57544,-9999.00,3.11,2.40,-1.57,0.53,-1.04,-0.48,-9999.00,1.73,-9999.00,-9999.00,-9999,-9999,-9999,-9999,-9999,-9999,-9999,1.243
57545,-9999.00,2.51,1.59,-0.41,1.02,0.30,-0.19,-9999.00,-9999.00,-9999.00,-9999.00,-9999,-9999,-9999,-9999,-9999,-9999,-9999,1.244
57546,-9999.00,5.03,3.66,-1.72,0.64,2.35,1.30,-9999.00,-9999.00,-9999.00,-9999.00,-9999,-9999,-9999,-9999,-9999,-9999,-9999,1.244
57547,-9999.00,2.09,1.59,-0.74,0.25,2.20,3.37,-9999.00,4.04,-9999.00,-9999.00,-9999,-9999,-9999,-9999,-9999,-9999,-9999,1.245
57548,-9999.00,0.36,0.18,-2.00,0.78,1.02,1.85,-9999.00,1.23,-9999.00,-9999.00,-9999,-9999,-9999,-9999,-9999,-9999,-9999,1.242
57549,-9999.00,3.96,0.33,-0.88,0.28,0.81,2.93,-9999.00,1.19,-9999.00,-9999.00,-9999,-9999,-9999,-9999,-9999,-9999,-9999,1.240
57550,-9999.00,2.96,2.05,-1.20,0.38,1.10,2.69,-9999.00,3.44,-9999.00,-9999.00,-9999,-9999,-9999,-9999,-9999,-9999,-9999,1.241
57551,-9999.00,0.83,0.27,-0.03,-0.02,2.12,2.97,-9999.00,2.42,-9999.00,-9999.00,-9999,-9999,-9999,-9999,-9999,-9999,-9999,1.241
57552,-9999.00,3.03,2.01,-0.90,-1.82,1.37,2.93,-9999.00,3.64,-9999.00,-9999.00,-9999,-9999,-9999,-9999,-9999,-9999,-9999,1.238
57553,-9999.00,0.30,0.27,1.45,-2.71,-0.01,0.89,-9999.00,0.30,-9999.00,-9999.00,-9999,-9999,-9999,-9999,-9999,-9999,-9999,1.239
57554,-9999.00,4.58,1.94,-1.24,-1.69,-0.37,0.73,-9999.00,1.83,-9999.00,-9999.00,-9999,-9999,-9999,-9999,-9999,-9999,-9999,1.238
57555,-9999.00,5.52,2.19,-1.33,-0.24,-0.90,-1.83,-9999.00,1.61,-9999.00,-9999.00,-9999,-9999,-9999,-9999,-9999,-9999,-9999,1.238
57556,-9999.00,6.47,0.95,-1.88,-1.24,-0.83,-1.14,-9999.00,0.26,-9999.00,-9999.00,-9999,-9999,-9999,-9999,-9999,-9999,-9999,1.233
57557,-9999.00,3.02,1.05,0.67,-1.96,-0.89,0.91,-9999.00,0.30,-9999.00,-9999.00,-9999,-9999,-9999,-9999,-9999,-9999,-9999,1.234
57558,-9999.00,1.17,0.78,-0.11,-1.86,-2.67,0.00,-9999.00,-1.79,-9999.00,-9999.00,-9999,-9999,-9999,-9999,-9999,-9999,-9999,1.236
57559,-9999.00,1.11,0.79,-0.64,-0.64,-0.78,-0.78,-9999.00,0.12,-9999.00,-9999.00,-9999,-9999,-9999,-9999,-9999,-9999,-9999,1.233
57560,-9999.00,1.05,0.81,-1.18,1.20,2.03,-0.10,-9999.00,2.95,-9999.00,-9999.00,-9999,-9999,-9999,-9999,-9999,-9999,-9999,1.230
57561,-9999.00,2.33,1.28,-1.03,0.74,0.44,0.22,-9999.00,1.91,-9999.00,-9999.00,-9999,-9999,-9999,-9999,-9999,-9999,-9999,1.234
57562,-9999.00,3.49,1.75,-0.88,0.36,-0.89,0.75,-9999.00,1.15,-9999.00,-9999.00,-9999,-9999,-9999,-9999,-9999,-9999,-9999,1.231
57563,-9999.00,3.82,1.65,-0.95,0.35,0.84,1.80,-9999.00,2.79,-9999.00,-9999.00,-9999,-9999,-9999,-9999,-9999,-9999,-9999,1.228
57564,-9999.00,3.82,1.65,-0.71,-0.21,1.72,1.43,-9999.00,3.69,-9999.00,-9999.00,-9999,-9999,-9999,-9999,-9999,-9999,-9999,1.232
57565,-9999.00,1.81,0.43,-2.20,-0.86,0.67,0.32,-9999.00,-9999.00,-9999.00,-9999.00,-9999,-9999,-9999,-9999,-9999,-9999,-9999,1.227
57566,-9999.00,2.00,0.33,-1.53,-1.83,-0.31,0.69,-9999.00,-9999.00,-9999.00,-9999.00,-9999,-9999,-9999,-9999,-9999,-9999,-9999,1.229
57567,-9999.00,1.51,0.32,-2.53,-2.60,-0.79,1.77,-9999.00,-9999.00,-9999.00,-9999.00,-9999,-9999,-9999,-9999,-9999,-9999,-9999,1.230
57568,-9999.00,5.61,2.57,-0.29,-1.85,-0.85,-0.39,-9999.00,-9999.00,-9999.00,-9999.00,-9999,-9999,-9999,-9999,-9999,-9999,-9999,1.228
57569,-9999.00,5.91,2.44,-0.96,-1.65,-0.91,-3.12,-9999.00,-9999.00,-9999.00,-9999.00,-9999,-9999,-9999,-9999,-9999,-9999,-9999,1.228
57570,-9999.00,6.20,2.30,-1.63,-1.65,-0.97,-1.55,-9999.00,-9999.00,-9999.00,-9999.00,-9999,-9999,-9999,-9999,-9999,-9999,-9999,1.225
57571,-9999.00,3.68,1.56,-0.18,-0.63,-0.94,0.49,-9999.00,-9999.00,-9999.00,-9999.00,-9999,-9999,-9999,-9999,-9999,-9999,-9999,1.229
57572,-9999.00,1.17,0.82,1.26,-0.57,-0.79,-0.36,-9999.00,-9999.00,-9999.00,-9999.00,-9999,-9999,-9999,-9999,-9999,-9999,-9999,1.226
57573,-9999.00,0.48,0.96,0.33,-0.28,-0.35,0.12,-9999.00,-9999.00,-9999.00,-9999.00,-9999,-9999,-9999,-9999,-9999,-9999,-9999,1.224
57574,-9999.00,1.99,1.48,0.84,0.54,-0.03,-0.15,-9999.00,-9999.00,-9999.00,-9999.00,-9999,-9999,-9999,-9999,-9999,-9999,-9999,1.221
57575,-9999.00,2.38,1.33,1.48,-0.46,0.18,-0.68,-9999.00,-9999.00,-9999.00,-9999.00,-9999,-9999,-9999,-9999,-9999,-9999,-9999,1.220
57576,-9999.00,3.25,0.95,1.78,-0.48,0.32,0.94,-9999.00,-9999.00,-9999.00,-9999.00,-9999,-9999,-9999,-9999,-9999,-9999,-9999,1.223
57577,-9999.00,3.87,-1.19,-3.19,-0.49,0.29,1.44,-9999.00,-9999.00,-9999.00,-9999.00,-9999,-9999,-9999,-9999,-9999,-9999,-9999,1.222
57578,-9999.00,1.88,-1.41,-4.33,-1.79,-0.37,0.12,-9999.00,-9999.00,-9999.00,-9999.00,-9999,-9999,-9999,-9999,-9999,-9999,-9999,1.222
57579,-9999.00,-0.10,-1.63,-5.45,-1.95,-0.91,-0.84,-9999.00,-9999.00,-9999.00,-9999.00,-9999,-9999,-9999,-9999,-9999,-9999,-9999,1.221
57580,-9999.00,-0.44,-0.63,-2.53,-1.21,0.01,-0.86,-9999.00,-9999.00,-9999.00,-9999.00,-9999,-9999,-9999,-9999,-9999,-9999,-9999,1.220
57581,-9999.00,-0.78,0.37,0.39,-0.20,-0.20,0.19,-9999.00,-9999.00,-9999.00,-9999.00,-9999,-9999,-9999,-9999,-9999,-9999,-9999,1.224
57582,-9999.00,0.51,0.57,0.57,0.49,-1.83,1.19,-9999.00,-9999.00,-9999.00,-9999.00,-9999,-9999,-9999,-9999,-9999,-9999,-9999,1.220
57583,-9999.00,1.79,0.77,0.75,0.11,0.25,0.31,-9999.00,-9999.00,-9999.00,-9999.00,-9999,-9999,-9999,-9999,-9999,-9999,-9999,1.222
57584,-9999.00,3.56,3.05,0.94,-0.32,0.47,0.50,-9999.00,-9999.00,-9999.00,-9999.00,-9999,-9999,-9999,-9999,-9999,-9999,-9999,1.218
57585,-9999.00,2.60,1.89,-0.12,-0.18,-0.37,0.75,-9999.00,-9999.00,-9999.00,-9999.00,-9999,-9999,-9999,-9999,-9999,-9999,-9999,1.217
57586,-9999.00,2.28,0.73,-1.19,-0.88,-0.68,-0.70,-9999.00,-9999.00,-9999.00,-9999.00,-9999,-9999,-9999,-9999,-9999,-9999,-9999,1.219
57587,-9999.00,2.90,-2.08,-1.04,-1.89,0.04,0.03,-9999.00,-9999.00,-9999.00,-9999.00,-9999,-9999,-9999,-9999,-9999,-9999,-9999,1.216
57588,-9999.00,3.26,-2.08,-1.04,-1.04,-0.09,0.35,-9999.00,-9999.00,-9999.00,-9999.00,-9999,-9999,-9999,-9999,-9999,-9999,-9999,1.218
57589,-9999.00,4.06,1.47,-1.55,-1.40,-0.56,-0.82,-9999.00,-9999.00,-9999.00,-9999.00,-9999,-9999,-9999,-9999,-9999,-9999,-9999,1.217
57590,-9999.00,5.72,3.02,-1.31,-0.80,0.20,0.80,-9999.00,-9999.00,-9999.00,-9999.00,-9999,-9999,-9999,-9999,-9999,-9999,-9999,1.216
57591,-9999.00,5.01,0.51,-2.28,0.83,-0.01,1.34,-9999.00,-9999.00,-9999.00,-9999.00,-9999,-9999,-9999,-9999,-9999,-9999,-9999,1.215
57592,-9999.00,4.41,2.08,-1.37,-0.57,-1.15,-0.56,-9999.00,-9999.00,-9999.00,-9999.00,-9999,-9999,-9999,-9999,-9999,-9999,-9999,1.213
57593,-9999.00,3.06,0.68,-2.05,-1.51,-0.98,-0.87,-9999.00,-9999.00,-9999.00,-9999.00,-9999,-9999,-9999,-9999,-9999,-9999,-9999,1.215
57594,-9999.00,4.19,2.37,1.38,-2.01,-0.31,-0.97,-9999.00,-9999.00,-9999.00,-9999.00,-9999,-9999,-9999,-9999,-9999,-9999,-9999,1.211
