NASA Intern/Datasets/LARGE/SASA-LARGE-OPTICAL_P3B_20220712_RA_L1.ict
87,1001
Richard Moore, Luke Ziemba, Edward Winstead, Michael Shook, Claire Robinson, John Barrick, Bruce Anderson, and Ali Omar
NASA Langley
In-situ optical aerosol measurements from the NASA P3B
NASA SASA
1,1
2022,07,12,2022,07,13
1.0
Time_Mid,Secs after midnight,Time of acquisition
19
1,1,1,1,1,1,1,1,1,1,1,1,1,1,1,1,1,1,1
-9999,-9999,-9999,-9999,-9999,-9999,-9999,-9999,-9999,-9999,-9999,-9999,-9999,-9999,-9999,-9999,-9999,-9999,-9999
Sc550_total_amb, Mm-1, AerOpt_Scattering_InSitu_Green_RHa_Bulk_STP, scattering coefficient of ambient  particles at 550nm
Sc450_total, Mm-1, AerOpt_Scattering_InSitu_Blue_RHd_Bulk_STP, Dry Scattering at 450nm (Total Aerosols)
Sc550_total, Mm-1, AerOpt_Scattering_InSitu_Green_RHd_Bulk_STP, Dry Scattering at 550nm (Total Aerosols)
Sc700_total, Mm-1, AerOpt_Scattering_InSitu_Red_RHd_Bulk_STP, Dry Scattering at 700nm (Total Aerosols)
Abs470_total, Mm-1, AerOpt_Absorption_InSitu_Blue_RHd_Bulk_STP, Dry absorption at 470nm (Total Aerosols)
Abs532_total, Mm-1, AerOpt_Absorption_InSitu_Green_RHd_Bulk_STP, Dry absorption at 532nm (Total Aerosols)
Abs660_total, Mm-1, AerOpt_Absorption_InSitu_Red_RHd_Bulk_STP, Dry absorption at 660nm (Total Aerosols)
Ext532_total_amb, Mm-1, AerOpt_Extinction_InSitu_Green_RHa_Bulk_STP, extinction coefficient of aerosols at 532nm for AMBIENT relative humidity
Ext532_total_dry, Mm-1, AerOpt_Extinction_InSitu_Green_RHd_Bulk_STP, extinction coefficient of aerosols at 532nm for DRY relative humidity
gamma550, unitless, AerOpt_Gamma_InSitu_Green_None_Bulk_STP, derived hygroscopic growth factor for particles at 550nm
fRH550_RH20to80, unitless, AerOpt_fRHScat_InSitu_Green_RHsp_Bulk_STP, derived hygroscopic growth parameter for particles at 550nm
AEscatAMB_450to700nm,unitless, AerOpt_AngstromExponentScat_InSitu_BluetoRed_RHa_Bulk_STP, derived ambient Angstrom Exponent for scattering coefficient over wavelength range from 450nm to 700nm
AEscatDRY_450to700nm,unitless, AerOpt_AngstromExponentScatInSitu_BluetoRed_RHd_Bulk_STP, derived dry Angstrom Exponent for scattering coefficient over wavelength range from 450nm to 700nm
AEabsDRY_470to660nm,unitless, AerOpt_AngstromExponentAbs_InSitu_BluetoRed_RHd_Bulk_STP, derived dry Angstrom Exponent for absorption coefficient over wavelength range from 450nm to 700nm
SSA_dry_450nm,unitless, AerOpt_SSA_InSitu_Blue_RHd_Bulk_STP, single_scattering_albedo_at_450nm_as_derived_from_dry_scattering_and_absorption
SSA_dry_550nm,unitless, AerOpt_SSA_InSitu_Green_RHd_Bulk_STP, single_scattering_albedo_at_550nm_as_derived_from_dry_scattering_and_absorption
SSA_dry_700nm,unitless, AerOpt_SSA_InSitu_Red_RHd_Bulk_STP, single_scattering_albedo_at_700nm_as_derived_from_dry_scattering_and_absorption
SSA_amb_550nm,unitless, AerOpt_SSA_InSitu_Green_RHa_Bulk_STP, single_scattering_albedo_at_550nm_as_derived_from_ambient_scattering_and_absorption
stdPT,unitless, None, Conversion factor to convert between ambient and standard pressure and temperature conditions
0
54
******************************************************************************************************************
Langley Aerosol data from the 2022 SASA field campaign
 
PI_CONTACT_INFO: richard.h.moore@nasa.gov
PLATFORM: NASA P3B aircraft
LOCATION: Latitude, Longitude, and Altitude included in MetNav files
ASSOCIATED_DATA: N/A
[...]
ANGSTROM EXPONENT AND SSA CALCULATIONS: 
	- The Absorption coefficients were corrected to the wavelengths of the TSI nepholometer using the measured angstrom exponents
	- The scattering and absorption coefficients were smoothed with a 30s running average to compute the SSA and AE
	- Ambient SSA is calculated with ambient scattering and dry absorption
	- SSA is computed only when both scattering and absorption are greater than 1 Mm-1
	- Scattering Angstrom Exponents are computed only when relevant scattering measurements are greater than 1 Mm-1
	- Absorption Angstrom Exponents are computed only when relevant absorption measurements are greater than 2 Mm-1
DATA_INFO: Aerosol measurements are reported at standard temperature and pressure (0 deg C, 1013 mb)
UNCERTAINTY: all data are 5%
ULOD_FLAG: -7777
ULOD_VALUE: N/A
LLOD_FLAG: -8888
LLOD_VALUE: N/A
DM_CONTACT_INFO: Michael Shook (michael.shook@nasa.gov)
PROJECT_INFO: SASA 2022
STIPULATIONS_ON_USE: This is FIELD data. Please consult the PI and/or DM prior to use.
OTHER_COMMENTS: Ambient calculations currently use RH data from field Hsking files. Once available, calculations will be updated with final MetNav data.
REVISION: RA
RA: None
******************************************************************************************************************
Time_Mid,Sc550_total_amb,Sc450_total,Sc550_total,Sc700_total,Abs470_total,Abs532_total,Abs660_total,Ext532_total_amb,Ext532_total_dry,gamma550,fRH550_RH20to80,AEscatAMB_450to700nm,AEscatDRY_450to700nm,AEabsDRY_470to660nm,SSA_dry_450nm,SSA_dry_550nm,SSA_dry_700nm,SSA_amb_550nm,stdPT
[from data line 667]
50007,8.72,14.88,8.68,0.76,1.31,0.40,-3.25,9.75,9.72,0.07,1.10,1.51,3.27,-9999,0.879,0.870,0.737,0.872,1.534
50008,7.13,13.24,7.10,0.09,-0.59,0.02,0.14,7.68,7.66,0.05,1.08,1.53,3.19,-9999,0.885,0.872,0.745,0.875,1.531
50009,-9999.00,12.49,4.55,-0.45,-0.65,1.59,4.53,-9999.00,6.50,-9999.00,-9999.00,1.57,3.18,-9999,0.894,0.877,0.751,0.880,1.531
50010,5.89,12.74,5.75,0.99,2.26,2.28,4.25,8.65,8.52,0.31,1.54,1.70,3.27,-9999,0.894,0.878,0.741,0.881,1.532
50011,7.09,13.26,6.95,2.44,1.57,0.86,2.06,8.54,8.41,0.31,1.54,1.77,3.30,-9999,0.890,0.872,0.738,0.875,1.539
50012,11.07,15.00,11.07,5.54,0.65,0.91,-0.05,12.89,12.93,-0.01,0.99,1.76,3.29,-9999,0.889,0.869,0.746,0.872,1.530
50013,8.65,11.97,8.52,2.60,3.24,1.97,-0.48,11.33,11.21,0.20,1.31,1.75,3.22,-9999,0.885,0.871,0.740,0.874,1.534
50014,9.03,13.37,9.02,6.41,2.88,1.04,-0.40,10.81,10.82,0.01,1.02,1.79,3.14,-9999,0.885,0.875,0.748,0.877,1.535
50015,6.64,11.36,6.53,2.05,1.55,0.88,-0.07,8.06,7.96,0.18,1.29,1.82,3.12,-9999,0.895,0.880,0.769,0.882,1.533
50016,8.06,10.50,8.02,0.68,2.50,2.27,1.47,11.01,10.98,0.08,1.11,1.82,3.17,-9999,0.899,0.881,-9999.000,0.884,1.535
50017,7.43,11.02,7.24,0.86,3.58,2.82,3.64,10.87,10.68,0.32,1.55,1.83,3.27,-9999,0.895,0.878,-9999.000,0.880,1.534
50018,6.59,13.01,6.46,1.03,1.49,1.60,2.04,8.74,8.63,0.28,1.48,1.84,3.28,-9999,0.897,0.885,-9999.000,0.888,1.541
50019,9.98,14.14,9.94,1.97,-0.22,0.99,1.28,11.84,11.83,0.05,1.07,1.87,3.23,-9999,0.906,-9999.000,-9999.000,-9999.000,1.535
50020,9.23,12.59,9.23,3.72,1.00,1.45,2.28,11.48,11.51,-0.00,0.99,1.89,3.14,-9999,0.910,-9999.000,-9999.000,-9999.000,1.540
50021,8.60,11.04,8.51,5.84,2.72,0.98,1.97,10.36,10.29,0.16,1.24,1.91,3.11,-9999,0.909,-9999.000,-9999.000,-9999.000,1.539
50022,7.92,10.76,7.81,8.03,2.26,0.65,1.19,9.27,9.17,0.16,1.26,1.91,3.01,-9999,0.910,-9999.000,-9999.000,-9999.000,1.530
50023,7.00,15.14,6.82,6.36,-0.13,0.39,-0.39,7.98,7.81,0.28,1.48,1.89,2.93,-9999,0.916,-9999.000,-9999.000,-9999.000,1.531
50024,6.10,20.36,5.95,4.71,-0.10,0.26,-0.48,6.87,6.73,0.29,1.50,1.89,2.87,-9999,0.917,-9999.000,-9999.000,-9999.000,1.532
50025,6.22,20.68,5.99,5.57,1.53,0.90,-0.04,7.64,7.39,0.45,1.87,1.88,2.81,-9999,0.912,-9999.000,-9999.000,-9999.000,1.532
50026,7.46,15.22,7.20,5.13,1.66,1.87,0.52,9.93,9.66,0.40,1.74,1.87,2.75,-9999,0.915,-9999.000,-9999.000,-9999.000,1.532
50027,8.74,10.91,8.58,4.71,2.03,1.91,2.16,11.34,11.17,0.26,1.43,1.87,2.75,-9999,0.919,-9999.000,-9999.000,-9999.000,1.540
50028,8.82,10.57,8.69,6.09,3.53,1.19,3.34,10.74,10.60,0.18,1.28,1.85,2.83,-9999,0.917,-9999.000,-9999.000,-9999.000,1.534
50029,12.72,18.79,12.77,7.38,1.23,0.17,1.26,13.96,14.01,-0.05,0.93,1.87,2.84,-9999,0.916,-9999.000,-9999.000,-9999.000,1.539
50030,11.02,16.30,10.96,5.97,-1.29,0.07,-1.30,12.03,11.98,0.06,1.08,1.93,2.87,-9999,0.918,-9999.000,-9999.000,-9999.000,1.534
50031,9.26,13.80,9.16,4.56,1.72,1.96,0.19,12.00,11.90,0.17,1.26,2.00,2.84,-9999,0.926,-9999.000,-9999.000,-9999.000,1.541
50032,8.22,11.38,8.04,0.88,3.08,2.71,1.83,11.64,11.45,0.25,1.42,2.05,2.79,-9999,0.933,-9999.000,-9999.000,-9999.000,1.531
50033,8.26,13.52,8.14,2.21,0.59,0.83,1.56,9.81,9.68,0.23,1.37,2.08,2.75,-9999,-9999,-9999,-9999,-9999,1.539
50034,8.46,16.74,8.25,3.55,-0.82,-0.49,0.22,8.70,8.48,0.31,1.54,2.09,2.72,-9999,0.934,-9999.000,-9999.000,-9999.000,1.532
50035,11.59,17.36,11.48,6.17,0.07,-0.69,-1.62,11.91,11.79,0.13,1.20,2.09,2.70,-9999,0.928,-9999.000,-9999.000,-9999.000,1.531
50036,8.25,19.13,8.07,3.60,1.57,-0.48,-0.12,8.49,8.30,0.32,1.57,2.09,2.73,-9999,0.925,-9999.000,-9999.000,-9999.000,1.535
50037,12.17,14.28,12.21,5.99,0.88,-0.82,1.60,12.43,12.47,-0.04,0.94,2.10,2.80,-9999,0.928,-9999.000,-9999.000,-9999.000,1.536
50038,10.01,12.44,10.02,4.01,-1.64,-0.38,-2.28,10.51,10.52,-0.01,0.99,2.22,2.88,-9999,0.933,-9999.000,-9999.000,-9999.000,1.536
50039,8.92,12.44,8.87,3.26,-1.09,0.18,-10.67,9.85,9.80,0.08,1.12,2.21,2.88,-9999,0.930,-9999.000,-9999.000,-9999.000,1.532
50040,8.60,11.30,8.58,2.51,1.57,0.05,-0.08,9.31,9.30,0.05,1.06,1.95,2.76,-9999,0.924,-9999.000,-9999.000,-9999.000,1.536
50041,9.12,10.90,9.07,3.30,0.72,-0.56,1.28,9.21,9.16,0.12,1.18,1.79,2.67,-9999,0.918,-9999.000,-9999.000,-9999.000,1.538
50042,8.17,12.79,8.11,2.49,-0.42,-1.67,-1.63,7.08,7.01,0.12,1.18,1.68,2.62,-9999,0.916,-9999.000,-9999.000,-9999.000,1.533
50043,7.93,16.23,7.82,1.68,1.56,-0.20,-3.69,8.30,8.19,0.21,1.33,1.70,2.61,-9999,0.921,-9999.000,-9999.000,-9999.000,1.532
50044,8.27,15.99,8.18,3.27,4.10,3.44,0.85,12.33,12.24,0.26,1.43,1.72,2.65,-9999,0.927,-9999.000,-9999.000,-9999.000,1.540
50045,8.91,15.77,8.86,5.05,1.96,1.03,-1.01,10.62,10.56,0.14,1.22,1.69,2.70,-9999,0.926,-9999.000,-9999.000,-9999.000,1.536
50046,9.37,15.93,9.29,5.08,-1.95,-2.02,-1.14,8.05,7.97,0.22,1.36,1.68,2.73,-9999,0.917,-9999.000,-9999.000,-9999.000,1.541
50047,9.77,16.10,9.73,5.11,-0.35,0.45,2.87,10.95,10.91,0.08,1.11,1.67,2.78,-9999,0.917,-9999.000,-9999.000,-9999.000,1.535
50048,9.41,15.52,9.29,4.46,2.21,2.60,4.39,12.71,12.59,0.23,1.37,1.67,2.78,-9999,0.923,-9999.000,-9999.000,-9999.000,1.532
50049,8.87,14.93,8.84,3.83,2.75,1.17,1.54,10.69,10.67,0.07,1.10,1.67,2.79,-9999,0.922,-9999.000,-9999.000,-9999.000,1.539
50050,8.73,14.67,8.64,2.94,2.53,0.12,-2.11,9.48,9.38,0.18,1.29,1.63,2.77,-9999,0.915,-9999.000,-9999.000,-9999.000,1.531
50051,9.00,13.39,8.96,2.53,2.58,0.95,-1.30,10.61,10.57,0.07,1.10,1.59,2.88,-9999,0.912,-9999.000,-9999.000,-9999.000,1.535
50052,9.33,13.38,9.29,2.11,1.48,1.72,0.98,11.72,11.68,0.08,1.11,1.57,2.90,-9999,0.911,-9999.000,-9999.000,-9999.000,1.536
50053,10.64,14.11,10.63,4.15,-0.02,1.70,0.47,13.12,13.11,0.03,1.04,1.52,2.95,-9999,0.908,-9999.000,-9999.000,-9999.000,1.540
50054,12.93,14.79,12.93,6.36,1.32,1.03,-0.47,14.94,14.94,0.00,1.01,1.53,2.97,-9999,0.902,-9999.000,-9999.000,-9999.000,1.536
50055,16.09,18.96,16.23,11.74,2.89,0.76,0.20,18.11,18.27,-0.16,0.80,1.57,2.98,-9999,0.904,-9999.000,-9999.000,-9999.000,1.536
50056,11.60,16.45,11.56,9.49,4.43,2.48,1.90,15.01,14.97,0.07,1.10,1.60,2.99,-9999,0.907,-9999.000,-9999.000,-9999.000,1.538
50057,8.40,15.76,8.36,8.12,2.48,3.01,3.61,12.11,12.07,0.10,1.14,1.62,3.02,-9999,0.903,0.892,-9999.000,0.893,1.539
50058,8.36,15.24,8.28,7.06,-0.13,1.63,3.29,10.69,10.60,0.18,1.28,1.62,3.03,-9999,0.898,0.883,-9999.000,0.884,1.536
50059,8.41,14.20,8.35,4.65,0.65,0.98,1.23,10.07,10.01,0.10,1.15,1.60,3.00,-9999,0.896,0.884,-9999.000,0.884,1.531
50060,8.36,13.09,8.27,2.51,1.74,0.34,-0.48,9.36,9.27,0.19,1.30,1.57,2.97,-9999,0.900,0.889,0.794,0.890,1.536
50061,8.51,13.40,8.43,3.45,2.65,0.48,-0.70,9.66,9.58,0.19,1.31,1.47,2.99,-9999,0.898,0.887,0.766,0.887,1.540
50062,8.95,12.04,8.89,1.08,1.91,0.88,1.50,10.54,10.47,0.13,1.20,1.34,3.00,-9999,0.886,0.879,0.757,0.880,1.540
50063,9.09,12.26,9.06,1.18,0.02,1.02,2.49,10.83,10.79,0.07,1.11,1.18,3.03,-9999,0.885,0.881,0.776,0.882,1.539
50064,9.31,12.48,9.23,1.28,0.91,1.37,3.81,11.42,11.33,0.13,1.20,1.32,3.01,-9999,0.894,0.892,-9999.000,0.892,1.530
50065,7.58,10.08,7.51,2.36,2.06,1.86,3.44,10.04,9.96,0.17,1.26,1.30,3.03,-9999,0.899,0.892,-9999.000,0.893,1.535
50066,7.28,14.57,7.17,-0.52,1.30,1.79,0.26,9.65,9.53,0.26,1.43,1.36,2.96,-9999,0.896,0.886,-9999.000,0.886,1.535
50067,7.87,14.38,7.78,1.31,1.62,1.34,-0.24,9.84,9.75,0.19,1.30,1.37,2.93,-9999,0.894,0.884,0.791,0.885,1.535
50068,8.56,14.14,8.45,3.15,2.55,1.46,1.65,10.72,10.61,0.22,1.35,1.37,2.91,-9999,0.898,0.888,0.796,0.889,1.534
50069,8.49,14.34,8.42,3.24,1.70,0.75,1.87,9.95,9.88,0.14,1.21,1.38,2.92,-9999,0.903,0.892,0.792,0.893,1.535
50070,9.93,20.73,9.83,4.82,-1.28,-0.87,-0.56,9.93,9.82,0.16,1.25,1.31,2.96,-9999,0.904,0.890,0.784,0.891,1.534
50071,8.87,17.48,8.80,3.75,0.49,1.24,-1.89,10.90,10.83,0.13,1.19,1.49,3.08,-9999,0.903,0.885,0.773,0.886,1.535
50072,7.93,14.35,7.81,2.75,3.38,4.59,0.59,13.22,13.10,0.26,1.43,1.66,3.16,-9999,0.907,0.889,0.773,0.890,1.536
50073,7.85,13.05,7.79,1.77,2.19,1.70,3.12,10.23,10.17,0.15,1.23,1.88,3.22,-9999,0.908,-9999.000,-9999.000,-9999.000,1.541
50074,7.41,11.42,7.30,2.34,1.94,-0.53,1.04,7.52,7.40,0.20,1.31,1.93,3.23,-9999,0.904,-9999.000,-9999.000,-9999.000,1.530
50075,7.12,9.77,7.06,2.90,1.75,1.23,2.71,8.95,8.90,0.11,1.17,1.84,3.18,-9999,0.902,-9999.000,-9999.000,-9999.000,1.532
50076,8.93,14.68,8.88,4.03,2.92,1.96,4.58,11.67,11.62,0.09,1.14,1.84,3.15,-9999,0.901,-9999.000,-9999.000,-9999.000,1.534
50077,8.77,14.60,8.71,4.02,4.08,0.75,0.48,10.29,10.24,0.13,1.20,1.89,3.12,-9999,0.905,0.893,-9999.000,0.894,1.535
50078,8.65,14.60,8.53,3.05,0.12,-0.63,-1.86,8.79,8.66,0.27,1.45,1.90,3.08,-9999,0.911,0.894,-9999.000,0.895,1.534
50079,8.90,15.11,8.82,5.46,-2.91,-1.23,-2.17,8.47,8.38,0.15,1.23,1.90,3.07,-9999,0.907,0.890,-9999.000,0.891,1.535
50080,6.88,11.44,6.73,2.06,0.12,0.66,-0.40,8.16,8.00,0.37,1.68,1.89,3.06,-9999,0.905,0.885,-9999.000,0.886,1.535
50081,7.64,14.29,7.52,6.35,3.99,2.38,2.31,10.73,10.60,0.28,1.48,1.90,3.08,-9999,0.910,0.892,-9999.000,0.893,1.533
50082,8.01,14.43,7.92,4.65,3.30,1.42,1.09,10.16,10.07,0.23,1.38,1.89,3.00,-9999,0.910,-9999.000,-9999.000,-9999.000,1.534
50083,8.31,14.56,8.22,3.11,-0.39,-0.01,0.30,9.05,8.96,0.20,1.32,1.88,2.93,-9999,0.909,-9999.000,-9999.000,-9999.000,1.535
50084,8.30,14.49,8.24,4.03,-2.41,-0.00,1.25,9.03,8.97,0.14,1.21,1.91,2.88,-9999,0.909,-9999.000,-9999.000,-9999.000,1.538
50085,8.44,14.29,8.36,4.14,0.57,1.19,0.41,10.37,10.29,0.21,1.34,1.89,2.82,-9999,0.909,-9999.000,-9999.000,-9999.000,1.540
50086,8.57,14.08,8.48,4.25,3.09,1.54,0.26,10.85,10.76,0.21,1.35,1.86,2.81,-9999,0.900,-9999.000,-9999.000,-9999.000,1.536
50087,10.12,14.13,10.06,4.94,2.10,0.86,0.52,11.89,11.82,0.13,1.20,1.77,2.73,-9999,0.895,0.888,-9999.000,0.889,1.538
50088,11.83,15.69,11.81,5.51,1.96,0.48,1.26,13.37,13.35,0.03,1.05,1.78,2.67,-9999,0.899,0.891,-9999.000,0.892,1.534
50089,10.91,15.71,10.84,6.54,2.06,0.36,1.65,12.24,12.18,0.08,1.12,1.84,2.63,-9999,0.903,-9999.000,-9999.000,-9999.000,1.531
50090,10.09,17.20,10.05,7.50,1.85,0.80,-0.83,11.80,11.76,0.06,1.09,1.86,2.64,-9999,0.909,-9999.000,-9999.000,-9999.000,1.533
50091,7.67,13.03,7.56,4.13,2.50,2.23,-0.27,10.61,10.49,0.23,1.37,1.88,2.67,-9999,0.915,-9999.000,-9999.000,-9999.000,1.531
50092,8.59,17.08,8.53,5.75,0.94,2.12,3.50,11.53,11.47,0.11,1.16,1.88,2.67,-9999,0.916,-9999.000,-9999.000,-9999.000,1.532
50093,8.34,14.44,8.27,3.53,-0.98,0.62,0.42,9.74,9.67,0.17,1.27,1.88,2.69,-9999,0.913,0.892,-9999.000,0.893,1.541
50094,8.12,11.69,8.06,1.63,1.86,2.27,-1.38,11.16,11.10,0.14,1.21,1.88,2.72,-9999,0.907,0.882,-9999.000,0.883,1.534
50095,7.05,11.85,6.95,1.67,2.07,2.68,0.86,10.40,10.29,0.28,1.48,1.82,2.74,-9999,0.898,0.876,-9999.000,0.877,1.534
50096,5.97,11.89,5.84,1.72,-0.42,-0.69,-0.90,5.83,5.70,0.37,1.67,1.82,2.70,-9999,0.896,0.880,-9999.000,0.881,1.533
50097,7.49,11.60,7.39,3.02,0.71,-1.71,-2.25,6.46,6.35,0.25,1.42,1.81,2.71,-9999,0.905,0.892,-9999.000,0.893,1.538
50098,9.35,12.36,9.28,4.33,2.19,-0.02,-0.08,10.18,10.10,0.15,1.24,1.81,2.77,-9999,0.913,-9999.000,-9999.000,-9999.000,1.538
50099,9.20,12.93,9.11,5.45,2.28,1.53,1.34,11.57,11.48,0.17,1.27,1.81,2.81,-9999,0.907,0.887,-9999.000,0.888,1.535
50100,9.09,14.65,9.05,6.50,1.77,1.25,2.73,11.18,11.16,0.10,1.14,1.81,2.89,-9999,0.901,0.880,-9999.000,0.883,1.535
50101,8.81,14.88,8.71,3.70,2.60,1.96,4.68,11.59,11.52,0.16,1.24,1.82,2.89,-9999,0.903,0.884,-9999.000,0.886,1.533
50102,5.63,18.00,5.56,8.38,3.34,3.89,1.61,10.04,9.98,0.22,1.36,1.82,2.92,-9999,0.902,0.882,-9999.000,0.885,1.538
50103,7.61,15.82,7.53,6.63,1.35,3.42,1.52,11.74,11.69,0.15,1.24,1.82,2.96,-9999,0.901,0.874,-9999.000,0.877,1.534
50104,9.47,14.61,9.48,5.07,0.35,1.16,3.16,11.54,11.60,-0.02,0.97,1.76,3.00,-9999,0.903,0.869,-9999.000,0.872,1.531
50105,8.68,15.80,8.59,2.76,-0.72,-0.97,0.18,8.57,8.51,0.18,1.29,1.77,3.10,-9999,0.905,0.869,-9999.000,0.872,1.540
50106,6.01,15.01,5.90,2.70,-0.78,-0.56,0.18,6.05,5.95,0.25,1.42,1.82,3.14,-9999,0.906,0.870,-9999.000,0.873,1.533
50107,6.41,14.11,6.27,3.77,2.53,2.12,2.21,9.17,9.05,0.32,1.55,1.84,3.18,-9999,0.911,0.880,-9999.000,0.882,1.534
50108,9.22,14.14,9.19,3.19,5.21,3.18,2.46,13.31,13.31,0.05,1.08,1.77,3.20,-9999,0.912,-9999.000,-9999.000,-9999.000,1.536
50109,7.17,13.99,7.09,0.54,3.61,2.38,0.71,10.26,10.19,0.25,1.42,1.75,3.19,-9999,0.909,0.881,-9999.000,0.884,1.540
50110,6.21,10.31,6.13,3.20,1.19,0.54,-1.00,7.37,7.30,0.26,1.43,1.76,3.17,-9999,0.910,-9999.000,-9999.000,-9999.000,1.536
50111,8.17,10.43,8.09,4.13,1.13,-0.61,-0.60,8.38,8.33,0.17,1.27,1.85,3.10,-9999,0.909,-9999.000,-9999.000,-9999.000,1.535
50112,10.69,12.38,10.66,4.92,-0.93,-1.25,-1.32,10.52,10.53,0.04,1.05,1.76,3.00,-9999,0.905,-9999.000,-9999.000,-9999.000,1.536
50113,9.20,15.30,9.13,1.87,-0.70,0.04,-0.86,10.18,10.15,0.10,1.15,1.77,2.92,-9999,0.905,0.879,0.794,0.882,1.530
50114,6.42,14.46,6.34,0.76,2.75,2.86,1.93,9.95,9.88,0.20,1.31,1.73,2.86,-9999,0.904,0.868,0.789,0.871,1.529
50115,-9999.00,14.50,3.54,-0.35,0.55,1.71,3.78,-9999.00,5.63,-9999.00,-9999.00,1.66,2.84,-9999,0.901,0.863,0.793,0.867,1.539
50116,7.58,17.02,7.46,4.88,-0.10,0.02,3.33,8.39,8.29,0.24,1.39,1.72,2.85,-9999,0.901,0.863,-9999.000,0.866,1.536
50117,9.20,13.23,9.07,2.21,3.28,2.02,2.16,12.17,12.06,0.22,1.36,1.74,2.79,-9999,0.906,0.867,-9999.000,0.870,1.535
50118,7.97,14.98,7.93,3.37,2.59,3.38,-0.11,12.16,12.14,0.09,1.13,1.84,2.87,-9999,0.913,0.882,-9999.000,0.884,1.534
50119,6.56,11.73,6.48,2.21,0.85,1.45,-0.59,8.67,8.61,0.21,1.34,1.83,2.91,-9999,0.910,-9999.000,-9999.000,-9999.000,1.539
50120,8.04,15.63,8.01,1.40,0.61,-0.21,0.23,8.66,8.66,0.07,1.11,1.78,2.95,-9999,0.906,-9999.000,-9999.000,-9999.000,1.535
50121,6.48,12.28,6.39,4.20,1.06,-0.16,0.27,6.99,6.92,0.26,1.43,1.77,2.92,-9999,0.904,-9999.000,-9999.000,-9999.000,1.537
50122,8.35,16.56,8.27,3.42,0.58,-0.69,-1.01,8.52,8.46,0.17,1.27,1.83,2.88,-9999,0.906,-9999.000,-9999.000,-9999.000,1.536
50123,8.88,12.14,8.72,3.44,-0.22,0.33,-1.01,10.11,9.97,0.27,1.45,1.84,2.90,-9999,0.910,-9999.000,-9999.000,-9999.000,1.532
50124,6.00,11.22,5.94,3.31,0.34,1.55,1.50,8.16,8.12,0.18,1.29,1.84,2.84,-9999,0.917,-9999.000,-9999.000,-9999.000,1.535
50125,8.41,13.93,8.35,3.09,1.56,1.40,3.67,10.67,10.63,0.13,1.19,1.85,2.79,-9999,0.922,-9999.000,-9999.000,-9999.000,1.532
50126,7.54,14.44,7.47,5.38,2.52,1.50,1.21,9.82,9.78,0.13,1.20,1.87,2.77,-9999,0.923,-9999.000,-9999.000,-9999.000,1.531
50127,6.53,15.60,6.42,7.95,1.88,-0.02,-0.43,7.19,7.10,0.22,1.37,1.88,2.74,-9999,0.922,-9999.000,-9999.000,-9999.000,1.531
50128,6.59,13.69,6.48,7.69,1.10,0.33,1.14,7.62,7.53,0.25,1.41,1.88,2.72,-9999,0.916,-9999.000,-9999.000,-9999.000,1.536
50129,6.64,11.90,6.55,7.43,2.67,3.17,1.85,10.52,10.44,0.21,1.34,1.88,2.71,-9999,0.910,-9999.000,-9999.000,-9999.000,1.532
50130,7.55,11.71,7.51,6.24,3.63,2.83,0.76,11.16,11.14,0.08,1.11,1.87,2.68,-9999,0.909,-9999.000,-9999.000,-9999.000,1.529
50131,8.49,11.40,8.44,5.12,1.48,1.41,0.45,10.76,10.70,0.11,1.16,1.85,2.62,-9999,0.907,-9999.000,-9999.000,-9999.000,1.537
50132,8.57,10.78,8.55,5.79,-0.44,0.42,1.40,9.83,9.81,0.04,1.05,1.82,2.62,-9999,0.907,-9999.000,-9999.000,-9999.000,1.535
50133,6.78,15.19,6.70,3.30,-0.06,-0.45,0.16,7.00,6.91,0.20,1.33,1.80,2.60,-9999,0.912,-9999.000,-9999.000,-9999.000,1.533
50134,6.73,15.17,6.67,4.07,2.35,0.24,-0.97,7.63,7.57,0.15,1.23,1.78,2.58,-9999,0.915,-9999.000,-9999.000,-9999.000,1.536
50135,8.51,17.70,8.39,3.93,3.04,0.47,-0.26,9.80,9.67,0.21,1.34,1.77,2.55,-9999,0.913,-9999.000,-9999.000,-9999.000,1.533
50136,7.98,15.10,7.87,4.15,0.17,0.01,-0.00,8.74,8.61,0.24,1.39,1.75,2.54,-9999,0.909,-9999.000,-9999.000,-9999.000,1.534
50137,9.21,18.62,9.13,5.60,-1.74,0.18,-0.18,10.24,10.16,0.13,1.20,1.74,2.56,-9999,0.909,-9999.000,-9999.000,-9999.000,1.531
50138,8.36,15.46,8.31,3.27,0.62,1.32,1.35,10.42,10.39,0.10,1.15,1.68,2.52,-9999,0.906,-9999.000,-9999.000,-9999.000,1.534
50139,9.09,15.63,9.06,6.85,2.19,0.75,1.57,10.64,10.64,0.06,1.08,1.68,2.55,-9999,0.902,-9999.000,-9999.000,-9999.000,1.540
50140,8.70,15.49,8.63,3.85,1.29,-0.08,0.00,9.36,9.31,0.13,1.19,1.69,2.63,-9999,0.902,-9999.000,-9999.000,-9999.000,1.536
