NASA Intern/Datasets/LARGE/SASA-LARGE-OPTICAL_P3B_20220708_RA.ict
87,1001
Richard Moore, Luke Ziemba, Edward Winstead, Michael Shook, Claire Robinson, John Barrick, Bruce Anderson, and Ali Omar
NASA Langley
In-situ optical aerosol measurements from the NASA P3B
NASA SASA
1,1
2022,07,08,2022,07,8
1.0
Time_Mid,Secs after midnight,Time of acquisition
19
1,1,1,1,1,1,1,1,1,1,1,1,1,1,1,1,1,1,1
-9999,-9999,-9999,-9999,-9999,-9999,-9999,-9999,-9999,-9999,-9999,-9999,-9999,-9999,-9999,-9999,-9999,-9999,-9999
Sc550_total_amb, Mm-1, AerOpt_Scattering_InSitu_Green_RHa_Bulk_STP, scattering coefficient of ambient  particles at 550nm
Sc450_total, Mm-1, AerOpt_Scattering_InSitu_Blue_RHd_Bulk_STP, Dry Scattering at 450nm (Total Aerosols)
Sc550_total, Mm-1, AerOpt_Scattering_InSitu_Green_RHd_Bulk_STP, Dry Scattering at 550nm (Total Aerosols)
Sc700_total, Mm-1, AerOpt_Scattering_InSitu_Red_RHd_Bulk_STP, Dry Scattering at 700nm (Total Aerosols)
Abs470_total, Mm-1, AerOpt_Absorption_InSitu_Blue_RHd_Bulk_STP, Dry absorption at 470nm (Total Aerosols)
Abs532_total, Mm-1, AerOpt_Absorption_InSitu_Green_RHd_Bulk_STP, Dry absorption at 532nm (Total Aerosols)
Abs660_total, Mm-1, AerOpt_Absorption_InSitu_Red_RHd_Bulk_STP, Dry absorption at 660nm (Total Aerosols)
Ext532_total_amb, Mm-1, AerOpt_Extinction_InSitu_Green_RHa_Bulk_STP, extinction coefficient of aerosols at 532nm for AMBIENT relative humidity
Ext532_total_dry, Mm-1, AerOpt_Extinction_InSitu_Green_RHd_Bulk_STP, extinction coefficient of aerosols at 532nm for DRY relative humidity
gamma550, unitless, AerOpt_Gamma_InSitu_Green_None_Bulk_STP, derived hygroscopic growth factor for particles at 550nm
fRH550_RH20to80, unitless, AerOpt_fRHScat_InSitu_Green_RHsp_Bulk_STP, derived hygroscopic growth parameter for particles at 550nm
AEscatAMB_450to700nm,unitless, AerOpt_AngstromExponentScat_InSitu_BluetoRed_RHa_Bulk_STP, derived ambient Angstrom Exponent for scattering coefficient over wavelength range from 450nm to 700nm
AEscatDRY_450to700nm,unitless, AerOpt_AngstromExponentScatInSitu_BluetoRed_RHd_Bulk_STP, derived dry Angstrom Exponent for scattering coefficient over wavelength range from 450nm to 700nm
AEabsDRY_470to660nm,unitless, AerOpt_AngstromExponentAbs_InSitu_BluetoRed_RHd_Bulk_STP, derived dry Angstrom Exponent for absorption coefficient over wavelength range from 450nm to 700nm
SSA_dry_450nm,unitless, AerOpt_SSA_InSitu_Blue_RHd_Bulk_STP, single_scattering_albedo_at_450nm_as_derived_from_dry_scattering_and_absorption
SSA_dry_550nm,unitless, AerOpt_SSA_InSitu_Green_RHd_Bulk_STP, single_scattering_albedo_at_550nm_as_derived_from_dry_scattering_and_absorption
SSA_dry_700nm,unitless, AerOpt_SSA_InSitu_Red_RHd_Bulk_STP, single_scattering_albedo_at_700nm_as_derived_from_dry_scattering_and_absorption
SSA_amb_550nm,unitless, AerOpt_SSA_InSitu_Green_RHa_Bulk_STP, single_scattering_albedo_at_550nm_as_derived_from_ambient_scattering_and_absorption
stdPT,unitless, None, Conversion factor to convert between ambient and standard pressure and temperature conditions
0
54
******************************************************************************************************************
Langley Aerosol data from the 2022 SASA field campaign
 
PI_CONTACT_INFO: richard.h.moore@nasa.gov
PLATFORM: NASA P3B aircraft
LOCATION: Latitude, Longitude, and Altitude included in MetNav files
ASSOCIATED_DATA: N/A
[...]
ANGSTROM EXPONENT AND SSA CALCULATIONS: 
	- The Absorption coefficients were corrected to the wavelengths of the TSI nepholometer using the measured angstrom exponents
	- The scattering and absorption coefficients were smoothed with a 30s running average to compute the SSA and AE
	- Ambient SSA is calculated with ambient scattering and dry absorption
	- SSA is computed only when both scattering and absorption are greater than 1 Mm-1
	- Scattering Angstrom Exponents are computed only when relevant scattering measurements are greater than 1 Mm-1
	- Absorption Angstrom Exponents are computed only when relevant absorption measurements are greater than 2 Mm-1
DATA_INFO: Aerosol measurements are reported at standard temperature and pressure (0 deg C, 1013 mb)
UNCERTAINTY: all data are 5%
ULOD_FLAG: -7777
ULOD_VALUE: N/A
LLOD_FLAG: -8888
LLOD_VALUE: N/A
DM_CONTACT_INFO: Michael Shook (michael.shook@nasa.gov)
PROJECT_INFO: SASA 2022
STIPULATIONS_ON_USE: This is FIELD data. Please consult the PI and/or DM prior to use.
OTHER_COMMENTS: Ambient calculations currently use RH data from field Hsking files. Once available, calculations will be updated with final MetNav data.
REVISION: RA
RA: None
******************************************************************************************************************
Time_Mid,Sc550_total_amb,Sc450_total,Sc550_total,Sc700_total,Abs470_total,Abs532_total,Abs660_total,Ext532_total_amb,Ext532_total_dry,gamma550,fRH550_RH20to80,AEscatAMB_450to700nm,AEscatDRY_450to700nm,AEabsDRY_470to660nm,SSA_dry_450nm,SSA_dry_550nm,SSA_dry_700nm,SSA_amb_550nm,stdPT
[from data line 6103]
60068,-9999.00,69.95,43.31,30.56,3.88,4.17,6.54,-9999.00,50.13,-9999.00,-9999.00,-9999,2.05,-9999,-9999,0.920414,0.825096,-9999,1.151
60069,-9999.00,68.80,50.85,33.61,2.74,3.97,4.07,-9999.00,58.04,-9999.00,-9999.00,-9999,1.99,-9999,-9999,0.920415,0.837816,-9999,1.151
60070,-9999.00,64.18,51.20,32.83,0.07,2.09,0.92,-9999.00,56.62,-9999.00,-9999.00,-9999,1.99,-9999,-9999,0.919575,0.841454,-9999,1.150
60071,-9999.00,50.32,41.09,33.41,-2.75,-0.52,0.80,-9999.00,43.26,-9999.00,-9999.00,-9999,1.94,-9999,-9999,0.919827,0.840655,-9999,1.148
60072,-9999.00,29.90,23.38,14.61,-2.36,-0.69,1.03,-9999.00,24.21,-9999.00,-9999.00,-9999,1.93,-9999,-9999,0.921397,0.843948,-9999,1.149
60073,-9999.00,22.80,18.65,13.01,-0.07,-1.00,0.61,-9999.00,18.83,-9999.00,-9999.00,-9999,1.92,-9999,-9999,0.924547,0.852728,-9999,1.149
60074,-9999.00,17.14,7.29,6.92,-0.44,-0.60,-0.62,-9999.00,7.15,-9999.00,-9999.00,-9999,1.91,-9999,-9999,-9999,0.857815,-9999,1.149
60075,-9999.00,17.94,8.79,4.00,-1.29,0.30,-1.77,-9999.00,9.65,-9999.00,-9999.00,-9999,1.93,-9999,-9999,-9999,0.857623,-9999,1.147
60076,-9999.00,11.62,9.30,4.36,-0.18,-0.17,0.15,-9999.00,9.74,-9999.00,-9999.00,-9999,1.94,-9999,-9999,-9999,0.860135,-9999,1.148
60077,-9999.00,9.53,8.47,3.71,0.38,-0.28,2.50,-9999.00,8.75,-9999.00,-9999.00,-9999,1.93,-9999,-9999,-9999,0.868856,-9999,1.148
60078,-9999.00,7.28,5.55,4.09,-0.47,0.64,3.04,-9999.00,6.56,-9999.00,-9999.00,-9999,1.92,-9999,-9999,-9999,0.875033,-9999,1.148
60079,-9999.00,10.12,6.71,3.73,-0.30,0.41,0.11,-9999.00,7.57,-9999.00,-9999.00,-9999,1.89,-9999,-9999,-9999,-9999,-9999,1.148
60080,-9999.00,11.09,9.30,4.33,0.07,0.04,-2.27,-9999.00,9.95,-9999.00,-9999.00,-9999,1.88,-9999,-9999,-9999,-9999,-9999,1.147
60081,-9999.00,11.22,9.21,3.96,-0.28,0.37,0.29,-9999.00,10.18,-9999.00,-9999.00,-9999,1.85,-9999,-9999,-9999,-9999,-9999,1.147
60082,-9999.00,8.45,9.06,6.59,-0.59,-0.13,2.05,-9999.00,9.48,-9999.00,-9999.00,-9999,1.82,-9999,-9999,-9999,-9999,-9999,1.146
60083,-9999.00,11.15,8.33,0.78,-1.51,-0.63,-0.02,-9999.00,8.16,-9999.00,-9999.00,-9999,1.79,-9999,-9999,-9999,-9999,-9999,1.147
60084,-9999.00,14.18,3.70,6.85,-0.95,0.20,-1.95,-9999.00,4.10,-9999.00,-9999.00,-9999,1.78,-9999,-9999,-9999,-9999,-9999,1.146
60085,-9999.00,13.36,4.71,1.81,0.90,0.44,0.28,-9999.00,5.40,-9999.00,-9999.00,-9999,1.83,-9999,-9999,-9999,-9999,-9999,1.146
60086,-9999.00,11.12,3.75,5.72,1.51,0.27,2.53,-9999.00,4.22,-9999.00,-9999.00,-9999,1.92,-9999,-9999,-9999,-9999,-9999,1.145
60087,-9999.00,9.74,5.36,3.62,-0.30,-0.43,0.18,-9999.00,5.25,-9999.00,-9999.00,-9999,2.14,-9999,-9999,-9999,-9999,-9999,1.146
60088,-9999.00,8.30,6.09,3.52,-1.74,-0.71,-1.31,-9999.00,5.75,-9999.00,-9999.00,-9999,2.21,-9999,-9999,-9999,-9999,-9999,1.145
60089,-9999.00,8.12,7.36,3.34,-0.45,-0.19,0.44,-9999.00,7.65,-9999.00,-9999.00,-9999,2.33,-9999,-9999,-9999,-9999,-9999,1.145
60090,-9999.00,10.10,4.88,1.20,-0.17,0.31,0.70,-9999.00,5.48,-9999.00,-9999.00,-9999,2.38,-9999,-9999,-9999,-9999,-9999,1.145
60091,-9999.00,10.36,4.88,1.79,-1.16,-0.23,-0.05,-9999.00,4.94,-9999.00,-9999.00,-9999,2.37,-9999,-9999,-9999,-9999,-9999,1.145
60092,-9999.00,10.60,3.30,3.27,-0.18,-0.40,0.52,-9999.00,3.11,-9999.00,-9999.00,-9999,2.38,-9999,-9999,-9999,-9999,-9999,1.145
60093,-9999.00,9.31,4.95,3.97,0.05,0.24,1.30,-9999.00,5.52,-9999.00,-9999.00,-9999,2.44,-9999,-9999,-9999,-9999,-9999,1.145
60094,-9999.00,6.25,4.75,4.55,-0.59,0.12,-0.10,-9999.00,5.19,-9999.00,-9999.00,-9999,2.52,-9999,-9999,-9999,-9999,-9999,1.144
60095,-9999.00,10.42,8.34,4.13,0.36,0.32,0.03,-9999.00,9.26,-9999.00,-9999.00,-9999,2.63,-9999,-9999,-9999,-9999,-9999,1.145
60096,-9999.00,3.16,7.65,1.85,0.68,0.96,1.62,-9999.00,9.18,-9999.00,-9999.00,-9999,2.72,-9999,-9999,-9999,-9999,-9999,1.145
60097,-9999.00,6.95,9.45,3.40,-0.15,0.19,-0.80,-9999.00,10.35,-9999.00,-9999.00,-9999,2.78,-9999,-9999,-9999,-9999,-9999,1.145
60098,-9999.00,1.93,10.53,1.93,-0.70,-0.47,-1.29,-9999.00,10.90,-9999.00,-9999.00,-9999,2.94,-9999,-9999,-9999,-9999,-9999,1.145
60099,-9999.00,6.23,5.74,3.06,0.35,-0.09,0.65,-9999.00,6.12,-9999.00,-9999.00,-9999,2.87,-9999,-9999,-9999,-9999,-9999,1.145
60100,-9999.00,5.29,4.93,0.63,0.44,-0.10,0.12,-9999.00,5.22,-9999.00,-9999.00,-9999,3.08,-9999,-9999,-9999,-9999,-9999,1.145
60101,-9999.00,10.21,4.94,2.22,-1.09,-0.30,-0.83,-9999.00,5.03,-9999.00,-9999.00,-9999,3.11,-9999,-9999,-9999,-9999,-9999,1.144
60102,-9999.00,7.30,4.08,1.48,-0.26,-1.00,-0.86,-9999.00,3.39,-9999.00,-9999.00,-9999,3.29,-9999,-9999,-9999,-9999,-9999,1.144
60103,-9999.00,7.67,5.91,2.49,0.09,-0.97,-0.45,-9999.00,5.38,-9999.00,-9999.00,-9999,3.42,-9999,-9999,-9999,-9999,-9999,1.144
60104,-9999.00,8.29,5.30,1.96,-0.27,0.30,0.41,-9999.00,6.00,-9999.00,-9999.00,-9999,3.61,-9999,-9999,-9999,-9999,-9999,1.143
60105,-9999.00,8.86,4.82,1.44,-0.64,0.11,1.10,-9999.00,5.31,-9999.00,-9999.00,-9999,3.79,-9999,-9999,-9999,-9999,-9999,1.144
60106,-9999.00,8.97,3.19,1.56,-1.42,-0.26,0.96,-9999.00,3.18,-9999.00,-9999.00,-9999,3.79,-9999,-9999,-9999,-9999,-9999,1.145
60107,-9999.00,7.30,3.33,2.44,-0.20,0.68,-0.77,-9999.00,4.27,-9999.00,-9999.00,-9999,3.84,-9999,-9999,-9999,-9999,-9999,1.144
60108,-9999.00,10.42,5.88,1.27,1.75,1.03,-0.61,-9999.00,7.37,-9999.00,-9999.00,-9999,3.99,-9999,-9999,-9999,-9999,-9999,1.144
60109,-9999.00,9.60,4.57,1.78,1.11,0.72,1.15,-9999.00,5.62,-9999.00,-9999.00,-9999,4.03,-9999,-9999,-9999,-9999,-9999,1.144
60110,-9999.00,10.01,4.50,-0.51,-0.52,-0.35,0.08,-9999.00,4.47,-9999.00,-9999.00,-9999,4.11,-9999,-9999,-9999,-9999,-9999,1.143
60111,-9999.00,6.32,3.03,-0.63,-0.60,-1.24,-0.72,-9999.00,2.03,-9999.00,-9999.00,-9999,4.36,-9999,-9999,-9999,-9999,-9999,1.143
60112,-9999.00,3.80,2.69,-0.39,0.44,-0.32,0.61,-9999.00,2.60,-9999.00,-9999.00,-9999,4.64,-9999,-9999,-9999,-9999,-9999,1.144
60113,-9999.00,5.41,3.24,0.65,1.26,1.02,0.72,-9999.00,4.56,-9999.00,-9999.00,-9999,-9999,-9999,-9999,-9999,-9999,-9999,1.144
60114,-9999.00,7.01,3.84,1.69,0.31,0.40,0.42,-9999.00,4.64,-9999.00,-9999.00,-9999,-9999,-9999,-9999,-9999,-9999,-9999,1.144
60115,-9999.00,9.66,3.97,-0.72,-1.43,-0.87,0.15,-9999.00,3.55,-9999.00,-9999.00,-9999,-9999,-9999,-9999,-9999,-9999,-9999,1.144
60116,-9999.00,11.65,3.57,0.63,-1.54,-0.47,0.38,-9999.00,3.53,-9999.00,-9999.00,-9999,4.72,-9999,-9999,-9999,-9999,-9999,1.144
60117,-9999.00,9.64,5.27,0.68,-0.58,0.57,0.52,-9999.00,6.48,-9999.00,-9999.00,-9999,4.56,-9999,-9999,-9999,-9999,-9999,1.144
60118,-9999.00,6.18,3.32,-0.54,-0.53,0.34,0.79,-9999.00,4.06,-9999.00,-9999.00,-9999,4.42,-9999,-9999,-9999,-9999,-9999,1.143
60119,-9999.00,7.35,5.20,-1.00,0.19,-0.57,-0.31,-9999.00,5.27,-9999.00,-9999.00,-9999,4.58,-9999,-9999,-9999,-9999,-9999,1.144
60120,-9999.00,5.12,1.97,-1.05,0.12,-1.07,-2.60,-9999.00,1.15,-9999.00,-9999.00,-9999,4.70,-9999,-9999,-9999,-9999,-9999,1.144
60121,-9999.00,7.71,3.16,0.71,-0.27,0.07,-2.31,-9999.00,3.62,-9999.00,-9999.00,-9999,4.81,-9999,-9999,-9999,-9999,-9999,1.144
60122,-9999.00,8.54,3.29,0.57,1.13,1.22,-0.21,-9999.00,4.89,-9999.00,-9999.00,-9999,-9999,-9999,-9999,-9999,-9999,-9999,1.143
60123,-9999.00,8.43,4.32,0.03,0.78,0.12,0.95,-9999.00,4.94,-9999.00,-9999.00,-9999,-9999,-9999,-9999,-9999,-9999,-9999,1.144
60124,-9999.00,7.88,7.26,3.10,-0.79,-0.12,1.72,-9999.00,8.00,-9999.00,-9999.00,-9999,-9999,-9999,-9999,-9999,-9999,-9999,1.144
60125,-9999.00,8.27,7.22,3.41,0.04,0.48,1.37,-9999.00,8.56,-9999.00,-9999.00,-9999,-9999,-9999,-9999,-9999,-9999,-9999,1.144
60126,-9999.00,9.59,4.76,0.09,1.40,-0.09,-1.03,-9999.00,5.23,-9999.00,-9999.00,-9999,-9999,-9999,-9999,-9999,-9999,-9999,1.144
60127,-9999.00,11.74,4.66,-1.02,0.72,-0.22,-1.18,-9999.00,4.98,-9999.00,-9999.00,-9999,4.90,-9999,-9999,-9999,-9999,-9999,1.143
60128,-9999.00,9.13,4.47,1.89,-0.79,0.52,1.62,-9999.00,5.51,-9999.00,-9999.00,-9999,4.85,-9999,-9999,-9999,-9999,-9999,1.144
60129,-9999.00,8.82,4.46,2.29,-0.85,0.52,1.47,-9999.00,5.50,-9999.00,-9999.00,-9999,4.75,-9999,-9999,-9999,-9999,-9999,1.144
60130,-9999.00,8.93,2.92,1.52,1.48,0.82,0.36,-9999.00,4.08,-9999.00,-9999.00,-9999,4.89,-9999,-9999,-9999,-9999,-9999,1.143
60131,-9999.00,9.19,2.84,4.09,1.55,1.10,0.70,-9999.00,4.26,-9999.00,-9999.00,-9999,4.75,-9999,-9999,-9999,-9999,-9999,1.144
60132,-9999.00,9.39,2.84,4.48,-0.23,0.76,0.43,-9999.00,3.92,-9999.00,-9999.00,-9999,4.75,-9999,-9999,-9999,-9999,-9999,1.144
60133,-9999.00,8.41,4.27,3.88,0.07,-0.08,0.37,-9999.00,4.67,-9999.00,-9999.00,-9999,4.67,-9999,-9999,-9999,-9999,-9999,1.144
60134,-9999.00,8.95,5.38,0.14,-0.14,-0.17,0.27,-9999.00,5.79,-9999.00,-9999.00,-9999,4.63,-9999,-9999,-9999,-9999,-9999,1.145
60135,-9999.00,9.44,5.37,0.30,-1.14,0.10,-0.85,-9999.00,6.05,-9999.00,-9999.00,-9999,4.41,-9999,-9999,-9999,-9999,-9999,1.144
60136,7.86,10.60,6.77,0.12,-0.17,-0.46,-0.96,7.95,7.01,0.16,1.24,-9999,4.30,-9999,-9999,-9999,-9999,-9999,1.144
60137,7.83,11.10,6.59,-0.02,1.03,-0.73,0.68,7.66,6.55,0.18,1.29,-9999,4.24,-9999,-9999,-9999,-9999,-9999,1.144
60138,7.24,12.07,6.41,-0.35,0.51,-0.12,0.99,7.64,6.96,0.13,1.21,-9999,4.10,-9999,-9999,-9999,-9999,-9999,1.145
60139,7.38,11.76,6.05,-0.23,-1.04,0.02,0.50,7.94,6.73,0.22,1.35,-9999,4.01,-9999,-9999,-9999,-9999,-9999,1.145
60140,7.55,12.10,6.05,1.35,-0.63,0.82,0.96,8.92,7.55,0.24,1.40,-9999,4.07,-9999,-9999,-9999,-9999,-9999,1.145
60141,-9999.00,8.94,4.41,1.80,0.98,1.19,0.15,-9999.00,6.11,-9999.00,-9999.00,-9999,4.20,-9999,-9999,-9999,-9999,-9999,1.145
60142,7.35,12.16,6.02,3.85,1.35,-0.11,-1.32,7.73,6.58,0.22,1.36,-9999,4.23,-9999,-9999,-9999,-9999,-9999,1.145
60143,7.66,9.14,5.81,0.96,1.20,0.22,-0.70,8.40,6.70,0.30,1.51,-9999,4.21,-9999,-9999,-9999,-9999,-9999,1.145
60144,7.33,11.29,6.09,2.86,0.02,0.62,2.33,8.44,7.40,0.20,1.32,-9999,4.26,-9999,-9999,-9999,-9999,-9999,1.144
60145,-9999.00,8.68,4.79,-0.17,-0.21,0.65,2.54,-9999.00,6.00,-9999.00,-9999.00,-9999,4.36,-9999,-9999,-9999,-9999,-9999,1.144
60146,6.96,11.05,5.46,1.61,-0.40,0.03,-0.80,7.47,6.14,0.27,1.45,-9999,4.39,-9999,-9999,-9999,-9999,-9999,1.144
60147,-9999.00,8.46,4.73,0.21,-1.05,-1.34,-0.37,-9999.00,3.96,-9999.00,-9999.00,-9999,4.48,-9999,-9999,-9999,-9999,-9999,1.145
60148,-9999.00,5.38,4.45,1.37,0.08,-0.48,0.70,-9999.00,4.52,-9999.00,-9999.00,-9999,4.61,-9999,-9999,-9999,-9999,-9999,1.144
60149,-9999.00,5.72,4.92,0.06,0.72,0.71,0.41,-9999.00,6.23,-9999.00,-9999.00,-9999,4.67,-9999,-9999,-9999,-9999,-9999,1.145
60150,7.69,8.11,6.12,2.91,0.60,0.43,1.25,8.67,7.29,0.25,1.41,-9999,4.52,-9999,-9999,-9999,-9999,-9999,1.145
60151,7.88,6.97,6.36,1.23,0.99,0.61,0.77,9.05,7.74,0.23,1.38,1.29,4.25,-9999,-9999,-9999,-9999,-9999,1.145
60152,-9999.00,10.57,4.15,2.39,-0.32,0.46,-1.75,-9999.00,5.11,-9999.00,-9999.00,1.36,4.03,-9999,-9999,-9999,-9999,-9999,1.144
60153,-9999.00,10.73,3.55,3.69,-0.54,-0.07,-0.73,-9999.00,3.91,-9999.00,-9999.00,1.37,3.82,-9999,-9999,-9999,-9999,-9999,1.145
60154,-9999.00,11.48,3.68,2.49,0.51,0.53,1.34,-9999.00,4.66,-9999.00,-9999.00,1.45,3.64,-9999,-9999,-9999,-9999,-9999,1.145
60155,-9999.00,7.73,3.69,1.74,1.15,0.60,-0.93,-9999.00,4.73,-9999.00,-9999.00,1.49,3.39,-9999,-9999,-9999,-9999,-9999,1.144
60156,-9999.00,6.25,4.47,0.36,0.49,-0.42,-1.80,-9999.00,4.58,-9999.00,-9999.00,1.56,3.33,-9999,-9999,-9999,-9999,-9999,1.145
60157,-9999.00,6.17,4.47,-0.96,-0.64,-1.01,-0.24,-9999.00,3.98,-9999.00,-9999.00,1.56,3.29,-9999,-9999,-9999,-9999,-9999,1.144
60158,-9999.00,9.63,3.19,-1.06,-1.29,-0.79,0.47,-9999.00,2.78,-9999.00,-9999.00,1.55,3.29,-9999,-9999,-9999,-9999,-9999,1.145
60159,-9999.00,6.26,3.39,0.61,-0.32,0.27,0.79,-9999.00,4.06,-9999.00,-9999.00,1.61,3.27,-9999,-9999,-9999,-9999,-9999,1.145
60160,-9999.00,10.98,1.88,0.61,1.09,1.05,-0.15,-9999.00,3.14,-9999.00,-9999.00,1.63,3.23,-9999,-9999,-9999,-9999,-9999,1.145
60161,-9999.00,12.81,3.75,1.64,0.63,0.53,0.22,-9999.00,4.71,-9999.00,-9999.00,1.69,3.14,-9999,-9999,-9999,-9999,-9999,1.145
60162,-9999.00,13.49,3.11,3.01,-0.02,-0.72,1.26,-9999.00,2.74,-9999.00,-9999.00,1.73,3.12,-9999,-9999,-9999,-9999,-9999,1.146
60163,-9999.00,13.48,3.11,2.79,-0.23,-0.92,0.73,-9999.00,2.54,-9999.00,-9999.00,1.80,3.08,-9999,-9999,-9999,-9999,-9999,1.146
60164,7.59,11.66,6.55,3.13,-0.48,-0.19,0.12,7.79,7.10,0.18,1.28,1.87,3.09,-9999,-9999,-9999,-9999,-9999,1.146
60165,7.68,11.49,7.09,3.21,-0.68,-0.13,-1.55,7.98,7.77,0.10,1.14,1.94,3.06,-9999,-9999,-9999,-9999,-9999,1.146
60166,9.82,14.78,8.94,6.33,-0.45,0.44,-0.74,10.82,10.42,0.11,1.17,1.98,3.05,-9999,-9999,-9999,-9999,-9999,1.146
60167,10.26,18.89,10.21,6.26,0.60,0.95,2.10,11.79,12.35,0.01,1.01,2.00,3.00,-9999,-9999,-9999,-9999,-9999,1.146
60168,11.89,19.49,11.91,6.87,1.38,0.78,0.82,13.38,14.05,-0.00,1.00,2.02,3.01,-9999,-9999,-9999,-9999,-9999,1.147
60169,11.68,24.28,12.79,7.06,0.86,0.56,-1.22,12.96,14.79,-0.11,0.86,2.05,3.05,-9999,-9999,-9999,-9999,-9999,1.147
60170,11.92,18.75,12.50,9.20,0.12,0.71,-0.61,13.40,14.59,-0.06,0.92,2.05,3.09,-9999,-9999,-9999,-9999,-9999,1.147
60171,12.40,26.02,12.46,6.79,-0.09,0.50,-0.04,13.74,14.33,-0.01,0.99,2.07,3.11,-9999,-9999,-9999,-9999,-9999,1.147
60172,14.24,25.77,14.07,7.22,0.56,-0.27,-0.96,14.99,15.35,0.02,1.02,2.09,3.09,-9999,-9999,-9999,-9999,-9999,1.148
60173,14.46,31.29,15.45,8.30,0.10,-0.16,0.19,15.38,16.99,-0.08,0.89,2.11,3.06,-9999,-9999,-9999,-9999,-9999,1.147
60174,15.75,28.37,16.13,6.52,0.03,0.49,2.09,17.43,18.37,-0.03,0.96,2.11,3.01,-9999,-9999,-9999,-9999,-9999,1.148
60175,15.80,28.25,16.53,8.49,1.02,0.36,1.31,17.36,18.68,-0.06,0.92,2.13,3.01,-9999,-9999,-9999,-9999,-9999,1.147
60176,15.80,28.06,16.87,8.69,0.89,-0.85,0.58,16.16,17.79,-0.08,0.89,2.13,3.00,-9999,-9999,-9999,-9999,-9999,1.147
60177,16.09,27.71,14.98,6.79,0.10,-0.56,-0.43,16.77,16.00,0.09,1.13,2.14,3.03,-9999,-9999,-9999,-9999,-9999,1.147
60178,14.60,19.25,11.96,5.08,-0.10,0.78,-0.91,16.49,13.99,0.23,1.38,2.13,3.02,-9999,-9999,-9999,-9999,-9999,1.146
60179,14.11,18.75,10.47,4.54,0.61,0.67,0.48,15.84,12.21,0.32,1.57,2.12,3.03,-9999,-9999,-9999,-9999,-9999,1.145
60180,13.10,18.53,9.30,5.13,1.88,1.23,1.06,15.28,11.50,0.38,1.70,2.11,3.10,-9999,-9999,-9999,-9999,-9999,1.145
60181,11.87,18.00,9.45,5.85,1.32,1.98,1.91,14.70,12.40,0.25,1.42,2.11,3.14,-9999,-9999,-9999,-9999,-9999,1.146
60182,12.85,14.27,9.77,6.24,0.06,0.56,2.44,14.34,11.34,0.31,1.53,2.08,3.26,-9999,-9999,-9999,-9999,-9999,1.146
60183,11.01,11.27,7.56,1.68,-0.18,0.39,1.43,12.21,8.73,0.41,1.77,2.04,3.36,-9999,-9999,-9999,-9999,-9999,1.145
60184,11.06,13.55,7.00,2.03,0.05,0.94,0.74,12.77,8.67,0.50,2.00,1.98,3.42,-9999,-9999,-9999,-9999,-9999,1.145
60185,9.51,10.15,5.84,-0.25,-0.17,0.69,0.01,10.84,7.15,0.52,2.07,1.92,3.50,-9999,-9999,-9999,-9999,-9999,1.145
60186,9.93,10.21,6.23,1.17,-0.66,0.48,-0.54,11.08,7.37,0.49,1.98,1.88,3.59,-9999,-9999,-9999,-9999,-9999,1.145
60187,9.08,7.87,5.45,2.48,0.51,-0.37,-0.32,9.31,5.64,0.56,2.16,1.79,3.59,-9999,-9999,-9999,-9999,-9999,1.146
60188,8.51,8.92,5.22,1.40,0.63,-0.37,0.70,8.70,5.38,0.53,2.09,1.73,3.64,-9999,-9999,-9999,-9999,-9999,1.146
60189,-9999.00,7.37,4.38,1.18,-0.12,1.19,1.31,-9999.00,6.00,-9999.00,-9999.00,1.68,3.71,-9999,-9999,-9999,-9999,-9999,1.146
60190,-9999.00,7.38,4.68,0.79,0.31,0.99,0.58,-9999.00,6.13,-9999.00,-9999.00,1.62,3.72,-9999,-9999,-9999,-9999,-9999,1.146
60191,-9999.00,7.38,5.00,0.40,0.88,-0.23,0.46,-9999.00,5.26,-9999.00,-9999.00,1.60,3.85,-9999,-9999,-9999,-9999,-9999,1.146
60192,-9999.00,11.49,2.98,-0.22,0.65,-0.06,0.01,-9999.00,3.21,-9999.00,-9999.00,1.56,3.88,-9999,-9999,-9999,-9999,-9999,1.145
60193,-9999.00,7.89,1.36,2.07,-0.84,0.51,-0.81,-9999.00,2.01,-9999.00,-9999.00,1.53,3.87,-9999,-9999,-9999,-9999,-9999,1.145
60194,-9999.00,6.33,3.31,-0.08,-1.37,0.07,-0.61,-9999.00,3.72,-9999.00,-9999.00,1.42,3.91,-9999,-9999,-9999,-9999,-9999,1.146
60195,-9999.00,8.16,1.95,-1.61,0.00,0.43,-0.09,-9999.00,2.58,-9999.00,-9999.00,1.37,3.92,-9999,-9999,-9999,-9999,-9999,1.146
60196,7.72,8.80,5.49,0.29,0.57,0.56,1.07,8.77,6.62,0.34,1.60,1.19,3.94,-9999,-9999,-9999,-9999,-9999,1.145
60197,7.37,10.33,5.49,-1.07,0.39,-0.11,2.05,7.72,5.96,0.35,1.62,0.98,3.96,-9999,-9999,-9999,-9999,-9999,1.147
