NASA Intern/Datasets/LARGE/SASA-LARGE-MICROPHYSICAL_P3B_20220712_RA_L2.ict
56,1001
Richard Moore, Luke Ziemba, Edward Winstead, Michael Shook, Claire Robinson, John Barrick, Bruce Anderson, and Ali Omar
NASA Langley
In-situ microphysical aerosol measurements from the NASA P3B
NASA SASA
1,1
2022,07,12,2022,07,13
1.0
Time_Mid,Secs after midnight,Time of acquisition
9
1,1,1,1,1,1,1,1,1
-9999,-9999,-9999,-9999,-9999,-9999,-9999,-9999,-9999
CNgt3nm, #/cm3, AerMP_NumConc_InSitu_RHd_None_Bulk_STP, Number concentration of particles with diameters greater than 3nm
CNgt10nm, #/cm3, AerMP_NumConc_InSitu_RHd_None_Bulk_STP, Number concentration of particles with diameters greater than 10nm
IntegN_100to1000nm_UHSAS, #/cm3, Number concentration of particles with diameters between 100 and 1000nm (inclusive) as measured by the UHSAS
IntegS_100to1000nm_UHSAS, um2/cm3, Surface area concentration of particles with diameters between 100 and 1000nm (inclusive) as measured by the UHSAS
IntegV_100to1000nm_UHSAS, um3/cm3, Volume concentration of particles with diameters between 100 and 1000nm (inclusive) as measured by the UHSAS
IntegN_gt1000nm_APS, #/cm3, Number concentration of particles with diameters greater than 1000nm as measured by the APS
IntegS_gt1000nm_APS, um2/cm3, Surface area concentration of particles with diameters greater 1000nm as measured by the APS
IntegV_gt1000nm_APS, um3/cm3, Volume concentration of particles with diameters greater than 1000nm as measured by the APS
stdPT, unitless, None, Conversion factor to convert between ambient and standard pressure and temperature conditions
0
33
******************************************************************************************************************
Langley Aerosol data from the 2022 SASA field campaign
 
PI_CONTACT_INFO: richard.h.moore@nasa.gov
PLATFORM: NASA P3B aircraft
LOCATION: Latitude, Longitude, and Altitude included in MetNav files
ASSOCIATED_DATA: None
INSTRUMENT_INFO: Flagged data are due to missing data or to instrument issues.
CN statistics: TSI Condensation Particle Counters
	- CNgt3nm is measured with a TSI CPC-3776
	- CNgt10nm is measured with a TSI CPC-3772
	- The CPC-3772 data are corrected for coincidence errors when the aerosol concentrations exceed 10,000 cm-3
	- Due to flow irregularities and response times differences, there will be times where CNgt10nm > CNgt3nm
UHSAS statistics: Optical Size Distribution Data from the DMT Ultra-High Sensitivity Aerosol Spectrometer (UHSAS)
   - Data are processed with respect to mid-point polystyrene-latex-equivalent optical diameters and are rebinned to a standard binning scheme
APS statistics: Aerodynamic Size Distribution Data From the TSI Aerodynamic Particle Sizer (APS), Model 3321
   - Data are processed with respect to mid-point polystyrene-latex-equivalent aerodynamic diameters (assuming spherical particles with a density of 1 g/cm3) and are rebinned to a standard binning scheme
DATA_INFO: Aerosol measurements are reported at standard temperature and pressure (0 deg C, 1013 mb)
   - Concentrations can be converted back to ambient conditions by dividing by the stdPT conversion factor
   - Integrated surface areas and volumes are calculated by assuming spherical particles
UNCERTAINTY: CPC data is 10%, UHSAS is 20%, APS is 20%
ULOD_FLAG: -7777
ULOD_VALUE: N/A
LLOD_FLAG: -8888
LLOD_VALUE: N/A
DM_CONTACT_INFO: Michael Shook (michael.shook@nasa.gov)
PROJECT_INFO: SARP 2022
STIPULATIONS_ON_USE: This is FIELD data. Please consult the PI and/or DM prior to use.
OTHER_COMMENTS: none
REVISION: RA
RA: None
******************************************************************************************************************
Time_Mid,CNgt3nm,CNgt10nm,IntegN_100to1000nm_UHSAS,IntegS_100to1000nm_UHSAS,IntegV_100to1000nm_UHSAS,IntegN_gt1000nm_APS,IntegS_gt1000nm_APS,IntegV_gt1000nm_APS,stdPT
[from data line 7512]
74307,3578.80,3313.28,716.29,72.62,2.58,-9999.00,-9999.00,-9999.00,1.187
74308,4068.55,3559.98,627.09,63.34,2.26,-9999.00,-9999.00,-9999.00,1.187
74309,3914.55,3741.34,606.48,61.67,2.19,-9999.00,-9999.00,-9999.00,1.186
74310,3530.41,3415.03,776.14,82.26,3.02,-9999.00,-9999.00,-9999.00,1.188
74311,3753.14,3383.60,924.49,98.93,3.76,-9999.00,-9999.00,-9999.00,1.190
74312,3856.93,3500.02,770.65,78.61,2.78,-9999.00,-9999.00,-9999.00,1.186
74313,4287.12,3653.27,1026.98,112.42,4.14,-9999.00,-9999.00,-9999.00,1.186
74314,3925.27,3727.85,936.32,97.24,3.53,-9999.00,-9999.00,-9999.00,1.190
74315,3728.65,3705.34,394.68,40.24,1.43,-9999.00,-9999.00,-9999.00,1.191
74316,4049.38,3759.31,377.13,38.34,1.36,-9999.00,-9999.00,-9999.00,1.190
74317,4302.14,3803.51,902.34,97.21,3.65,-9999.00,-9999.00,-9999.00,1.191
74318,3474.45,3555.52,905.33,94.08,3.40,-9999.00,-9999.00,-9999.00,1.193
74319,3830.58,3482.34,986.48,107.90,4.16,-9999.00,-9999.00,-9999.00,1.195
74320,3936.79,3658.08,741.04,81.58,3.17,-9999.00,-9999.00,-9999.00,1.193
74321,4198.80,3827.63,798.71,86.92,3.27,-9999.00,-9999.00,-9999.00,1.192
74322,3817.30,3747.68,882.65,94.23,3.51,-9999.00,-9999.00,-9999.00,1.194
74323,3307.79,3307.79,847.97,89.76,3.23,-9999.00,-9999.00,-9999.00,1.195
74324,3398.53,3201.35,832.64,81.18,2.79,-9999.00,-9999.00,-9999.00,1.193
74325,3382.79,3196.80,866.15,94.28,3.54,-9999.00,-9999.00,-9999.00,1.195
74326,3271.54,3178.40,763.55,84.05,3.26,-9999.00,-9999.00,-9999.00,1.196
74327,3380.80,3147.64,711.01,76.32,2.81,-9999.00,-9999.00,-9999.00,1.197
74328,3281.62,3176.51,713.17,75.84,2.77,-9999.00,-9999.00,-9999.00,1.196
74329,3273.31,3179.79,683.45,70.39,2.51,-9999.00,-9999.00,-9999.00,1.197
74330,3362.70,3152.53,698.76,70.99,2.51,-9999.00,-9999.00,-9999.00,1.199
74331,3505.42,3143.19,846.05,90.57,3.32,-9999.00,-9999.00,-9999.00,1.200
74332,3492.17,3176.83,780.98,81.90,2.91,-9999.00,-9999.00,-9999.00,1.205
74333,3505.66,3201.83,883.59,92.70,3.33,-9999.00,-9999.00,-9999.00,1.200
74334,3434.64,3142.58,841.22,87.99,3.15,-9999.00,-9999.00,-9999.00,1.197
74335,3300.14,3090.24,836.47,87.44,3.22,-9999.00,-9999.00,-9999.00,1.202
74336,3447.91,3108.96,1017.64,107.77,3.94,-9999.00,-9999.00,-9999.00,1.206
74337,3189.75,3072.48,818.20,89.63,3.31,-9999.00,-9999.00,-9999.00,1.203
74338,3050.04,3073.50,580.23,60.11,2.14,-9999.00,-9999.00,-9999.00,1.204
74339,3215.26,3121.39,702.76,71.70,2.52,-9999.00,-9999.00,-9999.00,1.206
74340,3064.01,2970.09,731.36,78.24,2.85,-9999.00,-9999.00,-9999.00,1.205
74341,3287.45,3005.67,758.82,83.21,3.07,-9999.00,-9999.00,-9999.00,1.208
74342,3405.03,3123.23,898.54,94.64,3.53,-9999.00,-9999.00,-9999.00,1.208
74343,3788.21,3235.27,818.24,82.62,2.92,-9999.00,-9999.00,-9999.00,1.210
74344,3591.52,3308.91,744.45,80.88,3.01,-9999.00,-9999.00,-9999.00,1.209
74345,3589.15,3306.73,750.32,80.19,2.92,-9999.00,-9999.00,-9999.00,1.209
74346,3730.69,3259.94,816.79,87.66,3.20,-9999.00,-9999.00,-9999.00,1.209
74347,3724.60,3288.49,851.97,88.84,3.16,-9999.00,-9999.00,-9999.00,1.210
74348,3715.33,3326.10,823.89,90.25,3.39,-9999.00,-9999.00,-9999.00,1.212
74349,3825.38,3364.92,766.80,77.19,2.73,-9999.00,-9999.00,-9999.00,1.213
74350,3763.67,3242.91,740.89,80.97,3.03,-9999.00,-9999.00,-9999.00,1.209
74351,3743.93,3187.08,638.70,65.07,2.31,-9999.00,-9999.00,-9999.00,1.212
74352,3791.68,3199.23,685.83,72.14,2.63,-9999.00,-9999.00,-9999.00,1.212
74353,3945.52,3317.55,794.87,85.55,3.20,-9999.00,-9999.00,-9999.00,1.212
74354,3922.56,3401.13,798.73,89.22,3.51,-9999.00,-9999.00,-9999.00,1.214
74355,4188.31,3440.82,881.04,91.66,3.41,-9999.00,-9999.00,-9999.00,1.214
74356,3751.05,3371.20,792.55,86.69,3.23,-9999.00,-9999.00,-9999.00,1.219
74357,3620.06,3216.51,721.48,78.42,2.94,-9999.00,-9999.00,-9999.00,1.216
74358,3977.47,3288.83,830.65,85.62,3.19,-9999.00,-9999.00,-9999.00,1.214
74359,4016.14,3410.15,865.84,90.92,3.39,-9999.00,-9999.00,-9999.00,1.218
74360,4069.83,3474.83,772.84,82.65,2.98,-9999.00,-9999.00,-9999.00,1.219
74361,3380.33,3356.53,771.23,82.21,3.03,-9999.00,-9999.00,-9999.00,1.221
74362,3296.26,3117.76,794.97,84.04,3.05,-9999.00,-9999.00,-9999.00,1.219
74363,3592.46,3140.43,924.01,94.43,3.37,-9999.00,-9999.00,-9999.00,1.220
74364,3433.00,3230.36,909.38,94.97,3.47,-9999.00,-9999.00,-9999.00,1.219
74365,3328.30,3280.58,804.46,87.26,3.28,-9999.00,-9999.00,-9999.00,1.220
74366,3496.22,3257.57,714.80,77.65,2.90,-9999.00,-9999.00,-9999.00,1.223
74367,3544.39,3269.91,762.51,83.60,3.13,-9999.00,-9999.00,-9999.00,1.224
74368,3667.06,3284.83,894.23,92.13,3.34,-9999.00,-9999.00,-9999.00,1.223
74369,3689.08,3365.69,786.88,78.79,2.73,-9999.00,-9999.00,-9999.00,1.223
74370,3391.03,3331.12,688.11,72.20,2.59,-9999.00,-9999.00,-9999.00,1.224
74371,3710.39,3327.38,784.19,84.04,3.11,-9999.00,-9999.00,-9999.00,1.223
74372,3720.29,3337.49,861.52,89.62,3.27,-9999.00,-9999.00,-9999.00,1.222
74373,3747.12,3387.97,956.07,100.80,3.80,-9999.00,-9999.00,-9999.00,1.228
74374,3538.27,3430.32,834.90,89.17,3.37,-9999.00,-9999.00,-9999.00,1.226
74375,3516.28,3468.28,759.16,81.30,2.98,-9999.00,-9999.00,-9999.00,1.226
74376,3578.82,3422.70,814.88,86.37,3.21,-9999.00,-9999.00,-9999.00,1.224
74377,3547.99,3439.75,757.68,80.90,2.95,-9999.00,-9999.00,-9999.00,1.226
74378,3341.94,3209.70,773.48,74.75,2.55,-9999.00,-9999.00,-9999.00,1.227
74379,3490.53,3237.77,875.48,92.16,3.29,-9999.00,-9999.00,-9999.00,1.232
74380,3120.94,3193.24,785.02,85.35,3.22,-9999.00,-9999.00,-9999.00,1.230
74381,3098.19,2929.42,779.14,83.60,3.10,-9999.00,-9999.00,-9999.00,1.231
74382,2899.44,2851.12,790.30,84.84,3.11,-9999.00,-9999.00,-9999.00,1.231
74383,2887.43,2814.94,732.54,81.60,3.04,-9999.00,-9999.00,-9999.00,1.235
74384,2766.88,2815.21,771.86,83.13,3.09,-9999.00,-9999.00,-9999.00,1.233
74385,2744.46,2841.18,802.64,88.42,3.30,-9999.00,-9999.00,-9999.00,1.235
74386,2933.91,2849.39,828.16,91.17,3.47,-9999.00,-9999.00,-9999.00,1.233
74387,3124.52,2895.31,981.36,106.84,4.04,-9999.00,-9999.00,-9999.00,1.235
74388,2957.93,2933.78,1030.20,105.26,3.71,-9999.00,-9999.00,-9999.00,1.236
74389,3103.34,2982.59,884.35,95.22,3.54,-9999.00,-9999.00,-9999.00,1.236
74390,2973.35,3009.61,896.17,91.92,3.28,-9999.00,-9999.00,-9999.00,1.240
74391,3001.27,2940.77,842.21,91.61,3.49,-9999.00,-9999.00,-9999.00,1.238
74392,3051.62,2918.41,775.14,80.12,2.85,-9999.00,-9999.00,-9999.00,1.237
74393,3003.26,2942.71,789.45,83.90,3.08,-9999.00,-9999.00,-9999.00,1.242
74394,2928.27,2843.57,869.81,90.87,3.32,-9999.00,-9999.00,-9999.00,1.241
74395,3166.96,2840.60,913.27,98.07,3.63,-9999.00,-9999.00,-9999.00,1.241
74396,3111.13,2881.13,982.88,102.90,3.69,-9999.00,-9999.00,-9999.00,1.242
74397,2677.45,2689.57,853.12,92.12,3.38,-9999.00,-9999.00,-9999.00,1.244
74398,2626.54,2395.50,820.54,87.34,3.14,-9999.00,-9999.00,-9999.00,1.240
74399,2833.58,2553.87,635.04,69.23,2.86,-9999.00,-9999.00,-9999.00,1.244
74400,3098.25,2612.25,748.86,77.80,2.85,-9999.00,-9999.00,-9999.00,1.246
74401,3312.76,2790.97,858.71,88.48,3.20,-9999.00,-9999.00,-9999.00,1.245
74402,3256.81,2867.94,1020.92,107.11,3.88,-9999.00,-9999.00,-9999.00,1.247
74403,3238.92,2946.69,886.93,95.95,3.55,-9999.00,-9999.00,-9999.00,1.246
74404,3230.69,2950.29,771.31,81.28,2.91,-9999.00,-9999.00,-9999.00,1.245
74405,3208.99,3025.97,766.52,82.31,2.99,-9999.00,-9999.00,-9999.00,1.248
74406,2822.31,2932.27,748.33,78.80,2.90,-9999.00,-9999.00,-9999.00,1.248
74407,2846.40,2736.46,738.66,82.98,3.26,-9999.00,-9999.00,-9999.00,1.248
74408,3229.68,2715.87,789.13,83.49,3.07,-9999.00,-9999.00,-9999.00,1.254
74409,3364.65,3022.06,734.08,80.29,3.09,-9999.00,-9999.00,-9999.00,1.252
74410,2905.87,2979.44,783.61,84.10,3.11,-9999.00,-9999.00,-9999.00,1.251
74411,2464.91,2563.02,781.85,80.86,2.93,-9999.00,-9999.00,-9999.00,1.255
74412,2745.28,2475.65,761.80,80.03,3.00,-9999.00,-9999.00,-9999.00,1.253
74413,2833.14,2538.79,841.87,95.95,3.85,-9999.00,-9999.00,-9999.00,1.256
74414,3192.00,2614.98,765.26,78.57,2.86,-9999.00,-9999.00,-9999.00,1.255
74415,2982.06,2662.99,801.89,86.71,3.19,-9999.00,-9999.00,-9999.00,1.258
74416,2937.45,2667.06,790.28,85.00,3.24,-9999.00,-9999.00,-9999.00,1.262
74417,2422.06,2446.65,710.92,74.19,2.69,-9999.00,-9999.00,-9999.00,1.261
74418,2151.74,1955.01,768.29,81.01,2.93,-9999.00,-9999.00,-9999.00,1.263
74419,2179.11,1883.64,747.78,82.64,3.24,-9999.00,-9999.00,-9999.00,1.261
74420,2042.95,1870.65,776.25,85.89,3.21,-9999.00,-9999.00,-9999.00,1.262
74421,1884.90,1835.63,761.06,74.50,2.58,-9999.00,-9999.00,-9999.00,1.262
74422,2044.55,1847.48,750.20,76.62,2.73,-9999.00,-9999.00,-9999.00,1.261
74423,2057.62,1848.17,693.00,73.29,2.74,-9999.00,-9999.00,-9999.00,1.264
74424,2379.10,2070.93,745.36,73.70,2.57,-9999.00,-9999.00,-9999.00,1.265
74425,2099.55,2099.55,755.26,78.45,2.88,-9999.00,-9999.00,-9999.00,1.269
74426,1496.66,1805.89,643.46,64.30,2.34,-9999.00,-9999.00,-9999.00,1.272
74427,1473.85,1486.23,596.91,65.14,2.42,-9999.00,-9999.00,-9999.00,1.270
74428,1548.46,1424.59,607.74,65.54,2.43,-9999.00,-9999.00,-9999.00,1.270
74429,1510.36,1411.32,595.04,60.75,2.20,-9999.00,-9999.00,-9999.00,1.271
74430,1460.41,1361.40,665.64,67.43,2.34,-9999.00,-9999.00,-9999.00,1.274
74431,1425.86,1326.67,743.87,81.82,3.20,-9999.00,-9999.00,-9999.00,1.277
74432,1254.87,1233.75,639.09,68.26,2.55,-9999.00,-9999.00,-9999.00,1.276
74433,1243.80,1118.18,535.86,55.37,1.99,-9999.00,-9999.00,-9999.00,1.275
74434,1222.21,1121.50,570.55,59.23,2.15,-9999.00,-9999.00,-9999.00,1.276
74435,1318.56,1169.29,624.09,62.95,2.28,-9999.00,-9999.00,-9999.00,1.278
74436,1306.16,1243.96,611.30,63.76,2.30,-9999.00,-9999.00,-9999.00,1.282
74437,1344.34,1244.76,549.95,53.97,1.88,-9999.00,-9999.00,-9999.00,1.280
74438,1269.95,1245.05,578.25,60.25,2.18,-9999.00,-9999.00,-9999.00,1.285
74439,1141.72,1247.78,565.34,54.55,1.83,-9999.00,-9999.00,-9999.00,1.284
74440,1046.53,1035.29,473.91,42.95,1.40,-9999.00,-9999.00,-9999.00,1.292
74441,838.54,848.53,498.81,49.63,1.73,-9999.00,-9999.00,-9999.00,1.291
74442,715.27,849.08,493.71,47.14,1.62,-9999.00,-9999.00,-9999.00,1.295
74443,761.65,660.18,465.56,45.98,1.58,-9999.00,-9999.00,-9999.00,1.293
74444,776.79,675.31,440.50,44.06,1.58,-9999.00,-9999.00,-9999.00,1.296
74445,822.15,691.81,486.26,46.15,1.61,-9999.00,-9999.00,-9999.00,1.296
74446,795.85,679.30,464.99,47.70,1.74,-9999.00,-9999.00,-9999.00,1.296
74447,717.01,673.14,429.28,41.16,1.41,-9999.00,-9999.00,-9999.00,1.297
74448,781.96,674.02,445.00,43.19,1.50,-9999.00,-9999.00,-9999.00,1.299
74449,834.45,684.90,394.13,36.82,1.29,-9999.00,-9999.00,-9999.00,1.298
74450,852.82,685.53,389.81,34.40,1.17,-9999.00,-9999.00,-9999.00,1.302
74451,853.44,747.70,362.49,33.77,1.16,-9999.00,-9999.00,-9999.00,1.302
74452,830.29,748.40,358.07,36.07,1.30,-9999.00,-9999.00,-9999.00,1.302
74453,2470.89,756.40,380.35,36.49,1.28,-9999.00,-9999.00,-9999.00,1.303
74454,33575.26,1064.06,337.07,32.02,1.11,-9999.00,-9999.00,-9999.00,1.305
74455,39680.68,32730.25,341.36,30.96,1.02,-9999.00,-9999.00,-9999.00,1.305
74456,5764.65,14538.03,308.80,28.04,0.93,-9999.00,-9999.00,-9999.00,1.306
74457,2214.40,2948.32,330.60,30.21,1.03,-9999.00,-9999.00,-9999.00,1.303
74458,939.86,1183.06,289.87,27.18,0.91,-9999.00,-9999.00,-9999.00,1.307
74459,924.85,1183.30,254.26,24.66,0.85,-9999.00,-9999.00,-9999.00,1.304
74460,932.10,754.56,275.86,25.53,0.86,-9999.00,-9999.00,-9999.00,1.305
74461,858.98,744.79,252.24,21.71,0.69,-9999.00,-9999.00,-9999.00,1.308
74462,894.01,745.43,229.17,20.00,0.65,-9999.00,-9999.00,-9999.00,1.307
74463,820.88,742.09,254.04,22.84,0.77,-9999.00,-9999.00,-9999.00,1.304
74464,843.98,763.90,209.80,21.20,0.76,-9999.00,-9999.00,-9999.00,1.310
74465,821.43,751.49,181.39,14.63,0.45,-9999.00,-9999.00,-9999.00,1.314
74466,743.20,761.02,186.97,15.30,0.47,-9999.00,-9999.00,-9999.00,1.312
74467,807.35,756.41,209.66,19.67,0.71,-9999.00,-9999.00,-9999.00,1.313
74468,836.11,713.75,169.60,15.25,0.51,-9999.00,-9999.00,-9999.00,1.310
74469,864.68,742.24,180.87,16.47,0.55,-9999.00,-9999.00,-9999.00,1.314
74470,876.20,743.56,195.31,19.93,0.86,-9999.00,-9999.00,-9999.00,1.313
74471,863.81,734.94,159.55,14.15,0.46,-9999.00,-9999.00,-9999.00,1.316
74472,836.49,693.46,176.93,14.87,0.48,-9999.00,-9999.00,-9999.00,1.315
74473,877.09,698.09,149.48,12.99,0.42,-9999.00,-9999.00,-9999.00,1.317
74474,827.03,710.53,178.48,14.92,0.47,-9999.00,-9999.00,-9999.00,1.318
74475,825.25,713.76,141.47,11.52,0.40,-9999.00,-9999.00,-9999.00,1.318
74476,845.70,716.28,146.44,12.01,0.38,-9999.00,-9999.00,-9999.00,1.314
74477,797.84,741.40,151.61,13.84,0.47,-9999.00,-9999.00,-9999.00,1.320
74478,812.42,716.16,136.39,11.88,0.39,-9999.00,-9999.00,-9999.00,1.321
74479,730.58,679.22,141.56,10.81,0.32,-9999.00,-9999.00,-9999.00,1.319
74480,760.17,679.27,138.04,13.01,0.45,-9999.00,-9999.00,-9999.00,1.321
74481,833.80,662.93,163.67,12.76,0.39,-9999.00,-9999.00,-9999.00,1.320
74482,822.18,699.95,154.25,12.89,0.41,-9999.00,-9999.00,-9999.00,1.325
74483,911.35,704.11,131.74,11.13,0.35,-9999.00,-9999.00,-9999.00,1.325
74484,881.85,718.35,136.31,12.08,0.41,-9999.00,-9999.00,-9999.00,1.323
74485,884.79,704.49,103.55,11.00,0.46,-9999.00,-9999.00,-9999.00,1.328
74486,809.55,705.13,104.30,8.89,0.32,-9999.00,-9999.00,-9999.00,1.330
74487,824.21,713.28,128.59,10.44,0.32,-9999.00,-9999.00,-9999.00,1.332
74488,795.30,719.13,152.95,13.49,0.45,-9999.00,-9999.00,-9999.00,1.330
74489,881.05,702.77,103.94,9.58,0.45,-9999.00,-9999.00,-9999.00,1.329
74490,842.00,721.71,131.57,10.71,0.35,-9999.00,-9999.00,-9999.00,1.330
74491,788.40,722.38,128.04,8.79,0.25,-9999.00,-9999.00,-9999.00,1.334
74492,814.73,704.63,120.31,8.34,0.23,-9999.00,-9999.00,-9999.00,1.334
74493,852.85,723.24,121.39,8.81,0.26,-9999.00,-9999.00,-9999.00,1.333
74494,879.79,734.45,109.16,8.35,0.26,-9999.00,-9999.00,-9999.00,1.332
74495,844.80,756.55,120.48,10.20,0.37,-9999.00,-9999.00,-9999.00,1.338
74496,863.82,765.10,95.61,8.13,0.26,-9999.00,-9999.00,-9999.00,1.338
74497,851.56,776.15,103.93,11.73,0.64,-9999.00,-9999.00,-9999.00,1.341
74498,833.68,776.45,117.35,9.36,0.29,-9999.00,-9999.00,-9999.00,1.340
74499,840.35,805.22,122.15,9.90,0.33,-9999.00,-9999.00,-9999.00,1.339
74500,836.86,773.08,118.27,8.40,0.24,-9999.00,-9999.00,-9999.00,1.339
74501,873.99,795.84,108.06,8.04,0.24,-9999.00,-9999.00,-9999.00,1.340
74502,860.10,787.13,110.37,8.28,0.25,-9999.00,-9999.00,-9999.00,1.343
74503,843.49,773.09,113.66,9.09,0.29,-9999.00,-9999.00,-9999.00,1.340
74504,849.63,789.59,123.63,9.19,0.27,-9999.00,-9999.00,-9999.00,1.340
74505,763.10,767.02,105.03,8.90,0.28,-9999.00,-9999.00,-9999.00,1.341
74506,825.08,770.16,78.68,7.82,0.34,-9999.00,-9999.00,-9999.00,1.343
74507,914.33,761.29,108.55,8.38,0.27,-9999.00,-9999.00,-9999.00,1.344
74508,919.19,764.69,94.55,7.71,0.26,-9999.00,-9999.00,-9999.00,1.347
74509,930.71,765.54,97.61,7.74,0.24,-9999.00,-9999.00,-9999.00,1.345
74510,834.32,819.89,117.80,8.91,0.27,-9999.00,-9999.00,-9999.00,1.348
74511,947.51,824.15,104.88,8.59,0.26,-9999.00,-9999.00,-9999.00,1.345
74512,957.06,824.46,99.04,9.02,0.31,-9999.00,-9999.00,-9999.00,1.348
74513,928.29,825.87,94.79,7.03,0.20,-9999.00,-9999.00,-9999.00,1.350
74514,919.48,826.22,104.70,8.05,0.24,-9999.00,-9999.00,-9999.00,1.347
74515,897.43,827.79,114.00,8.73,0.27,-9999.00,-9999.00,-9999.00,1.350
74516,918.21,836.65,133.43,12.94,0.66,-9999.00,-9999.00,-9999.00,1.353
74517,926.43,819.83,101.68,7.46,0.21,-9999.00,-9999.00,-9999.00,1.352
74518,900.62,817.66,124.31,10.33,0.32,-9999.00,-9999.00,-9999.00,1.353
74519,950.05,818.28,124.29,10.68,0.37,-9999.00,-9999.00,-9999.00,1.354
74520,970.11,815.89,117.55,9.07,0.27,-9999.00,-9999.00,-9999.00,1.359
74521,953.84,817.95,111.10,10.42,0.41,-9999.00,-9999.00,-9999.00,1.353
74522,966.12,826.22,112.50,8.31,0.24,-9999.00,-9999.00,-9999.00,1.357
74523,914.89,830.40,116.74,9.60,0.32,-9999.00,-9999.00,-9999.00,1.357
74524,905.96,814.84,124.16,9.74,0.30,-9999.00,-9999.00,-9999.00,1.362
74525,908.93,849.48,123.24,9.79,0.29,-9999.00,-9999.00,-9999.00,1.356
74526,904.20,846.03,118.88,9.26,0.28,-9999.00,-9999.00,-9999.00,1.355
74527,949.69,841.23,98.02,7.52,0.24,-9999.00,-9999.00,-9999.00,1.359
