NASA Intern/Datasets/LARGE/SASA-LARGE-MICROPHYSICAL_P3B_20220712_RA_L1.ict
56,1001
Richard Moore, Luke Ziemba, Edward Winstead, Michael Shook, Claire Robinson, John Barrick, Bruce Anderson, and Ali Omar
NASA Langley
In-situ microphysical aerosol measurements from the NASA P3B
NASA SASA
1,1
2022,07,12,2022,07,13
1.0
Time_Mid,Secs after midnight,Time of acquisition
9
1,1,1,1,1,1,1,1,1
-9999,-9999,-9999,-9999,-9999,-9999,-9999,-9999,-9999
CNgt3nm, #/cm3, AerMP_NumConc_InSitu_RHd_None_Bulk_STP, Number concentration of particles with diameters greater than 3nm
CNgt10nm, #/cm3, AerMP_NumConc_InSitu_RHd_None_Bulk_STP, Number concentration of particles with diameters greater than 10nm
IntegN_100to1000nm_UHSAS, #/cm3, Number concentration of particles with diameters between 100 and 1000nm (inclusive) as measured by the UHSAS
IntegS_100to1000nm_UHSAS, um2/cm3, Surface area concentration of particles with diameters between 100 and 1000nm (inclusive) as measured by the UHSAS
IntegV_100to1000nm_UHSAS, um3/cm3, Volume concentration of particles with diameters between 100 and 1000nm (inclusive) as measured by the UHSAS
IntegN_gt1000nm_APS, #/cm3, Number concentration of particles with diameters greater than 1000nm as measured by the APS
IntegS_gt1000nm_APS, um2/cm3, Surface area concentration of particles with diameters greater 1000nm as measured by the APS
IntegV_gt1000nm_APS, um3/cm3, Volume concentration of particles with diameters greater than 1000nm as measured by the APS
stdPT, unitless, None, Conversion factor to convert between ambient and standard pressure and temperature conditions
0
33
******************************************************************************************************************
Langley Aerosol data from the 2022 SASA field campaign
 
PI_CONTACT_INFO: richard.h.moore@nasa.gov
PLATFORM: NASA P3B aircraft
LOCATION: Latitude, Longitude, and Altitude included in MetNav files
ASSOCIATED_DATA: None
INSTRUMENT_INFO: Flagged data are due to missing data or to instrument issues.
CN statistics: TSI Condensation Particle Counters
	- CNgt3nm is measured with a TSI CPC-3776
	- CNgt10nm is measured with a TSI CPC-3772
	- The CPC-3772 data are corrected for coincidence errors when the aerosol concentrations exceed 10,000 cm-3
	- Due to flow irregularities and response times differences, there will be times where CNgt10nm > CNgt3nm
UHSAS statistics: Optical Size Distribution Data from the DMT Ultra-High Sensitivity Aerosol Spectrometer (UHSAS)
   - Data are processed with respect to mid-point polystyrene-latex-equivalent optical diameters and are rebinned to a standard binning scheme
APS statistics: Aerodynamic Size Distribution Data From the TSI Aerodynamic Particle Sizer (APS), Model 3321
   - Data are processed with respect to mid-point polystyrene-latex-equivalent aerodynamic diameters (assuming spherical particles with a density of 1 g/cm3) and are rebinned to a standard binning scheme
DATA_INFO: Aerosol measurements are reported at standard temperature and pressure (0 deg C, 1013 mb)
   - Concentrations can be converted back to ambient conditions by dividing by the stdPT conversion factor
   - Integrated surface areas and volumes are calculated by assuming spherical particles
UNCERTAINTY: CPC data is 10%, UHSAS is 20%, APS is 20%
ULOD_FLAG: -7777
ULOD_VALUE: N/A
LLOD_FLAG: -8888
LLOD_VALUE: N/A
DM_CONTACT_INFO: Michael Shook (michael.shook@nasa.gov)
PROJECT_INFO: SARP 2022
STIPULATIONS_ON_USE: This is FIELD data. Please consult the PI and/or DM prior to use.
OTHER_COMMENTS: none
REVISION: RA
RA: None
******************************************************************************************************************
Time_Mid,CNgt3nm,CNgt10nm,IntegN_100to1000nm_UHSAS,IntegS_100to1000nm_UHSAS,IntegV_100to1000nm_UHSAS,IntegN_gt1000nm_APS,IntegS_gt1000nm_APS,IntegV_gt1000nm_APS,stdPT
[from data line 8858]
58198,5350.42,3785.25,944.82,105.57,3.95,-9999.00,-9999.00,-9999.00,1.143
58199,5904.74,3996.03,1034.43,112.18,4.21,-9999.00,-9999.00,-9999.00,1.146
58200,5981.30,4293.12,445.70,49.02,1.76,-9999.00,-9999.00,-9999.00,1.145
58201,5956.76,4316.98,493.49,51.02,1.77,-9999.00,-9999.00,-9999.00,1.144
58202,5519.68,4206.53,806.13,85.61,3.04,-9999.00,-9999.00,-9999.00,1.147
58203,4152.10,4319.08,1020.30,106.59,3.88,-9999.00,-9999.00,-9999.00,1.145
58204,3200.77,4115.28,837.74,86.61,3.15,-9999.00,-9999.00,-9999.00,1.141
58205,3512.42,3289.41,704.72,76.75,2.84,-9999.00,-9999.00,-9999.00,1.145
58206,3871.21,3179.52,756.67,84.31,3.11,-9999.00,-9999.00,-9999.00,1.144
58207,3797.97,3552.21,785.12,86.53,3.27,-9999.00,-9999.00,-9999.00,1.145
58208,3368.74,3580.68,650.55,71.13,2.56,-9999.00,-9999.00,-9999.00,1.146
58209,3191.24,3403.24,762.41,84.58,3.10,-9999.00,-9999.00,-9999.00,1.147
58210,3141.95,3074.87,813.51,93.19,3.56,-9999.00,-9999.00,-9999.00,1.147
58211,3088.76,3043.99,692.86,75.57,2.67,-9999.00,-9999.00,-9999.00,1.147
58212,3236.81,3057.61,692.74,70.89,2.49,-9999.00,-9999.00,-9999.00,1.145
58213,3243.25,3052.47,666.80,73.15,2.69,-9999.00,-9999.00,-9999.00,1.144
58214,3015.40,3116.29,606.09,65.55,2.35,-9999.00,-9999.00,-9999.00,1.144
58215,3307.50,3072.05,691.77,79.84,3.08,-9999.00,-9999.00,-9999.00,1.143
58216,3061.13,3027.49,756.00,80.36,2.83,-9999.00,-9999.00,-9999.00,1.141
58217,3161.50,3004.54,754.52,80.07,2.87,-9999.00,-9999.00,-9999.00,1.144
58218,3244.73,2987.39,774.02,84.44,3.04,-9999.00,-9999.00,-9999.00,1.145
58219,3181.69,2991.23,945.20,102.79,3.93,-9999.00,-9999.00,-9999.00,1.142
58220,3178.69,2966.04,776.65,84.35,3.10,-9999.00,-9999.00,-9999.00,1.146
58221,3270.59,2990.57,836.16,93.60,3.74,-9999.00,-9999.00,-9999.00,1.143
58222,3146.70,2978.73,816.32,91.93,3.50,-9999.00,-9999.00,-9999.00,1.145
58223,3270.18,2990.19,756.35,83.49,3.31,-9999.00,-9999.00,-9999.00,1.147
58224,3248.38,2957.15,735.56,76.82,2.76,-9999.00,-9999.00,-9999.00,1.143
58225,3135.57,2978.79,805.17,86.44,3.21,-9999.00,-9999.00,-9999.00,1.146
58226,3132.69,2987.24,797.41,87.56,3.20,-9999.00,-9999.00,-9999.00,1.145
58227,3220.46,2974.45,878.93,97.37,3.65,-9999.00,-9999.00,-9999.00,1.144
58228,3221.18,2986.30,850.54,93.63,3.51,-9999.00,-9999.00,-9999.00,1.147
58229,3097.93,3019.64,833.45,86.82,3.04,-9999.00,-9999.00,-9999.00,1.147
58230,3167.77,3022.25,795.47,82.05,2.94,-9999.00,-9999.00,-9999.00,1.143
58231,3124.57,2978.98,766.17,85.49,3.36,-9999.00,-9999.00,-9999.00,1.147
58232,3371.65,3002.00,726.23,77.06,2.73,-9999.00,-9999.00,-9999.00,1.145
58233,3258.76,3001.20,695.02,75.89,2.89,-9999.00,-9999.00,-9999.00,1.143
58234,3289.01,2998.15,792.04,87.11,3.21,-9999.00,-9999.00,-9999.00,1.144
58235,3321.40,2997.09,830.45,90.99,3.34,-9999.00,-9999.00,-9999.00,1.144
58236,3165.91,2975.73,771.80,82.74,3.01,-9999.00,-9999.00,-9999.00,1.143
58237,3303.80,2945.42,766.04,84.29,3.10,-9999.00,-9999.00,-9999.00,1.143
58238,3436.54,2921.62,673.17,70.76,2.53,-9999.00,-9999.00,-9999.00,1.143
58239,3321.26,2963.41,781.42,84.20,3.06,-9999.00,-9999.00,-9999.00,1.144
58240,3365.76,2985.58,790.95,90.00,3.47,-9999.00,-9999.00,-9999.00,1.146
58241,3220.87,3019.57,818.40,86.23,3.10,-9999.00,-9999.00,-9999.00,1.145
58242,3221.93,3009.37,785.03,83.02,3.01,-9999.00,-9999.00,-9999.00,1.148
58243,3110.83,2898.22,786.30,89.64,3.65,-9999.00,-9999.00,-9999.00,1.148
58244,3266.68,2808.00,734.49,77.61,2.74,-9999.00,-9999.00,-9999.00,1.143
58245,3163.19,2816.69,792.72,86.32,3.13,-9999.00,-9999.00,-9999.00,1.142
58246,3253.68,2862.34,791.94,92.13,3.55,-9999.00,-9999.00,-9999.00,1.144
58247,3243.05,2885.20,802.62,85.84,3.09,-9999.00,-9999.00,-9999.00,1.147
58248,3424.72,2921.08,821.01,84.50,2.99,-9999.00,-9999.00,-9999.00,1.146
58249,3289.51,2953.85,725.85,75.07,2.67,-9999.00,-9999.00,-9999.00,1.144
58250,3311.13,2964.36,705.98,75.45,2.74,-9999.00,-9999.00,-9999.00,1.147
58251,3188.55,2975.98,783.91,86.83,3.33,-9999.00,-9999.00,-9999.00,1.144
58252,3157.80,2967.44,737.54,77.37,2.85,-9999.00,-9999.00,-9999.00,1.143
58253,3199.71,2953.58,712.54,72.92,2.58,-9999.00,-9999.00,-9999.00,1.146
58254,3160.66,2981.97,827.99,88.79,3.26,-9999.00,-9999.00,-9999.00,1.145
58255,3298.29,2985.24,883.65,96.92,3.71,-9999.00,-9999.00,-9999.00,1.146
58256,3143.92,3020.85,791.35,83.49,2.99,-9999.00,-9999.00,-9999.00,1.143
58257,3008.78,2997.60,711.71,77.28,2.79,-9999.00,-9999.00,-9999.00,1.146
58258,3060.53,2926.49,740.50,79.63,2.84,-9999.00,-9999.00,-9999.00,1.146
58259,3139.20,2882.25,847.47,94.11,3.46,-9999.00,-9999.00,-9999.00,1.146
58260,3038.07,2881.70,798.14,83.93,3.04,-9999.00,-9999.00,-9999.00,1.147
58261,3020.60,2919.91,761.01,86.70,3.27,-9999.00,-9999.00,-9999.00,1.144
58262,3118.55,2917.35,742.31,79.92,2.82,-9999.00,-9999.00,-9999.00,1.144
58263,3008.69,2930.40,772.46,78.94,2.73,-9999.00,-9999.00,-9999.00,1.144
58264,3150.15,2882.05,693.76,73.66,2.64,-9999.00,-9999.00,-9999.00,1.150
58265,3284.34,2949.20,794.28,87.48,3.25,-9999.00,-9999.00,-9999.00,1.146
58266,3149.61,2948.57,808.55,82.09,2.82,-9999.00,-9999.00,-9999.00,1.144
58267,3218.15,2983.49,824.31,94.47,3.66,-9999.00,-9999.00,-9999.00,1.148
58268,3136.56,2946.80,743.96,75.76,2.63,-9999.00,-9999.00,-9999.00,1.147
58269,3227.89,2937.49,822.90,91.88,3.42,-9999.00,-9999.00,-9999.00,1.145
58270,3142.55,2952.43,786.60,86.59,3.19,-9999.00,-9999.00,-9999.00,1.142
58271,3110.52,2953.87,673.36,73.37,2.65,-9999.00,-9999.00,-9999.00,1.145
58272,3086.89,2941.49,740.12,80.23,2.86,-9999.00,-9999.00,-9999.00,1.144
58273,2994.07,2927.04,740.56,77.08,2.72,-9999.00,-9999.00,-9999.00,1.145
58274,2970.30,2936.80,814.73,92.64,3.44,-9999.00,-9999.00,-9999.00,1.146
58275,2994.53,2871.62,829.41,92.48,3.46,-9999.00,-9999.00,-9999.00,1.147
58276,3050.29,2826.83,751.46,79.78,2.94,-9999.00,-9999.00,-9999.00,1.145
58277,3173.02,2882.53,765.04,84.54,3.14,-9999.00,-9999.00,-9999.00,1.144
58278,3307.22,2938.51,778.29,85.60,3.19,-9999.00,-9999.00,-9999.00,1.147
58279,3215.45,3148.46,828.02,90.13,3.27,-9999.00,-9999.00,-9999.00,1.145
58280,3416.69,3159.88,826.40,90.11,3.29,-9999.00,-9999.00,-9999.00,1.147
58281,3554.05,3006.41,783.37,83.70,3.02,-9999.00,-9999.00,-9999.00,1.142
58282,3670.77,3335.03,746.12,82.63,3.02,-9999.00,-9999.00,-9999.00,1.146
58283,3809.39,3396.05,666.61,73.94,2.71,-9999.00,-9999.00,-9999.00,1.147
58284,4024.56,3465.59,819.97,91.84,3.41,-9999.00,-9999.00,-9999.00,1.144
58285,4156.82,3562.99,783.08,86.52,3.17,-9999.00,-9999.00,-9999.00,1.143
58286,4672.97,3642.00,632.46,71.10,2.67,-9999.00,-9999.00,-9999.00,1.144
58287,4746.89,3786.35,672.30,70.48,2.47,-9999.00,-9999.00,-9999.00,1.148
58288,5309.14,4021.06,882.05,95.90,3.43,-9999.00,-9999.00,-9999.00,1.144
58289,5575.33,4545.35,734.65,79.75,2.91,-9999.00,-9999.00,-9999.00,1.145
58290,4594.06,5152.95,718.33,77.36,2.78,-9999.00,-9999.00,-9999.00,1.143
58291,3835.22,4994.70,817.84,88.37,3.17,-9999.00,-9999.00,-9999.00,1.148
58292,3856.82,3912.56,966.43,101.19,3.58,-9999.00,-9999.00,-9999.00,1.145
58293,4375.06,3705.40,855.10,91.78,3.30,-9999.00,-9999.00,-9999.00,1.147
58294,4359.14,3934.41,731.32,77.31,2.75,-9999.00,-9999.00,-9999.00,1.148
58295,4254.09,4186.75,679.11,73.43,2.72,-9999.00,-9999.00,-9999.00,1.145
58296,4422.70,4142.08,446.84,48.55,1.76,-9999.00,-9999.00,-9999.00,1.144
58297,4358.65,4045.72,638.83,75.66,3.13,-9999.00,-9999.00,-9999.00,1.147
58298,4503.75,4012.03,909.35,97.80,3.52,-9999.00,-9999.00,-9999.00,1.149
58299,4485.05,4036.55,831.21,88.26,3.21,-9999.00,-9999.00,-9999.00,1.147
58300,59637.24,3811.40,641.03,70.34,2.54,-9999.00,-9999.00,-9999.00,1.149
58301,205985.85,9963.45,660.21,74.21,2.79,-9999.00,-9999.00,-9999.00,1.146
58302,267756.43,44476.70,788.04,88.58,3.33,-9999.00,-9999.00,-9999.00,1.147
58303,50377.48,59221.53,770.35,83.36,3.02,-9999.00,-9999.00,-9999.00,1.145
58304,4903.43,33920.96,788.84,84.10,3.04,-9999.00,-9999.00,-9999.00,1.147
58305,4881.70,5788.63,751.06,81.95,3.00,-9999.00,-9999.00,-9999.00,1.145
58306,5338.23,4051.24,802.94,88.49,3.31,-9999.00,-9999.00,-9999.00,1.144
58307,5093.38,4402.37,755.31,86.02,3.26,-9999.00,-9999.00,-9999.00,1.145
58308,5692.39,4656.40,1042.81,116.99,4.42,-9999.00,-9999.00,-9999.00,1.145
58309,5756.61,4728.25,946.55,107.27,4.00,-9999.00,-9999.00,-9999.00,1.149
58310,6232.09,4676.87,727.80,80.31,2.97,-9999.00,-9999.00,-9999.00,1.146
58311,5398.36,4995.16,691.97,77.90,2.91,-9999.00,-9999.00,-9999.00,1.145
58312,5243.31,4873.59,626.12,75.58,3.19,-9999.00,-9999.00,-9999.00,1.149
58313,6266.05,4464.56,638.94,70.37,2.58,-9999.00,-9999.00,-9999.00,1.147
58314,5995.29,4899.14,808.70,85.82,3.08,-9999.00,-9999.00,-9999.00,1.148
58315,6009.82,5191.32,743.31,78.62,2.79,-9999.00,-9999.00,-9999.00,1.146
58316,5831.08,5317.23,675.10,73.96,2.79,-9999.00,-9999.00,-9999.00,1.145
58317,5842.43,5473.08,902.38,100.50,3.69,-9999.00,-9999.00,-9999.00,1.148
58318,5632.69,5419.92,774.08,88.35,3.29,-9999.00,-9999.00,-9999.00,1.147
58319,8404.81,5416.68,649.12,71.76,2.91,-9999.00,-9999.00,-9999.00,1.147
58320,8428.90,6204.29,743.81,80.84,2.98,-9999.00,-9999.00,-9999.00,1.145
58321,7729.75,7528.40,838.65,90.01,3.35,-9999.00,-9999.00,-9999.00,1.146
58322,8795.01,7252.81,770.94,87.80,3.53,-9999.00,-9999.00,-9999.00,1.144
58323,10208.11,7394.76,874.49,96.55,3.80,-9999.00,-9999.00,-9999.00,1.149
58324,10669.57,8315.83,1065.96,117.65,4.38,-9999.00,-9999.00,-9999.00,1.148
58325,11383.15,9218.12,1039.47,116.38,4.43,-9999.00,-9999.00,-9999.00,1.149
58326,12970.38,9347.62,623.81,68.91,2.61,-9999.00,-9999.00,-9999.00,1.148
58327,12741.46,10025.52,576.67,62.96,2.28,-9999.00,-9999.00,-9999.00,1.149
58328,11612.27,10618.53,689.34,78.26,3.16,-9999.00,-9999.00,-9999.00,1.146
58329,11289.30,10439.81,794.22,88.95,3.40,-9999.00,-9999.00,-9999.00,1.145
58330,11625.90,10284.45,739.84,79.82,2.85,-9999.00,-9999.00,-9999.00,1.147
58331,12149.07,10421.45,721.43,76.84,2.78,-9999.00,-9999.00,-9999.00,1.144
58332,11921.18,10639.93,976.45,111.98,4.39,-9999.00,-9999.00,-9999.00,1.149
58333,11688.59,10686.71,810.66,85.29,3.01,-9999.00,-9999.00,-9999.00,1.143
58334,10955.88,10632.34,910.59,92.67,3.19,-9999.00,-9999.00,-9999.00,1.147
58335,9940.28,10296.48,714.67,80.23,2.99,-9999.00,-9999.00,-9999.00,1.148
58336,8877.42,9568.01,809.12,90.12,3.39,-9999.00,-9999.00,-9999.00,1.148
58337,8779.87,8534.75,900.15,94.78,3.53,-9999.00,-9999.00,-9999.00,1.144
58338,9041.36,8393.16,804.27,85.93,3.16,-9999.00,-9999.00,-9999.00,1.144
58339,9374.34,8581.04,624.94,67.22,2.40,-9999.00,-9999.00,-9999.00,1.147
58340,10133.68,8900.31,733.44,80.30,2.99,-9999.00,-9999.00,-9999.00,1.145
58341,9837.47,9492.88,1063.82,114.29,4.28,-9999.00,-9999.00,-9999.00,1.147
58342,10913.44,8966.60,987.69,108.66,3.92,-9999.00,-9999.00,-9999.00,1.150
58343,12260.36,9473.91,870.18,100.54,3.90,-9999.00,-9999.00,-9999.00,1.150
58344,11500.41,10182.89,750.89,81.36,2.95,-9999.00,-9999.00,-9999.00,1.152
58345,10765.76,9847.14,736.27,88.16,3.87,-9999.00,-9999.00,-9999.00,1.150
58346,12043.62,9646.15,459.71,51.45,1.94,-9999.00,-9999.00,-9999.00,1.149
58347,11576.04,9935.16,372.53,42.17,1.55,-9999.00,-9999.00,-9999.00,1.145
58348,11974.06,9534.49,712.17,85.56,3.52,-9999.00,-9999.00,-9999.00,1.148
58349,13438.22,9227.58,1085.25,118.70,4.38,-9999.00,-9999.00,-9999.00,1.145
58350,12414.57,9775.07,1035.68,110.63,3.96,-9999.00,-9999.00,-9999.00,1.148
58351,12067.49,10235.02,980.98,108.06,4.02,-9999.00,-9999.00,-9999.00,1.144
58352,10528.06,10049.00,968.45,104.39,3.75,-9999.00,-9999.00,-9999.00,1.144
58353,9909.80,9620.30,1074.68,120.82,4.50,-9999.00,-9999.00,-9999.00,1.147
58354,8294.14,8983.47,1049.05,115.43,4.34,-9999.00,-9999.00,-9999.00,1.151
58355,7684.02,8251.15,999.99,110.55,4.15,-9999.00,-9999.00,-9999.00,1.149
58356,7363.55,7196.19,939.24,104.79,3.89,-9999.00,-9999.00,-9999.00,1.145
58357,7415.89,6722.40,692.46,79.74,3.03,-9999.00,-9999.00,-9999.00,1.145
58358,6941.72,6729.67,531.71,58.89,2.16,-9999.00,-9999.00,-9999.00,1.145
58359,7545.06,6607.51,795.68,94.17,3.89,-9999.00,-9999.00,-9999.00,1.145
58360,12476.67,6405.43,893.60,101.86,3.97,-9999.00,-9999.00,-9999.00,1.144
58361,26150.07,8354.72,963.16,104.88,3.78,-9999.00,-9999.00,-9999.00,1.147
58362,27531.25,16873.99,1248.97,142.04,5.37,-9999.00,-9999.00,-9999.00,1.149
58363,26977.70,20623.45,1007.08,109.18,3.93,-9999.00,-9999.00,-9999.00,1.145
58364,19471.19,22044.97,655.94,68.34,2.44,-9999.00,-9999.00,-9999.00,1.147
58365,18982.74,18871.08,411.49,45.75,1.73,-9999.00,-9999.00,-9999.00,1.147
58366,41910.52,15047.66,740.66,85.03,3.38,-9999.00,-9999.00,-9999.00,1.148
58367,30907.14,24681.24,947.09,109.40,4.43,-9999.00,-9999.00,-9999.00,1.145
58368,32178.63,30070.38,1078.40,122.38,4.59,-9999.00,-9999.00,-9999.00,1.147
58369,27844.70,22609.90,1095.20,117.48,4.38,-9999.00,-9999.00,-9999.00,1.149
58370,14840.79,24660.26,799.98,90.75,3.46,-9999.00,-9999.00,-9999.00,1.146
58371,12163.20,15287.69,602.31,67.12,2.49,-9999.00,-9999.00,-9999.00,1.150
58372,7950.19,11246.07,691.80,72.42,2.63,-9999.00,-9999.00,-9999.00,1.151
58373,10066.82,7265.52,906.39,100.00,3.64,-9999.00,-9999.00,-9999.00,1.145
58374,12156.04,7494.36,811.21,85.08,3.01,-9999.00,-9999.00,-9999.00,1.151
58375,6100.29,9300.99,742.89,80.68,2.93,-9999.00,-9999.00,-9999.00,1.146
58376,5168.50,7691.36,776.51,81.92,2.90,-9999.00,-9999.00,-9999.00,1.148
58377,5044.28,4585.70,791.72,92.68,3.52,-9999.00,-9999.00,-9999.00,1.145
58378,5318.03,4480.11,668.06,70.34,2.53,-9999.00,-9999.00,-9999.00,1.144
58379,5684.92,4679.73,763.96,78.14,2.76,-9999.00,-9999.00,-9999.00,1.146
58380,7159.54,4876.95,807.36,90.79,3.45,-9999.00,-9999.00,-9999.00,1.146
58381,5995.58,5829.03,964.11,109.57,4.18,-9999.00,-9999.00,-9999.00,1.143
58382,5211.73,5589.56,1071.44,118.29,4.42,-9999.00,-9999.00,-9999.00,1.145
58383,4745.61,5056.80,925.20,100.90,3.74,-9999.00,-9999.00,-9999.00,1.147
58384,4145.96,4669.78,815.26,92.81,3.53,-9999.00,-9999.00,-9999.00,1.143
58385,4049.00,4060.15,630.02,64.71,2.28,-9999.00,-9999.00,-9999.00,1.144
58386,3891.08,3701.54,664.81,71.72,2.66,-9999.00,-9999.00,-9999.00,1.144
58387,4245.24,3743.84,720.22,75.60,2.74,-9999.00,-9999.00,-9999.00,1.145
58388,4325.97,3749.18,847.79,88.31,3.16,-9999.00,-9999.00,-9999.00,1.144
58389,4633.27,3888.83,1021.23,113.24,4.24,-9999.00,-9999.00,-9999.00,1.147
58390,5077.80,3875.16,870.01,97.12,3.79,-9999.00,-9999.00,-9999.00,1.143
58391,3800.86,4681.41,679.42,71.75,2.59,-9999.00,-9999.00,-9999.00,1.147
58392,3846.86,3936.06,645.55,71.43,2.69,-9999.00,-9999.00,-9999.00,1.146
58393,3711.26,3521.80,727.36,76.15,2.70,-9999.00,-9999.00,-9999.00,1.145
58394,3947.52,3436.01,791.64,84.21,3.08,-9999.00,-9999.00,-9999.00,1.147
58395,3898.87,3510.09,958.94,106.30,3.96,-9999.00,-9999.00,-9999.00,1.145
58396,3215.08,3782.45,935.79,103.77,3.82,-9999.00,-9999.00,-9999.00,1.144
58397,3094.16,3428.06,754.56,80.92,3.00,-9999.00,-9999.00,-9999.00,1.147
58398,2962.08,2995.49,737.48,80.00,2.94,-9999.00,-9999.00,-9999.00,1.145
58399,3162.63,2951.05,760.59,83.88,3.06,-9999.00,-9999.00,-9999.00,1.147
58400,3031.49,2942.33,710.81,74.64,2.65,-9999.00,-9999.00,-9999.00,1.146
58401,3219.40,2918.63,736.34,81.72,2.96,-9999.00,-9999.00,-9999.00,1.146
58402,3241.33,2918.31,833.70,96.18,3.93,-9999.00,-9999.00,-9999.00,1.146
58403,3309.77,2942.02,797.85,88.65,3.39,-9999.00,-9999.00,-9999.00,1.144
58404,3446.42,2933.36,721.14,79.49,2.92,-9999.00,-9999.00,-9999.00,1.147
58405,3207.38,2995.05,729.33,77.12,2.75,-9999.00,-9999.00,-9999.00,1.145
58406,2999.24,2988.05,635.16,71.51,2.69,-9999.00,-9999.00,-9999.00,1.144
58407,3102.48,2956.87,594.94,64.08,2.39,-9999.00,-9999.00,-9999.00,1.145
58408,3213.50,2888.79,634.15,68.17,2.48,-9999.00,-9999.00,-9999.00,1.143
58409,3367.67,2964.89,720.95,78.55,2.91,-9999.00,-9999.00,-9999.00,1.146
58410,3185.65,2984.45,758.42,85.68,3.19,-9999.00,-9999.00,-9999.00,1.144
58411,2998.68,2976.31,730.91,79.01,2.86,-9999.00,-9999.00,-9999.00,1.144
58412,3055.22,2965.68,750.18,81.62,3.01,-9999.00,-9999.00,-9999.00,1.144
58413,3043.35,2965.03,758.75,80.08,2.86,-9999.00,-9999.00,-9999.00,1.142
58414,3064.42,2963.77,765.55,81.89,2.97,-9999.00,-9999.00,-9999.00,1.145
