NASA Intern/Datasets/LARGE/SASA-LARGE-OPTICAL_P3B_20220712_RA_L1.ict
87,1001
Richard Moore, Luke Ziemba, Edward Winstead, Michael Shook, Claire Robinson, John Barrick, Bruce Anderson, and Ali Omar
NASA Langley
In-situ optical aerosol measurements from the NASA P3B
NASA SASA
1,1
2022,07,12,2022,07,13
1.0
Time_Mid,Secs after midnight,Time of acquisition
19
1,1,1,1,1,1,1,1,1,1,1,1,1,1,1,1,1,1,1
-9999,-9999,-9999,-9999,-9999,-9999,-9999,-9999,-9999,-9999,-9999,-9999,-9999,-9999,-9999,-9999,-9999,-9999,-9999
Sc550_total_amb, Mm-1, AerOpt_Scattering_InSitu_Green_RHa_Bulk_STP, scattering coefficient of ambient  particles at 550nm
Sc450_total, Mm-1, AerOpt_Scattering_InSitu_Blue_RHd_Bulk_STP, Dry Scattering at 450nm (Total Aerosols)
Sc550_total, Mm-1, AerOpt_Scattering_InSitu_Green_RHd_Bulk_STP, Dry Scattering at 550nm (Total Aerosols)
Sc700_total, Mm-1, AerOpt_Scattering_InSitu_Red_RHd_Bulk_STP, Dry Scattering at 700nm (Total Aerosols)
Abs470_total, Mm-1, AerOpt_Absorption_InSitu_Blue_RHd_Bulk_STP, Dry absorption at 470nm (Total Aerosols)
Abs532_total, Mm-1, AerOpt_Absorption_InSitu_Green_RHd_Bulk_STP, Dry absorption at 532nm (Total Aerosols)
Abs660_total, Mm-1, AerOpt_Absorption_InSitu_Red_RHd_Bulk_STP, Dry absorption at 660nm (Total Aerosols)
Ext532_total_amb, Mm-1, AerOpt_Extinction_InSitu_Green_RHa_Bulk_STP, extinction coefficient of aerosols at 532nm for AMBIENT relative humidity
Ext532_total_dry, Mm-1, AerOpt_Extinction_InSitu_Green_RHd_Bulk_STP, extinction coefficient of aerosols at 532nm for DRY relative humidity
gamma550, unitless, AerOpt_Gamma_InSitu_Green_None_Bulk_STP, derived hygroscopic growth factor for particles at 550nm
fRH550_RH20to80, unitless, AerOpt_fRHScat_InSitu_Green_RHsp_Bulk_STP, derived hygroscopic growth parameter for particles at 550nm
AEscatAMB_450to700nm,unitless, AerOpt_AngstromExponentScat_InSitu_BluetoRed_RHa_Bulk_STP, derived ambient Angstrom Exponent for scattering coefficient over wavelength range from 450nm to 700nm
AEscatDRY_450to700nm,unitless, AerOpt_AngstromExponentScatInSitu_BluetoRed_RHd_Bulk_STP, derived dry Angstrom Exponent for scattering coefficient over wavelength range from 450nm to 700nm
AEabsDRY_470to660nm,unitless, AerOpt_AngstromExponentAbs_InSitu_BluetoRed_RHd_Bulk_STP, derived dry Angstrom Exponent for absorption coefficient over wavelength range from 450nm to 700nm
SSA_dry_450nm,unitless, AerOpt_SSA_InSitu_Blue_RHd_Bulk_STP, single_scattering_albedo_at_450nm_as_derived_from_dry_scattering_and_absorption
SSA_dry_550nm,unitless, AerOpt_SSA_InSitu_Green_RHd_Bulk_STP, single_scattering_albedo_at_550nm_as_derived_from_dry_scattering_and_absorption
SSA_dry_700nm,unitless, AerOpt_SSA_InSitu_Red_RHd_Bulk_STP, single_scattering_albedo_at_700nm_as_derived_from_dry_scattering_and_absorption
SSA_amb_550nm,unitless, AerOpt_SSA_InSitu_Green_RHa_Bulk_STP, single_scattering_albedo_at_550nm_as_derived_from_ambient_scattering_and_absorption
stdPT,unitless, None, Conversion factor to convert between ambient and standard pressure and temperature conditions
0
54
******************************************************************************************************************
Langley Aerosol data from the 2022 SASA field campaign
 
PI_CONTACT_INFO: richard.h.moore@nasa.gov
PLATFORM: NASA P3B aircraft
LOCATION: Latitude, Longitude, and Altitude included in MetNav files
ASSOCIATED_DATA: N/A
[...]
ANGSTROM EXPONENT AND SSA CALCULATIONS: 
	- The Absorption coefficients were corrected to the wavelengths of the TSI nepholometer using the measured angstrom exponents
	- The scattering and absorption coefficients were smoothed with a 30s running average to compute the SSA and AE
	- Ambient SSA is calculated with ambient scattering and dry absorption
	- SSA is computed only when both scattering and absorption are greater than 1 Mm-1
	- Scattering Angstrom Exponents are computed only when relevant scattering measurements are greater than 1 Mm-1
	- Absorption Angstrom Exponents are computed only when relevant absorption measurements are greater than 2 Mm-1
DATA_INFO: Aerosol measurements are reported at standard temperature and pressure (0 deg C, 1013 mb)
UNCERTAINTY: all data are 5%
ULOD_FLAG: -7777
ULOD_VALUE: N/A
LLOD_FLAG: -8888
LLOD_VALUE: N/A
DM_CONTACT_INFO: Michael Shook (michael.shook@nasa.gov)
PROJECT_INFO: SASA 2022
STIPULATIONS_ON_USE: This is FIELD data. Please consult the PI and/or DM prior to use.
OTHER_COMMENTS: Ambient calculations currently use RH data from field Hsking files. Once available, calculations will be updated with final MetNav data.
REVISION: RA
RA: None
******************************************************************************************************************
Time_Mid,Sc550_total_amb,Sc450_total,Sc550_total,Sc700_total,Abs470_total,Abs532_total,Abs660_total,Ext532_total_amb,Ext532_total_dry,gamma550,fRH550_RH20to80,AEscatAMB_450to700nm,AEscatDRY_450to700nm,AEabsDRY_470to660nm,SSA_dry_450nm,SSA_dry_550nm,SSA_dry_700nm,SSA_amb_550nm,stdPT
[from data line 12170]
61510,-9999.00,32.61,17.62,8.98,1.94,1.71,-0.24,-9999.00,20.83,-9999.00,-9999.00,-9999,3.07,-9999,-9999,-9999,-9999,-9999,1.225
61511,-9999.00,34.06,18.29,8.58,1.06,0.54,-0.23,-9999.00,20.38,-9999.00,-9999.00,-9999,3.06,-9999,-9999,-9999,-9999,-9999,1.224
61512,-9999.00,32.79,18.33,6.86,-0.58,-0.31,-0.65,-9999.00,19.58,-9999.00,-9999.00,-9999,3.05,-9999,-9999,-9999,-9999,-9999,1.223
61513,-9999.00,33.11,18.92,7.61,-0.58,-0.39,0.63,-9999.00,20.14,-9999.00,-9999.00,-9999,3.08,-9999,-9999,-9999,-9999,-9999,1.222
61514,-9999.00,33.39,19.47,8.35,0.55,0.59,2.28,-9999.00,21.73,-9999.00,-9999.00,-9999,3.08,-9999,-9999,-9999,-9999,-9999,1.221
61515,-9999.00,29.25,19.15,8.19,1.80,2.05,1.99,-9999.00,22.84,-9999.00,-9999.00,-9999,3.11,-9999,-9999,-9999,-9999,-9999,1.221
61516,-9999.00,28.63,18.67,7.78,1.81,2.13,2.23,-9999.00,22.44,-9999.00,-9999.00,-9999,3.12,-9999,-9999,-9999,-9999,-9999,1.220
61517,-9999.00,28.05,18.22,7.40,0.36,0.62,1.35,-9999.00,20.43,-9999.00,-9999.00,-9999,3.10,-9999,-9999,-9999,-9999,-9999,1.220
61518,-9999.00,28.06,19.49,11.82,-0.10,0.25,0.31,-9999.00,21.44,-9999.00,-9999.00,-9999,3.06,-9999,-9999,-9999,-9999,-9999,1.219
61519,-9999.00,27.51,19.85,7.36,2.31,2.33,1.58,-9999.00,23.91,-9999.00,-9999.00,-9999,3.01,-9999,-9999,-9999,-9999,-9999,1.218
61520,-9999.00,28.81,19.32,9.09,1.97,3.09,1.01,-9999.00,24.09,-9999.00,-9999.00,-9999,3.00,-9999,-9999,-9999,-9999,-9999,1.219
61521,-9999.00,27.55,21.11,7.78,-0.52,0.56,-1.06,-9999.00,23.49,-9999.00,-9999.00,-9999,3.00,-9999,-9999,-9999,-9999,-9999,1.218
61522,-9999.00,29.82,22.62,10.20,-1.09,-1.20,0.35,-9999.00,23.36,-9999.00,-9999.00,-9999,2.99,-9999,-9999,-9999,-9999,-9999,1.217
61523,-9999.00,30.22,20.92,8.70,-0.28,-0.76,1.75,-9999.00,21.93,-9999.00,-9999.00,-9999,2.96,-9999,-9999,-9999,-9999,-9999,1.218
61524,-9999.00,28.60,18.32,6.82,-0.64,-0.37,0.94,-9999.00,19.49,-9999.00,-9999.00,-9999,2.94,-9999,-9999,-9999,-9999,-9999,1.217
61525,-9999.00,30.41,18.38,8.09,-1.05,-0.02,0.19,-9999.00,19.90,-9999.00,-9999.00,-9999,2.92,-9999,-9999,-9999,-9999,-9999,1.216
61526,-9999.00,30.15,19.10,8.85,0.70,0.46,-1.47,-9999.00,21.16,-9999.00,-9999.00,-9999,2.92,-9999,-9999,-9999,-9999,-9999,1.215
61527,-9999.00,32.78,18.83,8.58,1.48,-0.10,-0.82,-9999.00,20.29,-9999.00,-9999.00,-9999,2.91,-9999,-9999,-9999,-9999,-9999,1.214
61528,-9999.00,31.27,21.71,8.26,0.62,0.34,1.18,-9999.00,23.84,-9999.00,-9999.00,-9999,2.90,-9999,-9999,-9999,-9999,-9999,1.214
61529,-9999.00,31.56,21.51,7.62,-0.30,1.12,2.01,-9999.00,24.40,-9999.00,-9999.00,-9999,2.88,-9999,-9999,-9999,-9999,-9999,1.213
61530,-9999.00,31.83,21.29,6.97,-0.00,0.27,2.27,-9999.00,23.30,-9999.00,-9999.00,-9999,2.88,-9999,-9999,-9999,-9999,-9999,1.214
61531,-9999.00,32.64,19.26,7.90,-0.04,-0.11,1.41,-9999.00,20.74,-9999.00,-9999.00,-9999,2.90,-9999,-9999,-9999,-9999,-9999,1.212
61532,-9999.00,33.23,17.20,9.06,-0.45,0.07,-1.34,-9999.00,18.69,-9999.00,-9999.00,-9999,2.92,-9999,-9999,-9999,-9999,-9999,1.212
61533,-9999.00,33.96,17.35,11.31,-1.14,-0.07,-2.44,-9999.00,18.73,-9999.00,-9999.00,-9999,2.95,-9999,-9999,-9999,-9999,-9999,1.210
61534,-9999.00,33.86,16.36,11.04,-1.21,0.66,0.41,-9999.00,18.39,-9999.00,-9999.00,-9999,3.01,-9999,-9999,-9999,-9999,-9999,1.210
61535,-9999.00,31.79,19.81,9.04,0.52,1.24,1.96,-9999.00,22.72,-9999.00,-9999.00,-9999,3.01,-9999,-9999,-9999,-9999,-9999,1.210
61536,-9999.00,30.65,17.64,8.73,2.15,0.85,1.10,-9999.00,20.00,-9999.00,-9999.00,-9999,3.02,-9999,-9999,-9999,-9999,-9999,1.210
61537,-9999.00,31.58,19.07,7.58,2.61,1.03,1.50,-9999.00,21.76,-9999.00,-9999.00,-9999,3.01,-9999,-9999,-9999,-9999,-9999,1.208
61538,-9999.00,32.96,19.38,9.63,0.41,0.81,1.87,-9999.00,21.91,-9999.00,-9999.00,-9999,3.02,-9999,-9999,-9999,-9999,-9999,1.209
61539,-9999.00,33.89,19.73,9.37,-1.41,-0.05,0.51,-9999.00,21.45,-9999.00,-9999.00,-9999,3.02,-9999,-9999,-9999,-9999,-9999,1.207
61540,-9999.00,34.79,20.06,9.12,-0.30,1.01,0.17,-9999.00,22.88,-9999.00,-9999.00,-9999,3.02,-9999,-9999,-9999,-9999,-9999,1.207
61541,-9999.00,28.74,16.55,8.29,2.03,1.82,1.85,-9999.00,19.86,-9999.00,-9999.00,-9999,3.03,-9999,-9999,-9999,-9999,-9999,1.206
61542,-9999.00,28.85,16.51,7.85,1.87,0.44,2.16,-9999.00,18.45,-9999.00,-9999.00,-9999,3.05,-9999,-9999,-9999,-9999,-9999,1.207
61543,-9999.00,28.94,16.45,7.41,-0.20,0.23,1.21,-9999.00,18.17,-9999.00,-9999.00,-9999,3.05,-9999,-9999,-9999,-9999,-9999,1.206
61544,-9999.00,32.58,20.36,9.17,-0.70,0.79,-0.04,-9999.00,23.03,-9999.00,-9999.00,-9999,3.05,-9999,-9999,-9999,-9999,-9999,1.205
61545,-9999.00,32.56,20.41,9.03,1.20,0.51,1.02,-9999.00,22.81,-9999.00,-9999.00,-9999,3.04,-9999,-9999,-9999,-9999,-9999,1.204
61546,-9999.00,32.63,19.67,6.93,2.36,0.51,2.58,-9999.00,22.03,-9999.00,-9999.00,-9999,3.05,-9999,-9999,-9999,-9999,-9999,1.204
61547,-9999.00,32.85,19.55,5.82,1.27,0.80,0.47,-9999.00,22.17,-9999.00,-9999.00,-9999,3.03,-9999,-9999,-9999,-9999,-9999,1.203
61548,-9999.00,29.40,17.86,4.66,1.33,1.49,0.87,-9999.00,21.00,-9999.00,-9999.00,-9999,3.05,-9999,-9999,-9999,0.887637,-9999,1.202
61549,-9999.00,29.17,18.18,5.28,0.19,1.63,2.82,-9999.00,21.47,-9999.00,-9999.00,-9999,3.06,-9999,-9999,-9999,0.872217,-9999,1.202
61550,-9999.00,34.03,21.32,9.29,-0.35,0.56,1.44,-9999.00,23.79,-9999.00,-9999.00,-9999,3.09,-9999,-9999,-9999,0.8685,-9999,1.201
61551,-9999.00,32.97,18.43,8.64,2.26,0.26,-0.43,-9999.00,20.37,-9999.00,-9999.00,-9999,3.11,-9999,-9999,-9999,0.878536,-9999,1.200
61552,-9999.00,32.09,18.69,10.50,2.91,1.78,0.21,-9999.00,22.19,-9999.00,-9999.00,-9999,3.12,-9999,-9999,-9999,0.882892,-9999,1.199
61553,-9999.00,31.22,18.33,9.53,0.91,2.00,2.33,-9999.00,22.04,-9999.00,-9999.00,-9999,3.10,-9999,-9999,-9999,0.873749,-9999,1.199
61554,-9999.00,30.72,18.24,8.98,0.46,0.27,2.12,-9999.00,20.20,-9999.00,-9999.00,-9999,3.08,-9999,-9999,0.941475,0.865641,-9999,1.199
61555,-9999.00,33.13,20.35,7.10,0.20,0.15,1.52,-9999.00,22.38,-9999.00,-9999.00,-9999,3.08,-9999,0.962,0.935,0.857,-9999,1.199
61556,-9999.00,33.23,20.42,8.28,0.04,0.79,-0.01,-9999.00,23.08,-9999.00,-9999.00,-9999,3.05,-9999,0.957,0.931,0.847,-9999,1.197
61557,-9999.00,32.57,18.53,7.50,0.73,0.97,-0.20,-9999.00,21.20,-9999.00,-9999.00,-9999,3.06,-9999,0.958,0.930,0.844,-9999,1.196
61558,-9999.00,30.39,16.32,7.52,-0.53,1.24,0.49,-9999.00,19.05,-9999.00,-9999.00,-9999,3.06,-9999,0.959,0.929,0.843,-9999,1.197
61559,-9999.00,28.15,14.10,7.63,0.02,0.28,0.64,-9999.00,15.66,-9999.00,-9999.00,-9999,3.07,-9999,0.959,0.930,0.835,-9999,1.196
61560,-9999.00,26.01,16.71,7.43,1.17,-0.12,1.58,-9999.00,18.12,-9999.00,-9999.00,-9999,3.09,-9999,0.962,0.935,0.834,-9999,1.195
61561,-9999.00,31.53,18.12,5.82,-0.54,1.56,0.97,-9999.00,21.32,-9999.00,-9999.00,-9999,3.11,-9999,0.966,0.940,0.843,-9999,1.192
61562,-9999.00,25.64,17.81,7.85,0.03,2.54,1.79,-9999.00,21.95,-9999.00,-9999.00,-9999,3.07,-9999,-9999,0.93951,0.851875,-9999,1.192
61563,-9999.00,27.01,15.98,5.64,2.15,1.90,3.36,-9999.00,19.31,-9999.00,-9999.00,-9999,3.07,-9999,0.965,0.936,0.843,-9999,1.192
61564,-9999.00,28.65,17.65,8.08,3.23,1.22,2.38,-9999.00,20.44,-9999.00,-9999.00,-9999,3.05,-9999,0.964,0.935,0.843,-9999,1.192
61565,-9999.00,26.49,16.07,6.01,1.93,0.24,0.90,-9999.00,17.75,-9999.00,-9999.00,-9999,3.07,-9999,0.957,0.928,0.846,-9999,1.191
61566,-9999.00,30.02,14.38,6.65,0.14,0.27,-1.79,-9999.00,15.95,-9999.00,-9999.00,-9999,3.10,-9999,0.949,0.915,0.824,-9999,1.190
61567,-9999.00,24.70,11.28,6.25,0.54,1.80,-0.69,-9999.00,14.11,-9999.00,-9999.00,-9999,3.12,-9999,0.949,0.907,0.794,-9999,1.189
61568,-9999.00,26.44,14.81,8.41,2.23,3.77,4.63,-9999.00,19.93,-9999.00,-9999.00,-9999,3.17,-9999,0.952,0.908,0.783,-9999,1.187
61569,-9999.00,25.74,15.12,9.47,4.17,4.54,4.57,-9999.00,21.05,-9999.00,-9999.00,-9999,3.17,-9999,0.954,0.912,0.791,-9999,1.186
61570,-9999.00,27.50,17.13,8.16,4.79,3.62,3.14,-9999.00,22.32,-9999.00,-9999.00,-9999,3.16,-9999,0.955,0.915,0.793,-9999,1.187
61571,-9999.00,24.38,17.54,9.26,3.34,3.62,3.95,-9999.00,22.77,-9999.00,-9999.00,-9999,3.13,-9999,0.954,0.910,0.790,-9999,1.186
61572,-9999.00,27.54,13.53,6.99,1.50,2.50,2.36,-9999.00,17.27,-9999.00,-9999.00,-9999,3.12,-9999,0.949,0.902,0.777,-9999,1.187
61573,-9999.00,22.93,14.01,6.72,0.60,0.57,2.44,-9999.00,15.87,-9999.00,-9999.00,-9999,3.10,-9999,0.947,0.900,0.765,-9999,1.186
61574,-9999.00,22.66,13.82,4.70,-0.97,-0.69,3.51,-9999.00,14.38,-9999.00,-9999.00,-9999,3.08,-9999,0.947,0.905,0.772,-9999,1.185
61575,-9999.00,26.19,16.05,5.05,-3.20,-2.39,-0.46,-9999.00,15.10,-9999.00,-9999.00,-9999,3.06,-9999,0.950,0.911,0.782,-9999,1.184
61576,-9999.00,26.74,17.93,5.73,-3.13,-2.56,-2.73,-9999.00,16.98,-9999.00,-9999.00,-9999,3.05,-9999,0.953,0.914,0.786,-9999,1.185
61577,-9999.00,23.48,18.88,8.58,1.70,0.49,-0.22,-9999.00,21.05,-9999.00,-9999.00,-9999,3.02,-9999,0.951,0.912,0.788,-9999,1.183
61578,-9999.00,25.76,15.12,4.06,2.81,2.37,2.99,-9999.00,18.88,-9999.00,-9999.00,-9999,3.03,-9999,0.951,0.913,0.796,-9999,1.182
61579,-9999.00,25.68,16.97,5.63,2.28,2.63,1.06,-9999.00,21.14,-9999.00,-9999.00,-9999,3.02,-9999,0.951,0.910,0.796,-9999,1.180
61580,-9999.00,27.46,14.57,3.27,6.07,5.57,1.54,-9999.00,21.46,-9999.00,-9999.00,-9999,3.01,-9999,0.942,0.893,0.768,-9999,1.180
61581,-9999.00,27.24,14.41,4.34,6.57,8.00,7.72,-9999.00,23.71,-9999.00,-9999.00,-9999,3.01,-9999,0.931,0.874,0.734,-9999,1.179
61582,-9999.00,27.21,15.25,5.12,2.23,4.91,9.48,-9999.00,21.52,-9999.00,-9999.00,-9999,3.00,-1.17,0.926,0.865,0.711,-9999,1.179
61583,-9999.00,29.42,15.17,5.28,-0.51,0.90,2.59,-9999.00,17.39,-9999.00,-9999.00,-9999,3.03,-1.20,0.926,0.865,0.706,-9999,1.179
61584,-9999.00,29.96,17.64,9.21,-0.51,-0.96,-0.57,-9999.00,18.20,-9999.00,-9999.00,-9999,3.04,-1.16,0.931,0.873,0.724,-9999,1.177
61585,-9999.00,28.30,16.67,8.97,-0.93,-1.28,1.54,-9999.00,16.82,-9999.00,-9999.00,-9999,3.07,-9999,0.948,0.895,0.747,-9999,1.175
61586,-9999.00,26.60,15.66,8.72,1.46,2.83,2.90,-9999.00,19.84,-9999.00,-9999.00,-9999,3.09,-9999,0.962,0.913,0.763,-9999,1.176
61587,-9999.00,31.75,19.28,8.51,4.21,5.56,4.85,-9999.00,26.52,-9999.00,-9999.00,-9999,3.14,-9999,0.961,0.914,0.764,-9999,1.176
61588,-9999.00,31.58,19.31,9.01,2.31,2.43,4.66,-9999.00,23.41,-9999.00,-9999.00,-9999,3.15,-9999,0.960,0.913,0.771,-9999,1.176
61589,-9999.00,31.08,19.11,10.34,-0.52,-1.59,-1.05,-9999.00,19.18,-9999.00,-9999.00,-9999,3.18,-9999,0.962,0.914,0.780,-9999,1.175
61590,-9999.00,31.02,18.33,9.86,-2.15,-3.43,-2.66,-9999.00,16.50,-9999.00,-9999.00,-9999,3.17,-9999,0.960,0.911,0.777,-9999,1.175
61591,-9999.00,29.00,17.77,8.84,-1.30,-1.50,0.61,-9999.00,17.84,-9999.00,-9999.00,-9999,3.15,-9999,0.954,0.903,0.767,-9999,1.173
61592,-9999.00,27.10,17.28,7.88,0.77,2.19,0.77,-9999.00,21.01,-9999.00,-9999.00,-9999,3.10,-9999,0.949,0.898,0.764,-9999,1.170
61593,-9999.00,27.86,14.23,7.91,-0.26,2.04,-1.17,-9999.00,17.56,-9999.00,-9999.00,-9999,3.12,-9999,0.955,0.902,0.769,-9999,1.168
61594,-9999.00,29.61,18.56,7.32,2.28,3.88,3.81,-9999.00,24.14,-9999.00,-9999.00,-9999,3.07,-9999,0.963,0.911,0.791,-9999,1.168
61595,-9999.00,34.03,21.67,9.89,11.60,12.46,13.62,-9999.00,36.15,-9999.00,-9999.00,-9999,3.06,-9999,0.967,0.917,0.798,-9999,1.166
61596,-9999.00,39.64,24.33,9.74,13.85,14.67,17.01,-9999.00,41.28,-9999.00,-9999.00,-9999,3.05,-9999,0.970,0.923,0.793,-9999,1.167
61597,-9999.00,41.02,24.22,10.23,5.78,8.20,10.48,-9999.00,34.69,-9999.00,-9999.00,-9999,3.04,-9999,0.972,0.926,0.794,-9999,1.168
61598,-9999.00,36.99,25.44,6.82,1.47,4.13,1.76,-9999.00,31.94,-9999.00,-9999.00,-9999,3.04,-9999,0.967,0.922,0.802,-9999,1.168
61599,-9999.00,42.01,25.65,10.79,-1.81,-1.05,-2.83,-9999.00,26.96,-9999.00,-9999.00,-9999,3.01,-9999,0.962,0.917,0.804,-9999,1.168
61600,-9999.00,41.80,25.70,11.16,-11.55,-10.04,-5.81,-9999.00,18.01,-9999.00,-9999.00,-9999,3.01,-9999,0.961,0.916,0.801,-9999,1.167
61601,-9999.00,39.94,23.93,8.80,-8.54,-8.20,-3.73,-9999.00,17.91,-9999.00,-9999.00,-9999,3.01,-9999,0.962,0.919,0.803,-9999,1.166
61602,-9999.00,39.68,23.86,8.56,4.93,3.50,3.36,-9999.00,29.50,-9999.00,-9999.00,-9999,3.01,-9999,0.963,0.923,0.808,-9999,1.164
61603,-9999.00,39.52,24.51,8.27,3.36,4.39,-0.21,-9999.00,31.11,-9999.00,-9999.00,-9999,3.00,-9999,0.969,0.929,0.820,-9999,1.165
61604,-9999.00,39.76,21.31,8.30,-0.90,0.49,-0.87,-9999.00,23.73,-9999.00,-9999.00,-9999,3.01,-9999,0.974,0.934,0.833,-9999,1.162
61605,-9999.00,38.98,23.28,9.05,1.57,2.04,6.34,-9999.00,27.45,-9999.00,-9999.00,-9999,3.02,-9999,0.974,0.932,0.830,-9999,1.162
61606,-9999.00,40.20,20.52,11.34,3.85,4.29,5.57,-9999.00,26.68,-9999.00,-9999.00,-9999,3.02,-9999,0.971,0.926,0.822,-9999,1.163
61607,-9999.00,41.08,23.12,14.52,2.05,2.14,1.67,-9999.00,27.36,-9999.00,-9999.00,-9999,3.05,-9999,0.974,0.928,0.825,-9999,1.162
61608,-9999.00,40.94,22.93,11.16,-3.56,-2.40,-1.58,-9999.00,22.61,-9999.00,-9999.00,-9999,3.05,-9999,-9999,0.936176,0.834435,-9999,1.162
61609,-9999.00,40.59,22.53,13.21,-5.69,-3.92,-4.43,-9999.00,20.64,-9999.00,-9999.00,-9999,3.06,-9999,-9999,0.939072,0.834011,-9999,1.160
61610,-9999.00,38.27,18.61,9.74,-1.19,-1.59,-1.23,-9999.00,18.70,-9999.00,-9999.00,-9999,3.06,-9999,0.972,0.937,0.832,-9999,1.161
61611,-9999.00,41.62,21.79,9.05,3.05,1.63,5.61,-9999.00,25.39,-9999.00,-9999.00,-9999,3.06,-9999,-9999,0.94519,0.847538,-9999,1.160
61612,-9999.00,42.62,23.72,9.40,5.34,6.10,8.26,-9999.00,31.96,-9999.00,-9999.00,-9999,3.04,-9999,-9999,0.960078,0.879658,-9999,1.159
61613,-9999.00,43.42,25.57,9.71,7.75,8.93,6.85,-9999.00,36.80,-9999.00,-9999.00,-9999,3.02,-9999,-9999,-9999,0.899753,-9999,1.159
61614,-9999.00,42.30,26.70,12.39,6.17,6.34,3.73,-9999.00,35.43,-9999.00,-9999.00,-9999,2.99,-9999,-9999,-9999,0.905909,-9999,1.158
61615,-9999.00,42.46,28.01,12.45,0.91,0.45,1.94,-9999.00,30.95,-9999.00,-9999.00,-9999,2.98,-9999,-9999,-9999,0.898971,-9999,1.158
61616,-9999.00,42.74,26.60,11.96,-1.15,-2.34,1.30,-9999.00,26.60,-9999.00,-9999.00,-9999,2.98,-9999,-9999,0.95818,0.884017,-9999,1.158
61617,-9999.00,42.16,30.24,14.08,-0.06,0.27,1.46,-9999.00,33.17,-9999.00,-9999.00,-9999,2.98,-9999,0.977,0.950,0.874,-9999,1.156
61618,-9999.00,46.47,26.20,13.27,-2.42,1.05,0.01,-9999.00,29.55,-9999.00,-9999.00,-9999,2.98,-9999,-9999,0.953755,0.879272,-9999,1.156
61619,-9999.00,46.12,26.02,11.65,-3.43,-1.26,-1.22,-9999.00,27.06,-9999.00,-9999.00,-9999,2.98,-9999,-9999,0.958223,0.87964,-9999,1.155
61620,-9999.00,45.39,24.41,12.19,0.52,0.73,0.94,-9999.00,27.29,-9999.00,-9999.00,-9999,2.97,-9999,-9999,0.956842,0.876547,-9999,1.156
61621,-9999.00,42.29,25.31,12.50,1.20,2.01,1.87,-9999.00,29.56,-9999.00,-9999.00,-9999,2.97,-9999,-9999,0.958648,0.886135,-9999,1.155
61622,-9999.00,45.34,27.63,9.95,-3.83,-2.18,-0.79,-9999.00,27.90,-9999.00,-9999.00,-9999,2.97,-9999,-9999,-9999,0.896169,-9999,1.155
61623,-9999.00,38.83,25.19,10.20,-4.98,-4.49,-3.22,-9999.00,22.94,-9999.00,-9999.00,-9999,3.01,-9999,-9999,-9999,0.896461,-9999,1.154
61624,-9999.00,38.67,24.81,8.88,2.37,0.22,-0.76,-9999.00,27.25,-9999.00,-9999.00,-9999,3.02,-9999,-9999,0.962152,0.886514,-9999,1.154
61625,-9999.00,47.87,28.79,12.31,8.47,6.65,6.05,-9999.00,38.01,-9999.00,-9999.00,-9999,3.05,-9999,-9999,0.957383,0.869683,-9999,1.154
61626,-9999.00,45.13,27.73,12.44,5.39,5.31,6.20,-9999.00,35.51,-9999.00,-9999.00,-9999,3.07,-9999,-9999,0.955095,0.865471,-9999,1.155
61627,-9999.00,50.63,31.87,16.32,0.46,1.96,2.70,-9999.00,36.65,-9999.00,-9999.00,-9999,3.06,-9999,-9999,0.95708,0.877868,-9999,1.153
61628,-9999.00,47.31,30.04,14.47,-0.31,1.34,1.81,-9999.00,34.05,-9999.00,-9999.00,-9999,3.05,-9999,-9999,-9999,0.899051,-9999,1.152
61629,-9999.00,50.51,34.12,16.01,-0.05,0.41,0.01,-9999.00,37.57,-9999.00,-9999.00,-9999,3.04,-9999,-9999,-9999,-9999,-9999,1.152
61630,-9999.00,45.46,29.49,12.02,-0.20,1.42,0.52,-9999.00,33.55,-9999.00,-9999.00,-9999,3.04,-9999,-9999,-9999,-9999,-9999,1.153
61631,-9999.00,45.56,32.50,13.52,-0.11,0.87,1.61,-9999.00,36.30,-9999.00,-9999.00,-9999,3.05,-9999,-9999,-9999,-9999,-9999,1.152
61632,-9999.00,41.88,25.06,8.74,0.68,-0.49,1.18,-9999.00,26.84,-9999.00,-9999.00,-9999,3.05,-9999,-9999,-9999,-9999,-9999,1.152
