NASA Intern/Datasets/LARGE/SASA-LARGE-OPTICAL_P3B_20220706_RA.ict
87,1001
Richard Moore, Luke Ziemba, Edward Winstead, Michael Shook, Claire Robinson, John Barrick, Bruce Anderson, and Ali Omar
NASA Langley
In-situ optical aerosol measurements from the NASA P3B
NASA SASA
1,1
2022,07,06,2022,07,7
1.0
Time_Mid,Secs after midnight,Time of acquisition
19
1,1,1,1,1,1,1,1,1,1,1,1,1,1,1,1,1,1,1
-9999,-9999,-9999,-9999,-9999,-9999,-9999,-9999,-9999,-9999,-9999,-9999,-9999,-9999,-9999,-9999,-9999,-9999,-9999
Sc550_total_amb, Mm-1, AerOpt_Scattering_InSitu_Green_RHa_Bulk_STP, scattering coefficient of ambient  particles at 550nm
Sc450_total, Mm-1, AerOpt_Scattering_InSitu_Blue_RHd_Bulk_STP, Dry Scattering at 450nm (Total Aerosols)
Sc550_total, Mm-1, AerOpt_Scattering_InSitu_Green_RHd_Bulk_STP, Dry Scattering at 550nm (Total Aerosols)
Sc700_total, Mm-1, AerOpt_Scattering_InSitu_Red_RHd_Bulk_STP, Dry Scattering at 700nm (Total Aerosols)
Abs470_total, Mm-1, AerOpt_Absorption_InSitu_Blue_RHd_Bulk_STP, Dry absorption at 470nm (Total Aerosols)
Abs532_total, Mm-1, AerOpt_Absorption_InSitu_Green_RHd_Bulk_STP, Dry absorption at 532nm (Total Aerosols)
Abs660_total, Mm-1, AerOpt_Absorption_InSitu_Red_RHd_Bulk_STP, Dry absorption at 660nm (Total Aerosols)
Ext532_total_amb, Mm-1, AerOpt_Extinction_InSitu_Green_RHa_Bulk_STP, extinction coefficient of aerosols at 532nm for AMBIENT relative humidity
Ext532_total_dry, Mm-1, AerOpt_Extinction_InSitu_Green_RHd_Bulk_STP, extinction coefficient of aerosols at 532nm for DRY relative humidity
gamma550, unitless, AerOpt_Gamma_InSitu_Green_None_Bulk_STP, derived hygroscopic growth factor for particles at 550nm
fRH550_RH20to80, unitless, AerOpt_fRHScat_InSitu_Green_RHsp_Bulk_STP, derived hygroscopic growth parameter for particles at 550nm
AEscatAMB_450to700nm,unitless, AerOpt_AngstromExponentScat_InSitu_BluetoRed_RHa_Bulk_STP, derived ambient Angstrom Exponent for scattering coefficient over wavelength range from 450nm to 700nm
AEscatDRY_450to700nm,unitless, AerOpt_AngstromExponentScatInSitu_BluetoRed_RHd_Bulk_STP, derived dry Angstrom Exponent for scattering coefficient over wavelength range from 450nm to 700nm
AEabsDRY_470to660nm,unitless, AerOpt_AngstromExponentAbs_InSitu_BluetoRed_RHd_Bulk_STP, derived dry Angstrom Exponent for absorption coefficient over wavelength range from 450nm to 700nm
SSA_dry_450nm,unitless, AerOpt_SSA_InSitu_Blue_RHd_Bulk_STP, single_scattering_albedo_at_450nm_as_derived_from_dry_scattering_and_absorption
SSA_dry_550nm,unitless, AerOpt_SSA_InSitu_Green_RHd_Bulk_STP, single_scattering_albedo_at_550nm_as_derived_from_dry_scattering_and_absorption
SSA_dry_700nm,unitless, AerOpt_SSA_InSitu_Red_RHd_Bulk_STP, single_scattering_albedo_at_700nm_as_derived_from_dry_scattering_and_absorption
SSA_amb_550nm,unitless, AerOpt_SSA_InSitu_Green_RHa_Bulk_STP, single_scattering_albedo_at_550nm_as_derived_from_ambient_scattering_and_absorption
stdPT,unitless, None, Conversion factor to convert between ambient and standard pressure and temperature conditions
0
54
******************************************************************************************************************
Langley Aerosol data from the 2022 SASA field campaign
 
PI_CONTACT_INFO: richard.h.moore@nasa.gov
PLATFORM: NASA P3B aircraft
LOCATION: Latitude, Longitude, and Altitude included in MetNav files
ASSOCIATED_DATA: N/A
[...]
ANGSTROM EXPONENT AND SSA CALCULATIONS: 
	- The Absorption coefficients were corrected to the wavelengths of the TSI nepholometer using the measured angstrom exponents
	- The scattering and absorption coefficients were smoothed with a 30s running average to compute the SSA and AE
	- Ambient SSA is calculated with ambient scattering and dry absorption
	- SSA is computed only when both scattering and absorption are greater than 1 Mm-1
	- Scattering Angstrom Exponents are computed only when relevant scattering measurements are greater than 1 Mm-1
	- Absorption Angstrom Exponents are computed only when relevant absorption measurements are greater than 2 Mm-1
DATA_INFO: Aerosol measurements are reported at standard temperature and pressure (0 deg C, 1013 mb)
UNCERTAINTY: all data are 5%
ULOD_FLAG: -7777
ULOD_VALUE: N/A
LLOD_FLAG: -8888
LLOD_VALUE: N/A
DM_CONTACT_INFO: Michael Shook (michael.shook@nasa.gov)
PROJECT_INFO: SASA 2022
STIPULATIONS_ON_USE: This is FIELD data. Please consult the PI and/or DM prior to use.
OTHER_COMMENTS: Ambient calculations currently use RH data from field Hsking files. Once available, calculations will be updated with final MetNav data.
REVISION: RA
RA: None
******************************************************************************************************************
Time_Mid,Sc550_total_amb,Sc450_total,Sc550_total,Sc700_total,Abs470_total,Abs532_total,Abs660_total,Ext532_total_amb,Ext532_total_dry,gamma550,fRH550_RH20to80,AEscatAMB_450to700nm,AEscatDRY_450to700nm,AEabsDRY_470to660nm,SSA_dry_450nm,SSA_dry_550nm,SSA_dry_700nm,SSA_amb_550nm,stdPT
[from data line 7889]
61789,19.57,26.33,19.89,9.52,-0.81,1.23,2.75,22.42,22.84,-0.04,0.95,2.45,2.74,-9999,0.953,0.925,0.818,0.928,1.405
61790,18.95,27.21,18.64,10.95,-0.23,0.90,1.10,21.44,21.20,0.04,1.05,2.50,2.75,-9999,0.956,0.925,0.819,0.929,1.404
61791,18.56,30.43,17.76,12.16,2.52,2.05,2.82,22.20,21.42,0.10,1.14,2.54,2.76,-9999,0.960,0.923,0.816,0.927,1.403
61792,19.87,36.75,18.58,8.77,4.10,1.44,4.38,23.03,21.74,0.15,1.24,2.55,2.76,-9999,0.965,0.929,0.829,0.933,1.403
61793,19.22,36.87,18.75,10.33,1.53,2.01,0.43,22.87,22.49,0.05,1.08,2.57,2.74,-9999,-9999,0.940019,0.849858,0.94312,1.400
61794,20.71,35.07,21.21,10.35,0.34,2.66,1.67,25.13,25.81,-0.05,0.93,2.57,2.74,-9999,-9999,0.944855,0.856182,0.947716,1.399
61795,22.19,32.93,23.72,10.39,-0.19,0.36,1.39,24.43,26.23,-0.15,0.81,2.59,2.75,-9999,-9999,0.943384,0.859975,0.946273,1.400
61796,21.56,33.85,21.92,10.27,-1.25,-0.71,-0.11,22.71,23.23,-0.04,0.95,2.59,2.75,-9999,-9999,0.941593,0.871367,0.944602,1.396
61797,20.79,34.65,20.15,10.16,0.49,0.43,1.82,23.02,22.45,0.08,1.11,2.58,2.73,-9999,-9999,0.941301,0.874563,0.944247,1.402
61798,19.88,31.35,18.43,9.95,0.04,0.55,0.99,22.15,20.67,0.16,1.25,2.56,2.71,-9999,-9999,0.942506,0.866575,0.945439,1.392
61799,18.64,28.02,16.67,9.73,-1.73,0.80,-1.21,21.04,18.99,0.25,1.41,2.53,2.68,-9999,-9999,0.946387,0.868831,0.949095,1.396
61800,18.57,27.95,16.51,8.62,-0.56,1.93,-0.52,22.08,19.92,0.26,1.44,2.53,2.64,-9999,-9999,-9999,0.879558,-9999,1.393
61801,18.31,27.87,16.33,7.53,1.75,0.04,0.86,19.88,17.81,0.25,1.42,2.51,2.61,-9999,-9999,-9999,0.884879,-9999,1.392
61802,19.16,30.01,17.58,7.35,2.16,-0.89,2.20,19.87,18.21,0.19,1.31,2.51,2.60,-9999,-9999,-9999,0.88964,-9999,1.392
61803,20.85,32.17,18.81,7.23,1.07,1.37,2.63,23.93,21.80,0.23,1.37,2.51,2.60,-9999,-9999,-9999,0.892773,-9999,1.392
61804,21.99,37.79,20.34,10.51,2.06,2.26,2.30,26.07,24.35,0.17,1.27,2.52,2.61,-9999,-9999,-9999,0.890921,-9999,1.390
61805,22.22,38.15,20.60,10.19,0.78,1.47,2.03,25.53,23.85,0.16,1.25,2.53,2.63,-9999,-9999,-9999,0.890985,-9999,1.388
61806,22.21,38.48,20.83,9.86,-1.22,0.41,0.24,24.47,23.05,0.15,1.23,2.55,2.66,-9999,-9999,-9999,0.888812,-9999,1.390
61807,20.84,35.07,18.57,11.12,0.84,0.27,-0.99,22.83,20.42,0.24,1.40,2.55,2.65,-9999,-9999,-9999,0.892546,-9999,1.387
61808,20.60,34.98,18.42,10.22,1.44,0.68,1.47,22.98,20.67,0.25,1.41,2.54,2.64,-9999,-9999,-9999,0.90237,-9999,1.387
61809,20.77,36.54,18.88,10.22,0.28,2.01,4.17,24.45,22.45,0.21,1.34,2.51,2.59,-9999,-9999,-9999,0.908056,-9999,1.387
61810,21.00,38.09,19.35,10.21,0.99,2.78,1.89,25.47,23.73,0.17,1.27,2.48,2.56,-9999,-9999,-9999,-9999,-9999,1.384
61811,21.83,36.22,20.44,12.10,0.90,1.77,-1.08,25.38,23.94,0.13,1.20,2.47,2.54,-9999,-9999,-9999,-9999,-9999,1.382
61812,22.51,34.27,21.55,14.02,0.66,1.47,0.88,25.83,24.88,0.09,1.14,2.46,2.53,-9999,-9999,-9999,-9999,-9999,1.382
61813,22.83,31.47,21.00,12.44,0.65,0.92,3.66,25.66,23.75,0.18,1.29,2.46,2.53,-9999,-9999,-9999,-9999,-9999,1.384
61814,21.72,28.62,20.44,10.87,-0.02,0.10,1.45,23.64,22.34,0.13,1.19,2.45,2.52,-9999,-9999,-9999,-9999,-9999,1.380
61815,21.12,28.32,19.83,11.31,-1.12,-0.78,-0.33,22.12,20.81,0.13,1.20,2.45,2.52,-9999,-9999,-9999,-9999,-9999,1.378
61816,20.35,27.98,19.20,11.75,-0.83,-1.91,1.64,20.16,18.98,0.13,1.20,2.45,2.51,-9999,-9999,-9999,0.915106,-9999,1.380
61817,23.38,27.00,22.20,9.11,0.56,-1.09,2.35,24.25,23.05,0.11,1.17,2.45,2.51,-9999,-9999,-9999,0.911409,-9999,1.380
61818,23.56,28.61,21.66,9.42,0.51,1.26,-0.29,26.79,24.82,0.19,1.29,2.45,2.51,-9999,-9999,-9999,0.913924,-9999,1.379
61819,20.24,26.54,18.71,8.21,1.74,3.03,0.29,24.98,23.38,0.17,1.27,2.44,2.50,-9999,-9999,-9999,-9999,-9999,1.378
61820,19.78,25.24,17.54,7.22,2.67,2.41,2.42,23.85,21.47,0.25,1.41,2.44,2.50,-9999,-9999,-9999,-9999,-9999,1.374
61821,19.00,23.95,16.37,6.27,0.51,0.67,1.39,21.24,18.43,0.32,1.57,2.43,2.49,-9999,-9999,-9999,-9999,-9999,1.377
61822,23.12,29.59,22.24,12.58,0.86,0.34,1.33,25.34,24.43,0.08,1.12,2.40,2.46,-9999,-9999,-9999,-9999,-9999,1.374
61823,21.89,35.79,19.53,10.39,1.51,0.32,0.57,23.98,21.46,0.23,1.37,2.42,2.49,-9999,-9999,-9999,-9999,-9999,1.372
61824,23.21,29.72,22.18,13.99,-1.14,0.21,-1.45,25.29,24.20,0.10,1.14,2.43,2.50,-9999,-9999,-9999,-9999,-9999,1.372
61825,22.00,33.71,20.61,14.24,-1.76,0.31,-1.26,24.06,22.58,0.14,1.22,2.42,2.50,-9999,-9999,-9999,-9999,-9999,1.373
61826,20.65,37.32,19.13,14.50,-0.18,-0.22,0.74,22.04,20.41,0.18,1.28,2.41,2.48,-9999,-9999,-9999,-9999,-9999,1.374
61827,21.33,39.09,19.58,13.56,-1.02,-0.58,1.80,22.39,20.51,0.18,1.29,2.40,2.47,-9999,-9999,-9999,-9999,-9999,1.370
61828,21.76,40.86,20.01,12.63,-2.74,-0.45,0.31,22.96,21.07,0.19,1.30,2.40,2.48,-9999,-9999,-9999,-9999,-9999,1.370
61829,21.69,38.07,20.10,12.74,0.19,0.45,-0.96,23.79,22.07,0.16,1.25,2.42,2.50,-9999,-9999,-9999,-9999,-9999,1.367
61830,21.40,35.39,20.18,12.83,2.65,0.52,0.58,23.55,22.24,0.13,1.21,2.44,2.53,-9999,-9999,-9999,-9999,-9999,1.370
61831,24.84,36.47,24.11,12.97,0.56,-0.67,2.36,26.06,25.30,0.07,1.10,2.48,2.57,-9999,-9999,-9999,-9999,-9999,1.368
61832,24.66,36.46,23.13,9.79,-1.06,-0.38,2.68,26.16,24.54,0.13,1.19,2.50,2.60,-9999,-9999,-9999,-9999,-9999,1.362
61833,22.74,35.71,21.12,9.72,-1.79,0.49,1.35,24.99,23.28,0.16,1.25,2.50,2.59,-9999,-9999,-9999,-9999,-9999,1.364
61834,21.22,34.88,19.10,9.66,-0.69,-0.29,-1.84,22.58,20.33,0.22,1.36,2.50,2.59,-9999,-9999,-9999,-9999,-9999,1.362
61835,22.95,34.07,21.14,9.69,1.20,-0.06,-1.59,24.67,22.74,0.18,1.28,2.50,2.59,-9999,-9999,-9999,-9999,-9999,1.361
61836,24.79,33.12,23.21,9.73,1.01,0.73,1.41,27.43,25.76,0.15,1.23,2.51,2.59,-9999,-9999,-9999,-9999,-9999,1.362
61837,23.25,27.23,21.51,11.15,0.61,1.20,2.43,26.24,24.39,0.20,1.33,2.51,2.59,-9999,-9999,-9999,-9999,-9999,1.367
61838,24.08,38.16,21.98,7.56,-0.81,0.39,1.35,26.33,24.09,0.19,1.31,2.52,2.62,-9999,-9999,-9999,-9999,-9999,1.359
61839,24.19,36.97,22.26,8.79,-1.67,-1.66,0.28,24.38,22.31,0.19,1.31,2.52,2.61,-9999,-9999,-9999,-9999,-9999,1.360
61840,24.66,35.78,22.59,10.09,-0.24,-0.98,0.37,25.58,23.37,0.19,1.31,2.53,2.63,-9999,-9999,-9999,-9999,-9999,1.358
61841,24.95,33.17,23.23,11.09,0.27,0.94,-0.13,27.81,25.97,0.17,1.26,2.55,2.65,-9999,-9999,-9999,-9999,-9999,1.359
61842,25.34,30.47,23.89,12.10,-0.04,1.43,-1.98,28.68,27.12,0.14,1.21,2.56,2.66,-9999,-9999,-9999,-9999,-9999,1.359
61843,24.66,31.55,23.03,11.33,0.45,0.81,-0.66,27.29,25.53,0.16,1.25,2.55,2.66,-9999,-9999,-9999,-9999,-9999,1.356
61844,23.98,32.59,22.17,10.57,0.57,-1.10,3.30,24.61,22.65,0.18,1.28,2.55,2.66,-9999,-9999,-9999,-9999,-9999,1.355
61845,23.40,33.45,21.50,8.02,0.48,-1.03,2.39,24.03,21.97,0.19,1.29,2.56,2.68,-9999,-9999,-9999,0.911767,-9999,1.353
61846,22.99,33.33,21.22,7.10,-0.19,1.18,0.26,25.79,23.89,0.18,1.29,2.55,2.67,-9999,-9999,-9999,0.916604,-9999,1.354
61847,22.63,33.94,21.07,9.29,-0.79,0.91,-0.94,25.15,23.48,0.16,1.25,2.54,2.66,-9999,-9999,-9999,-9999,-9999,1.353
61848,22.23,34.52,20.79,11.85,0.15,-1.14,-1.00,22.65,21.12,0.15,1.23,2.51,2.62,-9999,-9999,-9999,-9999,-9999,1.350
61849,25.78,35.52,24.51,12.27,0.52,0.36,0.32,27.92,26.58,0.11,1.17,2.49,2.60,-9999,-9999,-9999,-9999,-9999,1.351
61850,25.12,33.29,24.50,9.91,1.02,2.46,1.41,29.30,28.65,0.06,1.09,2.47,2.57,-9999,-9999,-9999,-9999,-9999,1.351
61851,26.17,33.65,24.51,9.73,1.24,0.42,2.19,28.38,26.61,0.15,1.23,2.46,2.56,-9999,-9999,-9999,-9999,-9999,1.350
61852,25.54,34.03,24.54,9.56,-0.40,-0.06,1.22,27.22,26.16,0.09,1.13,2.45,2.56,-9999,-9999,-9999,-9999,-9999,1.347
61853,25.15,34.34,23.97,10.41,-0.78,1.77,0.57,28.64,27.40,0.10,1.15,2.47,2.58,-9999,-9999,-9999,-9999,-9999,1.347
61854,24.97,34.59,23.36,11.38,1.36,1.57,1.93,28.24,26.52,0.15,1.24,2.45,2.56,-9999,-9999,-9999,-9999,-9999,1.349
61855,25.92,36.02,23.89,12.30,3.52,1.92,3.60,29.61,27.45,0.17,1.27,2.45,2.56,-9999,-9999,-9999,-9999,-9999,1.346
61856,26.73,37.47,24.43,13.22,4.40,3.55,2.36,32.13,29.67,0.19,1.31,2.46,2.56,-9999,-9999,-9999,-9999,-9999,1.346
61857,30.78,41.05,28.94,14.08,2.07,1.94,2.47,34.88,32.92,0.13,1.19,2.46,2.56,-9999,-9999,-9999,-9999,-9999,1.343
61858,32.49,45.73,32.25,15.08,0.19,0.82,3.49,35.58,35.35,0.01,1.02,2.45,2.56,-9999,-9999,-9999,-9999,-9999,1.342
61859,32.81,48.10,33.10,14.88,1.19,2.20,3.21,37.32,37.67,-0.02,0.98,2.45,2.56,-9999,-9999,-9999,-9999,-9999,1.341
61860,33.39,50.46,33.95,14.68,0.62,0.84,1.61,36.61,37.26,-0.03,0.95,2.45,2.57,-9999,-9999,-9999,-9999,-9999,1.342
61861,31.36,52.18,31.17,19.43,-0.12,-0.54,-0.88,33.06,32.91,0.01,1.02,2.44,2.56,-9999,-9999,-9999,-9999,-9999,1.343
61862,31.70,52.49,31.05,19.00,0.99,0.78,0.41,34.74,34.10,0.04,1.06,2.42,2.55,-9999,-9999,-9999,-9999,-9999,1.338
61863,34.95,52.04,34.83,20.03,0.28,-0.40,0.37,37.06,37.00,0.01,1.01,2.43,2.55,-9999,-9999,-9999,-9999,-9999,1.339
61864,35.38,51.97,34.75,19.57,-3.09,-2.38,-0.82,35.54,34.95,0.04,1.05,2.44,2.57,-9999,-9999,-9999,-9999,-9999,1.339
61865,35.07,50.68,34.21,18.18,-2.33,-0.32,0.76,37.26,36.42,0.05,1.07,2.44,2.57,-9999,-9999,-9999,-9999,-9999,1.334
61866,34.73,49.45,33.70,16.82,0.27,2.19,1.55,39.41,38.38,0.06,1.09,2.44,2.57,-9999,-9999,-9999,-9999,-9999,1.333
61867,36.64,53.05,36.04,16.98,-1.57,0.53,-0.76,39.80,39.25,0.04,1.05,2.43,2.56,-9999,-9999,-9999,-9999,-9999,1.336
61868,36.77,52.82,35.98,16.20,-2.14,-1.87,-1.72,37.56,36.80,0.04,1.06,2.43,2.55,-9999,-9999,-9999,-9999,-9999,1.332
61869,36.36,52.54,35.87,15.42,-1.77,-1.67,-0.65,37.31,36.90,0.03,1.04,2.43,2.54,-9999,-9999,-9999,-9999,-9999,1.334
61870,33.20,56.11,31.93,15.07,-2.18,-0.84,-0.97,34.76,33.49,0.08,1.12,2.43,2.54,-9999,-9999,-9999,-9999,-9999,1.331
61871,33.21,56.00,32.00,15.70,-0.12,-0.98,0.22,34.64,33.44,0.08,1.12,2.43,2.54,-9999,-9999,-9999,-9999,-9999,1.332
61872,35.09,53.09,33.25,17.26,-0.41,-2.01,0.45,35.62,33.75,0.12,1.18,2.42,2.54,-9999,-9999,-9999,-9999,-9999,1.330
61873,36.75,50.05,34.52,18.83,-3.11,-3.17,-2.69,36.27,33.98,0.14,1.22,2.42,2.54,-9999,-9999,-9999,-9999,-9999,1.329
61874,34.71,51.12,31.78,17.09,-2.93,-2.78,-2.77,34.50,31.45,0.18,1.29,2.44,2.56,-9999,-9999,-9999,-9999,-9999,1.326
61875,32.18,52.09,29.12,15.37,-1.37,-1.39,-0.24,33.20,30.00,0.23,1.37,2.44,2.56,-9999,-9999,-9999,-9999,-9999,1.327
61876,32.35,49.56,29.35,15.06,-1.82,-0.64,0.11,34.15,31.03,0.21,1.34,2.44,2.55,-9999,-9999,-9999,-9999,-9999,1.325
61877,32.26,46.97,29.60,14.75,-0.73,0.32,-0.15,35.01,32.25,0.19,1.30,2.45,2.56,-9999,-9999,-9999,-9999,-9999,1.324
61878,31.68,51.90,29.41,13.39,1.15,2.42,-0.59,36.48,34.13,0.18,1.28,2.45,2.56,-9999,-9999,-9999,-9999,-9999,1.326
61879,32.94,48.92,30.47,14.03,-1.50,0.23,-1.07,35.65,33.08,0.18,1.29,2.48,2.60,-9999,-9999,-9999,-9999,-9999,1.324
61880,34.17,45.83,31.56,14.66,-3.39,-3.11,0.12,33.64,30.92,0.19,1.30,2.50,2.63,-9999,-9999,-9999,-9999,-9999,1.323
61881,33.98,44.68,31.43,14.64,-0.22,-1.70,0.05,34.84,32.19,0.20,1.32,2.52,2.65,-9999,-9999,-9999,-9999,-9999,1.325
61882,33.20,45.47,30.54,15.33,1.99,1.29,-1.62,36.99,34.22,0.20,1.31,2.53,2.67,-9999,-9999,-9999,-9999,-9999,1.320
61883,32.16,46.32,29.70,16.06,-0.05,0.89,-0.32,35.49,32.94,0.19,1.30,2.54,2.69,-9999,-9999,-9999,-9999,-9999,1.321
61884,32.34,46.02,29.49,14.99,-0.11,-0.97,1.82,33.83,30.88,0.21,1.34,2.55,2.70,-9999,-9999,-9999,-9999,-9999,1.316
61885,31.77,45.60,29.37,15.42,2.58,0.27,0.78,34.47,32.00,0.21,1.33,2.55,2.70,-9999,-9999,-9999,-9999,-9999,1.321
61886,31.43,45.16,29.24,15.85,1.54,0.69,-0.58,34.51,32.25,0.19,1.31,2.54,2.69,-9999,-9999,-9999,-9999,-9999,1.320
61887,31.50,45.11,29.21,16.05,-1.20,0.27,0.90,34.16,31.80,0.19,1.31,2.54,2.69,-9999,-9999,-9999,-9999,-9999,1.319
61888,29.39,44.47,27.44,13.76,-0.61,1.28,3.20,32.89,30.90,0.17,1.26,2.55,2.69,-9999,-9999,-9999,-9999,-9999,1.315
61889,27.90,43.84,25.67,11.50,2.22,1.24,1.16,31.25,28.94,0.21,1.33,2.56,2.71,-9999,-9999,-9999,-9999,-9999,1.315
61890,27.99,43.77,25.56,13.06,2.38,1.25,0.58,31.34,28.82,0.21,1.33,2.58,2.73,-9999,-9999,-9999,-9999,-9999,1.312
61891,27.81,43.73,25.44,14.66,0.35,1.96,3.10,31.85,29.38,0.21,1.34,2.57,2.71,-9999,-9999,-9999,-9999,-9999,1.313
61892,28.29,43.38,26.42,14.48,0.97,2.44,2.40,32.84,30.90,0.18,1.28,2.57,2.71,-9999,-9999,-9999,-9999,-9999,1.315
61893,29.10,43.04,27.42,14.32,1.51,1.01,0.07,32.28,30.54,0.15,1.23,2.56,2.70,-9999,-9999,-9999,-9999,-9999,1.311
61894,30.56,43.23,29.18,10.44,-0.19,-1.18,0.17,31.61,30.20,0.11,1.17,2.54,2.68,-9999,-9999,-9999,-9999,-9999,1.311
61895,30.52,43.37,29.13,10.43,-1.15,-0.64,1.06,32.10,30.67,0.12,1.17,2.54,2.68,-9999,-9999,-9999,-9999,-9999,1.310
61896,31.85,44.61,30.89,11.51,0.53,1.41,1.86,35.59,34.64,0.07,1.11,2.55,2.69,-9999,-9999,-9999,-9999,-9999,1.309
61897,31.45,46.88,30.01,12.07,2.49,0.87,1.77,34.66,33.19,0.11,1.17,2.56,2.71,-9999,-9999,-9999,-9999,-9999,1.307
61898,30.81,49.02,29.13,12.65,0.64,0.05,-0.03,33.17,31.44,0.15,1.22,2.57,2.72,-9999,-9999,-9999,-9999,-9999,1.309
61899,32.17,49.43,30.65,13.20,-2.45,0.30,-1.69,34.87,33.32,0.12,1.18,2.54,2.70,-9999,-9999,-9999,-9999,-9999,1.306
61900,32.48,48.95,31.67,13.70,-2.50,-0.27,-0.73,34.63,33.85,0.07,1.10,2.53,2.69,-9999,-9999,-9999,-9999,-9999,1.307
61901,30.75,46.59,29.43,13.59,-0.19,0.20,1.73,33.25,31.93,0.11,1.16,2.53,2.69,-9999,-9999,-9999,-9999,-9999,1.305
61902,28.71,44.23,27.20,13.49,1.18,0.87,0.09,31.75,30.21,0.16,1.24,2.54,2.69,-9999,-9999,-9999,-9999,-9999,1.308
61903,27.48,41.77,25.64,12.25,1.38,0.69,-1.07,30.27,28.38,0.18,1.29,2.55,2.71,-9999,-9999,-9999,-9999,-9999,1.306
61904,31.18,41.01,29.40,12.10,1.28,0.27,0.53,33.86,32.05,0.15,1.22,2.56,2.72,-9999,-9999,-9999,-9999,-9999,1.302
61905,32.79,45.10,31.95,12.14,0.50,-0.29,-0.55,35.05,34.26,0.06,1.09,2.56,2.73,-9999,-9999,-9999,-9999,-9999,1.300
61906,28.79,44.27,27.23,16.14,1.33,1.16,0.64,32.20,30.60,0.13,1.20,2.57,2.73,-9999,-9999,-9999,-9999,-9999,1.299
61907,28.77,42.37,26.51,13.46,2.58,2.51,3.85,33.53,31.18,0.20,1.32,2.57,2.73,-9999,-9999,-9999,-9999,-9999,1.300
61908,29.27,40.05,27.21,14.35,0.91,1.80,3.97,33.36,31.24,0.18,1.28,2.57,2.72,-9999,-9999,-9999,-9999,-9999,1.300
61909,30.55,40.49,28.69,14.04,-0.20,1.83,2.56,34.80,32.90,0.15,1.23,2.56,2.70,-9999,-9999,-9999,-9999,-9999,1.297
61910,31.35,40.73,29.72,11.78,0.99,1.45,-0.14,35.31,33.66,0.13,1.20,2.54,2.67,-9999,-9999,-9999,-9999,-9999,1.298
61911,33.00,53.33,31.80,14.30,0.49,0.28,0.06,35.92,34.75,0.09,1.13,2.52,2.65,-9999,-9999,-9999,-9999,-9999,1.296
61912,30.30,49.39,28.46,12.97,-2.09,-0.68,1.82,32.04,30.16,0.15,1.24,2.51,2.62,-9999,-9999,-9999,-9999,-9999,1.295
61913,32.52,53.31,31.57,16.26,-2.02,-2.30,-0.12,32.82,31.92,0.09,1.13,2.49,2.60,-9999,-9999,-9999,-9999,-9999,1.301
61914,31.08,44.08,29.78,18.82,-0.06,-2.24,-2.02,31.33,30.03,0.12,1.17,2.48,2.59,-9999,-9999,-9999,-9999,-9999,1.296
61915,31.54,48.34,30.31,17.96,-0.89,-0.08,-2.13,34.00,32.78,0.11,1.16,2.48,2.58,-9999,-9999,-9999,-9999,-9999,1.296
61916,32.41,52.55,30.85,17.11,-1.78,0.94,-0.74,35.98,34.40,0.13,1.20,2.48,2.58,-9999,-9999,-9999,-9999,-9999,1.293
61917,32.19,52.45,30.74,17.06,-0.83,-0.37,1.02,34.43,32.97,0.12,1.18,2.48,2.58,-9999,-9999,-9999,-9999,-9999,1.292
61918,30.43,52.09,28.53,15.26,0.50,-0.47,2.04,32.43,30.48,0.16,1.24,2.47,2.56,-9999,-9999,-9999,-9999,-9999,1.288
61919,28.43,51.67,26.33,13.48,1.23,0.81,1.88,31.57,29.39,0.20,1.32,2.46,2.54,-9999,-9999,-9999,-9999,-9999,1.291
61920,31.10,53.15,29.66,13.54,1.38,0.60,0.49,34.28,32.83,0.13,1.20,2.45,2.53,-9999,-9999,-9999,-9999,-9999,1.293
61921,31.45,51.17,30.05,15.15,0.98,0.60,0.93,34.70,33.30,0.12,1.18,2.45,2.53,-9999,-9999,-9999,-9999,-9999,1.291
61922,28.99,48.66,27.07,15.39,0.27,0.32,0.32,31.75,29.77,0.18,1.28,2.47,2.54,-9999,-9999,-9999,-9999,-9999,1.288
61923,28.58,48.75,26.72,17.54,-2.46,-0.35,-1.13,30.61,28.69,0.18,1.28,2.47,2.54,-9999,-9999,-9999,-9999,-9999,1.288
61924,28.73,48.84,26.33,19.73,-2.69,0.28,0.83,31.40,28.90,0.23,1.38,2.48,2.55,-9999,-9999,-9999,-9999,-9999,1.287
61925,31.01,47.12,28.36,17.71,0.46,0.66,0.94,34.27,31.49,0.23,1.38,2.48,2.56,-9999,-9999,-9999,-9999,-9999,1.285
61926,32.15,45.15,30.35,15.74,0.90,0.61,-0.43,35.47,33.62,0.17,1.26,2.47,2.54,-9999,-9999,-9999,-9999,-9999,1.288
