NASA Intern/Datasets/LARGE/SASA-LARGE-MICROPHYSICAL_P3B_20220708_RA.ict
56,1001
Richard Moore, Luke Ziemba, Edward Winstead, Michael Shook, Claire Robinson, John Barrick, Bruce Anderson, and Ali Omar
NASA Langley
In-situ microphysical aerosol measurements from the NASA P3B
NASA SASA
1,1
2022,07,08,2022,07,8
1.0
Time_Mid,Secs after midnight,Time of acquisition
9
1,1,1,1,1,1,1,1,1
-9999,-9999,-9999,-9999,-9999,-9999,-9999,-9999,-9999
CNgt3nm, #/cm3, AerMP_NumConc_InSitu_RHd_None_Bulk_STP, Number concentration of particles with diameters greater than 3nm
CNgt10nm, #/cm3, AerMP_NumConc_InSitu_RHd_None_Bulk_STP, Number concentration of particles with diameters greater than 10nm
IntegN_100to1000nm_UHSAS, #/cm3, Number concentration of particles with diameters between 100 and 1000nm (inclusive) as measured by the UHSAS
IntegS_100to1000nm_UHSAS, um2/cm3, Surface area concentration of particles with diameters between 100 and 1000nm (inclusive) as measured by the UHSAS
IntegV_100to1000nm_UHSAS, um3/cm3, Volume concentration of particles with diameters between 100 and 1000nm (inclusive) as measured by the UHSAS
IntegN_gt1000nm_APS, #/cm3, Number concentration of particles with diameters greater than 1000nm as measured by the APS
IntegS_gt1000nm_APS, um2/cm3, Surface area concentration of particles with diameters greater 1000nm as measured by the APS
IntegV_gt1000nm_APS, um3/cm3, Volume concentration of particles with diameters greater than 1000nm as measured by the APS
stdPT, unitless, None, Conversion factor to convert between ambient and standard pressure and temperature conditions
0
33
******************************************************************************************************************
Langley Aerosol data from the 2022 SASA field campaign
 
PI_CONTACT_INFO: richard.h.moore@nasa.gov
PLATFORM: NASA P3B aircraft
LOCATION: Latitude, Longitude, and Altitude included in MetNav files
ASSOCIATED_DATA: None
INSTRUMENT_INFO: Flagged data are due to missing data or to instrument issues.
CN statistics: TSI Condensation Particle Counters
	- CNgt3nm is measured with a TSI CPC-3776
	- CNgt10nm is measured with a TSI CPC-3772
	- The CPC-3772 data are corrected for coincidence errors when the aerosol concentrations exceed 10,000 cm-3
	- Due to flow irregularities and response times differences, there will be times where CNgt10nm > CNgt3nm
UHSAS statistics: Optical Size Distribution Data from the DMT Ultra-High Sensitivity Aerosol Spectrometer (UHSAS)
   - Data are processed with respect to mid-point polystyrene-latex-equivalent optical diameters and are rebinned to a standard binning scheme
APS statistics: Aerodynamic Size Distribution Data From the TSI Aerodynamic Particle Sizer (APS), Model 3321
   - Data are processed with respect to mid-point polystyrene-latex-equivalent aerodynamic diameters (assuming spherical particles with a density of 1 g/cm3) and are rebinned to a standard binning scheme
DATA_INFO: Aerosol measurements are reported at standard temperature and pressure (0 deg C, 1013 mb)
   - Concentrations can be converted back to ambient conditions by dividing by the stdPT conversion factor
   - Integrated surface areas and volumes are calculated by assuming spherical particles
UNCERTAINTY: CPC data is 10%, UHSAS is 20%, APS is 20%
ULOD_FLAG: -7777
ULOD_VALUE: N/A
LLOD_FLAG: -8888
LLOD_VALUE: N/A
DM_CONTACT_INFO: Michael Shook (michael.shook@nasa.gov)
PROJECT_INFO: SARP 2022
STIPULATIONS_ON_USE: This is FIELD data. Please consult the PI and/or DM prior to use.
OTHER_COMMENTS: none
REVISION: RA
RA: None
******************************************************************************************************************
Time_Mid,CNgt3nm,CNgt10nm,IntegN_100to1000nm_UHSAS,IntegS_100to1000nm_UHSAS,IntegV_100to1000nm_UHSAS,IntegN_gt1000nm_APS,IntegS_gt1000nm_APS,IntegV_gt1000nm_APS,stdPT
[from data line 2187]
56152,2639.94,2382.80,50.38,4.43,0.15,-9999.00,-9999.00,-9999.00,1.719
56153,1852.59,2178.51,72.06,6.42,0.23,-9999.00,-9999.00,-9999.00,1.721
56154,1803.52,1561.33,71.30,6.02,0.21,-9999.00,-9999.00,-9999.00,1.723
56155,1942.07,1343.98,59.27,5.97,0.23,-9999.00,-9999.00,-9999.00,1.727
56156,2045.10,1381.73,79.36,6.93,0.25,-9999.00,-9999.00,-9999.00,1.730
56157,2029.43,1391.37,80.41,7.36,0.25,-9999.00,-9999.00,-9999.00,1.728
56158,2203.21,1497.50,98.73,7.85,0.24,-9999.00,-9999.00,-9999.00,1.732
56159,1997.27,1568.54,88.38,7.59,0.25,-9999.00,-9999.00,-9999.00,1.734
56160,2084.98,1504.29,82.29,7.14,0.24,-9999.00,-9999.00,-9999.00,1.732
56161,2173.05,1552.18,91.90,8.66,0.31,-9999.00,-9999.00,-9999.00,1.733
56162,2106.12,1615.84,113.28,10.95,0.44,-9999.00,-9999.00,-9999.00,1.731
56163,2125.08,1579.12,121.55,10.72,0.38,-9999.00,-9999.00,-9999.00,1.738
56164,2420.95,1452.57,113.40,9.65,0.33,-9999.00,-9999.00,-9999.00,1.733
56165,2179.97,1609.02,98.99,10.04,0.38,-9999.00,-9999.00,-9999.00,1.740
56166,2406.62,1677.71,87.78,8.03,0.28,-9999.00,-9999.00,-9999.00,1.735
56167,2633.36,1694.36,89.22,7.52,0.28,-9999.00,-9999.00,-9999.00,1.742
56168,2461.70,1820.27,88.26,7.55,0.26,-9999.00,-9999.00,-9999.00,1.743
56169,2428.39,1838.64,113.37,9.68,0.33,-9999.00,-9999.00,-9999.00,1.739
56170,2412.62,1839.84,61.73,5.05,0.16,-9999.00,-9999.00,-9999.00,1.740
56171,2379.37,1823.60,94.28,8.71,0.30,-9999.00,-9999.00,-9999.00,1.746
56172,2436.16,1896.72,108.83,9.36,0.31,-9999.00,-9999.00,-9999.00,1.744
56173,2515.25,1921.37,96.05,8.20,0.27,-9999.00,-9999.00,-9999.00,1.745
56174,2465.77,1976.11,96.00,7.52,0.25,-9999.00,-9999.00,-9999.00,1.744
56175,2696.17,2030.88,125.10,13.46,0.70,-9999.00,-9999.00,-9999.00,1.747
56176,2577.43,2068.96,112.07,10.05,0.35,-9999.00,-9999.00,-9999.00,1.751
56177,2598.44,2054.17,110.75,9.26,0.31,-9999.00,-9999.00,-9999.00,1.752
56178,2847.65,2056.64,129.85,11.85,0.43,-9999.00,-9999.00,-9999.00,1.751
56179,2762.93,2023.80,122.61,14.17,0.74,-9999.00,-9999.00,-9999.00,1.752
56180,2854.25,2026.16,128.87,10.80,0.35,-9999.00,-9999.00,-9999.00,1.752
56181,2751.57,2010.76,109.46,9.47,0.35,-9999.00,-9999.00,-9999.00,1.752
56182,2577.27,1977.08,107.76,9.37,0.30,-9999.00,-9999.00,-9999.00,1.755
56183,5121.94,1872.16,132.02,12.50,0.46,-9999.00,-9999.00,-9999.00,1.759
56184,12044.75,2348.90,127.64,13.71,0.55,-9999.00,-9999.00,-9999.00,1.754
56185,4046.68,6768.03,120.76,14.03,0.57,-9999.00,-9999.00,-9999.00,1.760
56186,3641.13,3040.17,130.02,11.67,0.39,-9999.00,-9999.00,-9999.00,1.758
56187,3095.22,2246.24,97.35,10.00,0.39,-9999.00,-9999.00,-9999.00,1.763
56188,2512.77,2088.07,118.18,10.34,0.38,-9999.00,-9999.00,-9999.00,1.763
56189,2726.89,1754.77,114.43,12.40,0.48,-9999.00,-9999.00,-9999.00,1.765
56190,2233.24,1719.24,141.12,14.90,0.55,-9999.00,-9999.00,-9999.00,1.765
56191,2411.83,1652.81,127.90,11.39,0.38,-9999.00,-9999.00,-9999.00,1.765
56192,2448.16,1621.46,108.64,10.43,0.54,-9999.00,-9999.00,-9999.00,1.766
56193,2413.71,1584.88,131.70,12.04,0.46,-9999.00,-9999.00,-9999.00,1.764
56194,2308.32,1583.86,108.85,9.85,0.35,-9999.00,-9999.00,-9999.00,1.766
56195,2398.77,1584.97,126.16,10.77,0.36,-9999.00,-9999.00,-9999.00,1.766
56196,2240.33,1589.56,112.83,10.75,0.40,-9999.00,-9999.00,-9999.00,1.772
56197,2455.71,1589.09,142.11,13.00,0.45,-9999.00,-9999.00,-9999.00,1.769
56198,2403.62,1591.73,175.38,16.33,0.56,-9999.00,-9999.00,-9999.00,1.771
56199,2262.00,1608.34,126.72,14.25,0.80,-9999.00,-9999.00,-9999.00,1.772
56200,2388.34,1582.72,152.67,13.90,0.49,-9999.00,-9999.00,-9999.00,1.771
56201,2425.55,1580.17,140.01,13.34,0.51,-9999.00,-9999.00,-9999.00,1.770
56202,2533.14,1598.38,109.46,11.03,0.41,-9999.00,-9999.00,-9999.00,1.781
56203,3122.96,1623.94,125.75,13.25,0.51,-9999.00,-9999.00,-9999.00,1.779
56204,3482.40,1839.42,138.48,13.11,0.49,-9999.00,-9999.00,-9999.00,1.774
56205,3625.89,2125.52,145.07,10.76,0.33,-9999.00,-9999.00,-9999.00,1.778
56206,3539.26,2270.13,119.52,9.93,0.33,-9999.00,-9999.00,-9999.00,1.775
56207,4023.59,2271.09,122.55,12.92,0.68,-9999.00,-9999.00,-9999.00,1.775
56208,4596.85,2369.70,128.91,10.47,0.33,-9999.00,-9999.00,-9999.00,1.780
56209,5075.94,2760.60,161.49,12.68,0.39,-9999.00,-9999.00,-9999.00,1.782
56210,5574.66,2867.48,162.44,13.69,0.44,-9999.00,-9999.00,-9999.00,1.785
56211,5327.96,3243.11,171.86,16.00,0.57,-9999.00,-9999.00,-9999.00,1.783
56212,4901.53,3386.51,152.74,15.00,0.61,-9999.00,-9999.00,-9999.00,1.785
56213,5243.73,3263.95,174.97,15.20,0.50,-9999.00,-9999.00,-9999.00,1.788
56214,5092.51,3234.19,193.17,18.76,0.69,-9999.00,-9999.00,-9999.00,1.790
56215,5206.37,3256.22,167.44,14.19,0.48,-9999.00,-9999.00,-9999.00,1.786
56216,6848.19,3280.68,171.94,14.15,0.45,-9999.00,-9999.00,-9999.00,1.788
56217,6280.19,4019.32,175.42,15.99,0.56,-9999.00,-9999.00,-9999.00,1.792
56218,6431.30,4311.48,186.15,17.39,0.63,-9999.00,-9999.00,-9999.00,1.787
56219,5324.85,4263.48,166.67,13.45,0.43,-9999.00,-9999.00,-9999.00,1.792
56220,5076.57,3690.41,172.67,17.22,0.70,-9999.00,-9999.00,-9999.00,1.794
56221,4936.35,3134.76,170.38,15.46,0.57,-9999.00,-9999.00,-9999.00,1.793
56222,4525.37,2866.67,170.64,15.92,0.56,-9999.00,-9999.00,-9999.00,1.795
56223,4113.28,2688.06,145.15,11.24,0.34,-9999.00,-9999.00,-9999.00,1.796
56224,3826.64,2581.18,136.88,12.60,0.48,-9999.00,-9999.00,-9999.00,1.795
56225,2690.61,2455.86,167.75,16.45,0.66,-9999.00,-9999.00,-9999.00,1.799
56226,2511.05,2041.36,138.69,10.56,0.32,-9999.00,-9999.00,-9999.00,1.803
56227,2837.62,1792.94,158.76,13.98,0.52,-9999.00,-9999.00,-9999.00,1.801
56228,3038.60,1881.04,160.78,13.31,0.46,-9999.00,-9999.00,-9999.00,1.802
56229,3039.70,2026.47,108.60,8.47,0.27,-9999.00,-9999.00,-9999.00,1.807
56230,3131.36,1991.04,118.28,9.11,0.33,-9999.00,-9999.00,-9999.00,1.800
56231,3423.40,2010.57,120.79,8.99,0.28,-9999.00,-9999.00,-9999.00,1.802
56232,3824.13,2138.61,105.94,9.04,0.32,-9999.00,-9999.00,-9999.00,1.804
56233,4024.70,2302.42,148.54,11.95,0.38,-9999.00,-9999.00,-9999.00,1.802
56234,3916.65,2393.51,116.01,11.18,0.42,-9999.00,-9999.00,-9999.00,1.807
56235,3412.36,2377.76,134.58,10.29,0.32,-9999.00,-9999.00,-9999.00,1.808
56236,3050.34,2178.82,105.84,8.15,0.25,-9999.00,-9999.00,-9999.00,1.810
56237,2888.96,1944.15,110.06,9.96,0.35,-9999.00,-9999.00,-9999.00,1.813
56238,3091.38,1836.64,133.89,12.57,0.50,-9999.00,-9999.00,-9999.00,1.817
56239,3220.28,1892.14,135.88,11.48,0.39,-9999.00,-9999.00,-9999.00,1.807
56240,4040.93,1929.45,129.14,11.98,0.49,-9999.00,-9999.00,-9999.00,1.812
56241,5445.36,2203.64,136.91,10.88,0.33,-9999.00,-9999.00,-9999.00,1.816
56242,6432.12,2842.52,124.28,14.41,0.83,-9999.00,-9999.00,-9999.00,1.820
56243,6963.16,3536.27,155.19,14.10,0.61,-9999.00,-9999.00,-9999.00,1.817
56244,6620.84,3884.96,170.47,17.82,0.67,-9999.00,-9999.00,-9999.00,1.821
56245,6989.12,3850.40,155.70,12.12,0.37,-9999.00,-9999.00,-9999.00,1.822
56246,7595.94,3925.79,173.52,15.85,0.57,-9999.00,-9999.00,-9999.00,1.820
56247,8195.18,4234.48,190.30,15.53,0.52,-9999.00,-9999.00,-9999.00,1.826
56248,9518.69,4457.89,181.42,15.47,0.52,-9999.00,-9999.00,-9999.00,1.825
56249,9745.71,5046.56,156.41,11.80,0.35,-9999.00,-9999.00,-9999.00,1.827
56250,11271.13,5525.78,154.24,14.98,0.64,-9999.00,-9999.00,-9999.00,1.831
56251,11481.11,5914.51,131.15,13.73,0.60,-9999.00,-9999.00,-9999.00,1.828
56252,11634.72,6247.94,132.97,10.61,0.34,-9999.00,-9999.00,-9999.00,1.829
56253,11717.19,6454.54,154.25,12.37,0.40,-9999.00,-9999.00,-9999.00,1.830
56254,11455.10,6443.49,144.70,11.49,0.37,-9999.00,-9999.00,-9999.00,1.830
56255,11500.67,6558.69,139.06,13.52,0.51,-9999.00,-9999.00,-9999.00,1.836
56256,11266.95,6524.90,115.58,9.14,0.29,-9999.00,-9999.00,-9999.00,1.834
56257,11021.55,6439.97,124.48,10.48,0.38,-9999.00,-9999.00,-9999.00,1.833
56258,11507.06,6296.67,125.93,9.93,0.31,-9999.00,-9999.00,-9999.00,1.834
56259,11444.68,6616.17,110.33,11.37,0.51,-9999.00,-9999.00,-9999.00,1.830
56260,11655.24,6897.25,139.53,11.28,0.36,-9999.00,-9999.00,-9999.00,1.836
56261,12273.74,6644.43,129.64,10.86,0.36,-9999.00,-9999.00,-9999.00,1.841
56262,11395.65,7369.31,108.31,8.54,0.26,-9999.00,-9999.00,-9999.00,1.839
56263,11237.87,7263.95,94.57,6.38,0.18,-9999.00,-9999.00,-9999.00,1.842
56264,10618.85,6826.40,95.20,7.28,0.23,-9999.00,-9999.00,-9999.00,1.839
56265,10865.99,6515.89,105.02,7.47,0.22,-9999.00,-9999.00,-9999.00,1.843
56266,10264.54,6262.48,104.35,8.19,0.32,-9999.00,-9999.00,-9999.00,1.850
56267,10309.40,6155.97,110.59,9.98,0.40,-9999.00,-9999.00,-9999.00,1.844
56268,10239.94,6140.25,97.83,7.06,0.21,-9999.00,-9999.00,-9999.00,1.847
56269,11138.12,6218.78,118.23,10.20,0.37,-9999.00,-9999.00,-9999.00,1.848
56270,25078.98,6539.11,123.11,10.01,0.34,-9999.00,-9999.00,-9999.00,1.855
56271,32896.97,12564.04,98.41,6.80,0.19,-9999.00,-9999.00,-9999.00,1.852
56272,20651.43,22325.88,108.65,8.20,0.26,-9999.00,-9999.00,-9999.00,1.851
56273,12310.52,17301.78,90.88,7.93,0.36,-9999.00,-9999.00,-9999.00,1.849
56274,11219.03,8442.23,108.68,8.27,0.25,-9999.00,-9999.00,-9999.00,1.853
56275,10610.30,6918.14,99.32,6.66,0.18,-9999.00,-9999.00,-9999.00,1.854
56276,9199.00,6250.84,116.22,7.86,0.21,-9999.00,-9999.00,-9999.00,1.849
56277,8458.44,5414.90,87.76,6.07,0.17,-9999.00,-9999.00,-9999.00,1.855
56278,8334.66,4784.02,101.95,7.28,0.23,-9999.00,-9999.00,-9999.00,1.860
56279,9537.96,4750.28,79.49,5.44,0.15,-9999.00,-9999.00,-9999.00,1.858
56280,11548.73,5278.35,98.41,7.68,0.29,-9999.00,-9999.00,-9999.00,1.859
56281,10899.34,6479.68,100.51,6.30,0.16,-9999.00,-9999.00,-9999.00,1.867
56282,9238.04,6633.40,112.80,8.82,0.32,-9999.00,-9999.00,-9999.00,1.859
56283,9622.34,5420.77,82.27,6.09,0.19,-9999.00,-9999.00,-9999.00,1.861
56284,9722.18,5217.70,95.58,9.66,0.44,-9999.00,-9999.00,-9999.00,1.864
56285,11193.26,5108.33,87.52,5.43,0.14,-9999.00,-9999.00,-9999.00,1.870
56286,12603.37,5634.89,90.29,6.02,0.17,-9999.00,-9999.00,-9999.00,1.870
56287,14949.36,6637.89,96.51,7.47,0.24,-9999.00,-9999.00,-9999.00,1.867
56288,15653.05,8127.55,97.62,7.63,0.28,-9999.00,-9999.00,-9999.00,1.866
56289,15041.65,8584.47,79.52,4.72,0.12,-9999.00,-9999.00,-9999.00,1.868
56290,15039.03,8424.12,102.87,9.63,0.62,-9999.00,-9999.00,-9999.00,1.872
56291,14566.34,8161.69,82.45,6.54,0.23,-9999.00,-9999.00,-9999.00,1.872
56292,14604.58,8267.10,95.68,7.91,0.29,-9999.00,-9999.00,-9999.00,1.880
56293,14885.94,8257.34,78.56,7.63,0.47,-9999.00,-9999.00,-9999.00,1.876
56294,15308.09,8241.36,114.15,7.34,0.20,-9999.00,-9999.00,-9999.00,1.878
56295,15447.05,8320.56,111.51,7.64,0.21,-9999.00,-9999.00,-9999.00,1.877
56296,15682.66,8476.60,107.80,7.44,0.21,-9999.00,-9999.00,-9999.00,1.880
56297,15770.63,8540.05,119.68,7.44,0.20,-9999.00,-9999.00,-9999.00,1.884
56298,15457.32,8602.17,97.41,7.15,0.23,-9999.00,-9999.00,-9999.00,1.883
56299,14360.89,8510.16,98.35,5.85,0.15,-9999.00,-9999.00,-9999.00,1.884
56300,13899.83,8176.37,102.06,6.25,0.16,-9999.00,-9999.00,-9999.00,1.886
56301,14081.76,7897.20,110.14,9.24,0.37,-9999.00,-9999.00,-9999.00,1.889
56302,13968.73,7832.40,83.48,6.32,0.21,-9999.00,-9999.00,-9999.00,1.884
56303,15265.47,8167.03,97.80,7.22,0.22,-9999.00,-9999.00,-9999.00,1.887
56304,17686.81,8346.80,90.04,5.85,0.16,-9999.00,-9999.00,-9999.00,1.886
56305,18726.02,10528.61,122.33,9.40,0.30,-9999.00,-9999.00,-9999.00,1.891
56306,18853.99,11002.94,76.26,6.09,0.22,-9999.00,-9999.00,-9999.00,1.890
56307,20254.69,11025.43,94.87,7.04,0.22,-9999.00,-9999.00,-9999.00,1.890
56308,20833.18,11582.48,86.80,8.13,0.34,-9999.00,-9999.00,-9999.00,1.890
56309,22363.87,12233.23,57.87,4.58,0.14,-9999.00,-9999.00,-9999.00,1.896
56310,23335.55,13044.95,93.85,8.72,0.49,-9999.00,-9999.00,-9999.00,1.897
56311,22588.55,13935.99,80.00,6.03,0.20,-9999.00,-9999.00,-9999.00,1.898
56312,22223.55,13525.71,94.26,6.92,0.21,-9999.00,-9999.00,-9999.00,1.898
56313,21474.37,13076.36,72.36,5.41,0.18,-9999.00,-9999.00,-9999.00,1.893
56314,21486.38,13256.33,61.78,4.65,0.15,-9999.00,-9999.00,-9999.00,1.900
56315,20740.00,12866.48,84.06,4.52,0.11,-9999.00,-9999.00,-9999.00,1.897
56316,20755.24,12741.41,113.07,7.43,0.24,-9999.00,-9999.00,-9999.00,1.903
56317,19998.92,12537.78,86.07,6.69,0.21,-9999.00,-9999.00,-9999.00,1.899
56318,19621.81,12292.49,88.14,6.05,0.17,-9999.00,-9999.00,-9999.00,1.905
56319,19443.14,12185.65,89.53,6.56,0.20,-9999.00,-9999.00,-9999.00,1.895
56320,18406.83,11879.72,85.05,6.01,0.18,-9999.00,-9999.00,-9999.00,1.900
56321,18599.01,11429.23,76.03,6.92,0.29,-9999.00,-9999.00,-9999.00,1.902
56322,18705.74,11242.73,78.93,5.40,0.16,-9999.00,-9999.00,-9999.00,1.908
56323,18621.14,11423.54,82.18,6.35,0.22,-9999.00,-9999.00,-9999.00,1.906
56324,19696.54,11644.13,73.42,6.29,0.23,-9999.00,-9999.00,-9999.00,1.907
56325,21647.00,11847.87,92.70,6.98,0.23,-9999.00,-9999.00,-9999.00,1.908
56326,22825.31,13037.51,73.61,5.61,0.17,-9999.00,-9999.00,-9999.00,1.911
56327,22655.05,13670.48,72.40,4.89,0.15,-9999.00,-9999.00,-9999.00,1.916
56328,22085.13,13987.25,78.33,5.81,0.22,-9999.00,-9999.00,-9999.00,1.911
56329,21516.24,13762.64,67.76,6.51,0.34,-9999.00,-9999.00,-9999.00,1.911
56330,21527.91,13653.74,87.60,6.56,0.21,-9999.00,-9999.00,-9999.00,1.914
56331,23279.34,13152.83,108.32,9.78,0.63,-9999.00,-9999.00,-9999.00,1.917
56332,23290.85,14149.19,105.42,6.67,0.18,-9999.00,-9999.00,-9999.00,1.917
56333,22724.12,14430.79,59.42,3.59,0.09,-9999.00,-9999.00,-9999.00,1.918
56334,19818.93,14281.29,102.58,6.79,0.19,-9999.00,-9999.00,-9999.00,1.923
56335,19365.26,13493.46,77.41,5.70,0.20,-9999.00,-9999.00,-9999.00,1.920
56336,17501.07,12367.42,79.00,6.38,0.29,-9999.00,-9999.00,-9999.00,1.920
56337,15312.77,11693.74,66.46,4.60,0.13,-9999.00,-9999.00,-9999.00,1.921
56338,14574.77,10254.88,93.46,6.45,0.18,-9999.00,-9999.00,-9999.00,1.924
56339,17500.07,9635.74,81.76,4.77,0.11,-9999.00,-9999.00,-9999.00,1.925
56340,18475.13,10298.57,67.89,4.28,0.11,-9999.00,-9999.00,-9999.00,1.932
56341,22396.37,11217.66,79.60,5.51,0.16,-9999.00,-9999.00,-9999.00,1.927
56342,24549.63,13541.27,96.23,8.14,0.35,-9999.00,-9999.00,-9999.00,1.928
56343,26314.99,16120.37,68.26,4.53,0.13,-9999.00,-9999.00,-9999.00,1.928
56344,30625.88,17283.14,85.56,7.18,0.36,-9999.00,-9999.00,-9999.00,1.931
56345,30642.68,19712.81,82.90,5.78,0.17,-9999.00,-9999.00,-9999.00,1.932
56346,31453.10,20708.26,71.41,5.34,0.23,-9999.00,-9999.00,-9999.00,1.928
56347,30285.38,20515.90,84.03,6.62,0.23,-9999.00,-9999.00,-9999.00,1.933
56348,30494.34,20525.03,75.77,6.85,0.41,-9999.00,-9999.00,-9999.00,1.934
56349,32841.48,20525.92,92.21,6.20,0.17,-9999.00,-9999.00,-9999.00,1.934
56350,37160.28,21122.68,100.81,7.19,0.27,-9999.00,-9999.00,-9999.00,1.938
56351,42080.48,21529.55,69.87,4.10,0.10,-9999.00,-9999.00,-9999.00,1.935
56352,40734.01,23108.72,79.51,6.15,0.19,-9999.00,-9999.00,-9999.00,1.937
56353,34681.32,23708.70,75.62,4.98,0.14,-9999.00,-9999.00,-9999.00,1.943
56354,32166.57,22359.69,80.51,5.10,0.14,-9999.00,-9999.00,-9999.00,1.944
56355,32205.64,21208.59,75.83,5.90,0.19,-9999.00,-9999.00,-9999.00,1.943
56356,36925.66,21409.03,70.01,4.82,0.15,-9999.00,-9999.00,-9999.00,1.942
56357,32216.31,22590.70,58.41,3.96,0.13,-9999.00,-9999.00,-9999.00,1.946
56358,35180.00,21619.00,65.99,4.44,0.13,-9999.00,-9999.00,-9999.00,1.948
56359,33036.08,22024.05,63.06,4.32,0.13,-9999.00,-9999.00,-9999.00,1.946
56360,31867.85,21638.66,57.01,4.18,0.15,-9999.00,-9999.00,-9999.00,1.950
56361,32280.05,19879.79,47.87,3.22,0.10,-9999.00,-9999.00,-9999.00,1.947
56362,32497.43,19340.89,50.06,3.71,0.11,-9999.00,-9999.00,-9999.00,1.954
56363,32520.22,19354.46,40.28,2.67,0.07,-9999.00,-9999.00,-9999.00,1.951
56364,32536.27,19541.48,48.35,2.87,0.07,-9999.00,-9999.00,-9999.00,1.956
56365,34709.63,19563.61,51.45,3.12,0.08,-9999.00,-9999.00,-9999.00,1.952
56366,34145.15,20329.19,60.21,3.84,0.10,-9999.00,-9999.00,-9999.00,1.958
56367,33359.75,20331.68,57.31,3.73,0.10,-9999.00,-9999.00,-9999.00,1.957
56368,33762.86,20139.25,59.86,3.94,0.12,-9999.00,-9999.00,-9999.00,1.960
56369,33205.61,20160.55,40.68,2.59,0.07,-9999.00,-9999.00,-9999.00,1.958
56370,33838.53,20184.38,57.39,3.50,0.09,-9999.00,-9999.00,-9999.00,1.955
