NASA Intern/Datasets/LARGE/SASA-LARGE-OPTICAL_P3B_20220712_RA_L2.ict
87,1001
Richard Moore, Luke Ziemba, Edward Winstead, Michael Shook, Claire Robinson, John Barrick, Bruce Anderson, and Ali Omar
NASA Langley
In-situ optical aerosol measurements from the NASA P3B
NASA SASA
1,1
2022,07,12,2022,07,13
1.0
Time_Mid,Secs after midnight,Time of acquisition
19
1,1,1,1,1,1,1,1,1,1,1,1,1,1,1,1,1,1,1
-9999,-9999,-9999,-9999,-9999,-9999,-9999,-9999,-9999,-9999,-9999,-9999,-9999,-9999,-9999,-9999,-9999,-9999,-9999
Sc550_total_amb, Mm-1, AerOpt_Scattering_InSitu_Green_RHa_Bulk_STP, scattering coefficient of ambient  particles at 550nm
Sc450_total, Mm-1, AerOpt_Scattering_InSitu_Blue_RHd_Bulk_STP, Dry Scattering at 450nm (Total Aerosols)
Sc550_total, Mm-1, AerOpt_Scattering_InSitu_Green_RHd_Bulk_STP, Dry Scattering at 550nm (Total Aerosols)
Sc700_total, Mm-1, AerOpt_Scattering_InSitu_Red_RHd_Bulk_STP, Dry Scattering at 700nm (Total Aerosols)
Abs470_total, Mm-1, AerOpt_Absorption_InSitu_Blue_RHd_Bulk_STP, Dry absorption at 470nm (Total Aerosols)
Abs532_total, Mm-1, AerOpt_Absorption_InSitu_Green_RHd_Bulk_STP, Dry absorption at 532nm (Total Aerosols)
Abs660_total, Mm-1, AerOpt_Absorption_InSitu_Red_RHd_Bulk_STP, Dry absorption at 660nm (Total Aerosols)
Ext532_total_amb, Mm-1, AerOpt_Extinction_InSitu_Green_RHa_Bulk_STP, extinction coefficient of aerosols at 532nm for AMBIENT relative humidity
Ext532_total_dry, Mm-1, AerOpt_Extinction_InSitu_Green_RHd_Bulk_STP, extinction coefficient of aerosols at 532nm for DRY relative humidity
gamma550, unitless, AerOpt_Gamma_InSitu_Green_None_Bulk_STP, derived hygroscopic growth factor for particles at 550nm
fRH550_RH20to80, unitless, AerOpt_fRHScat_InSitu_Green_RHsp_Bulk_STP, derived hygroscopic growth parameter for particles at 550nm
AEscatAMB_450to700nm,unitless, AerOpt_AngstromExponentScat_InSitu_BluetoRed_RHa_Bulk_STP, derived ambient Angstrom Exponent for scattering coefficient over wavelength range from 450nm to 700nm
AEscatDRY_450to700nm,unitless, AerOpt_AngstromExponentScatInSitu_BluetoRed_RHd_Bulk_STP, derived dry Angstrom Exponent for scattering coefficient over wavelength range from 450nm to 700nm
AEabsDRY_470to660nm,unitless, AerOpt_AngstromExponentAbs_InSitu_BluetoRed_RHd_Bulk_STP, derived dry Angstrom Exponent for absorption coefficient over wavelength range from 450nm to 700nm
SSA_dry_450nm,unitless, AerOpt_SSA_InSitu_Blue_RHd_Bulk_STP, single_scattering_albedo_at_450nm_as_derived_from_dry_scattering_and_absorption
SSA_dry_550nm,unitless, AerOpt_SSA_InSitu_Green_RHd_Bulk_STP, single_scattering_albedo_at_550nm_as_derived_from_dry_scattering_and_absorption
SSA_dry_700nm,unitless, AerOpt_SSA_InSitu_Red_RHd_Bulk_STP, single_scattering_albedo_at_700nm_as_derived_from_dry_scattering_and_absorption
SSA_amb_550nm,unitless, AerOpt_SSA_InSitu_Green_RHa_Bulk_STP, single_scattering_albedo_at_550nm_as_derived_from_ambient_scattering_and_absorption
stdPT,unitless, None, Conversion factor to convert between ambient and standard pressure and temperature conditions
0
54
******************************************************************************************************************
Langley Aerosol data from the 2022 SASA field campaign
 
PI_CONTACT_INFO: richard.h.moore@nasa.gov
PLATFORM: NASA P3B aircraft
LOCATION: Latitude, Longitude, and Altitude included in MetNav files
ASSOCIATED_DATA: N/A
[...]
ANGSTROM EXPONENT AND SSA CALCULATIONS: 
	- The Absorption coefficients were corrected to the wavelengths of the TSI nepholometer using the measured angstrom exponents
	- The scattering and absorption coefficients were smoothed with a 30s running average to compute the SSA and AE
	- Ambient SSA is calculated with ambient scattering and dry absorption
	- SSA is computed only when both scattering and absorption are greater than 1 Mm-1
	- Scattering Angstrom Exponents are computed only when relevant scattering measurements are greater than 1 Mm-1
	- Absorption Angstrom Exponents are computed only when relevant absorption measurements are greater than 2 Mm-1
DATA_INFO: Aerosol measurements are reported at standard temperature and pressure (0 deg C, 1013 mb)
UNCERTAINTY: all data are 5%
ULOD_FLAG: -7777
ULOD_VALUE: N/A
LLOD_FLAG: -8888
LLOD_VALUE: N/A
DM_CONTACT_INFO: Michael Shook (michael.shook@nasa.gov)
PROJECT_INFO: SASA 2022
STIPULATIONS_ON_USE: This is FIELD data. Please consult the PI and/or DM prior to use.
OTHER_COMMENTS: Ambient calculations currently use RH data from field Hsking files. Once available, calculations will be updated with final MetNav data.
REVISION: RA
RA: None
******************************************************************************************************************
Time_Mid,Sc550_total_amb,Sc450_total,Sc550_total,Sc700_total,Abs470_total,Abs532_total,Abs660_total,Ext532_total_amb,Ext532_total_dry,gamma550,fRH550_RH20to80,AEscatAMB_450to700nm,AEscatDRY_450to700nm,AEabsDRY_470to660nm,SSA_dry_450nm,SSA_dry_550nm,SSA_dry_700nm,SSA_amb_550nm,stdPT
[from data line 3072]
69867,-9999.00,57.53,35.66,11.74,2.50,2.70,3.05,-9999.00,41.66,-9999.00,-9999.00,-9999,3.08,0.76,0.944,0.922,0.861,-9999,1.172
69868,-9999.00,58.30,35.88,12.47,4.04,3.43,1.91,-9999.00,42.62,-9999.00,-9999.00,-9999,3.07,0.71,0.945,0.923,0.861,-9999,1.171
69869,-9999.00,58.73,35.88,13.13,4.03,2.96,2.35,-9999.00,42.13,-9999.00,-9999.00,-9999,3.08,0.80,0.944,0.923,0.863,-9999,1.173
69870,-9999.00,58.00,35.26,14.06,3.89,3.11,3.78,-9999.00,41.61,-9999.00,-9999.00,-9999,3.09,0.82,0.944,0.923,0.864,-9999,1.178
69871,-9999.00,57.18,34.55,15.01,3.90,2.86,3.16,-9999.00,40.61,-9999.00,-9999.00,-9999,3.09,0.70,0.945,0.923,0.860,-9999,1.176
69872,-9999.00,55.68,33.15,14.80,2.79,2.42,1.65,-9999.00,38.65,-9999.00,-9999.00,-9999,3.10,0.68,0.945,0.924,0.859,-9999,1.179
69873,-9999.00,54.45,31.90,14.67,2.88,2.85,2.45,-9999.00,37.71,-9999.00,-9999.00,-9999,3.11,0.82,0.945,0.925,0.865,-9999,1.177
69874,-9999.00,52.60,32.06,14.87,3.07,2.85,2.18,-9999.00,37.86,-9999.00,-9999.00,-9999,3.10,0.93,0.946,0.926,0.870,-9999,1.176
69875,-9999.00,50.77,32.24,15.09,3.18,2.58,0.93,-9999.00,37.78,-9999.00,-9999.00,-9999,3.09,0.92,0.946,0.926,0.870,-9999,1.175
69876,-9999.00,50.79,32.17,15.00,4.52,2.72,2.31,-9999.00,37.83,-9999.00,-9999.00,-9999,3.08,0.90,0.944,0.924,0.868,-9999,1.174
69877,-9999.00,50.71,32.03,14.88,3.95,3.19,3.96,-9999.00,38.14,-9999.00,-9999.00,-9999,3.06,0.85,0.944,0.924,0.866,-9999,1.173
69878,-9999.00,53.87,31.80,14.34,2.83,3.19,2.65,-9999.00,37.85,-9999.00,-9999.00,-9999,3.04,0.78,0.945,0.924,0.866,-9999,1.175
69879,-9999.00,57.23,31.72,13.86,2.69,2.51,1.02,-9999.00,37.06,-9999.00,-9999.00,-9999,3.03,0.76,0.945,0.925,0.866,-9999,1.174
69880,-9999.00,57.70,31.97,15.17,2.60,2.65,1.71,-9999.00,37.43,-9999.00,-9999.00,-9999,3.01,0.74,0.945,0.925,0.866,-9999,1.175
69881,-9999.00,58.34,32.30,16.53,1.96,3.38,2.80,-9999.00,38.48,-9999.00,-9999.00,-9999,2.97,0.74,0.945,0.926,0.867,-9999,1.176
69882,-9999.00,57.06,36.25,18.88,1.87,2.78,3.66,-9999.00,42.15,-9999.00,-9999.00,-9999,2.95,0.80,0.944,0.926,0.869,-9999,1.173
69883,-9999.00,57.70,35.80,16.96,3.33,1.98,2.72,-9999.00,40.86,-9999.00,-9999.00,-9999,2.93,0.91,0.943,0.926,0.872,-9999,1.179
69884,-9999.00,58.57,35.45,15.13,4.66,2.98,1.64,-9999.00,41.51,-9999.00,-9999.00,-9999,2.93,0.93,0.942,0.925,0.872,-9999,1.174
69885,-9999.00,58.97,32.24,15.47,3.78,3.91,2.76,-9999.00,38.96,-9999.00,-9999.00,-9999,2.91,0.86,0.942,0.925,0.870,-9999,1.176
69886,-9999.00,58.81,32.58,15.12,3.64,2.83,3.89,-9999.00,38.27,-9999.00,-9999.00,-9999,2.89,0.85,0.943,0.926,0.872,-9999,1.175
69887,-9999.00,58.71,32.97,14.78,3.08,1.76,3.10,-9999.00,37.62,-9999.00,-9999.00,-9999,2.88,0.89,0.943,0.925,0.874,-9999,1.175
69888,-9999.00,59.23,34.22,14.76,2.03,2.13,0.27,-9999.00,39.36,-9999.00,-9999.00,-9999,2.88,0.86,0.943,0.924,0.873,-9999,1.176
69889,-9999.00,59.78,35.50,14.82,2.87,2.51,0.27,-9999.00,41.14,-9999.00,-9999.00,-9999,2.89,0.81,0.943,0.925,0.871,-9999,1.174
69890,-9999.00,59.36,34.23,14.82,3.43,3.07,3.10,-9999.00,40.32,-9999.00,-9999.00,-9999,2.89,0.79,0.942,0.925,0.868,-9999,1.175
69891,-9999.00,59.01,33.01,14.91,4.70,3.76,3.89,-9999.00,39.70,-9999.00,-9999.00,-9999,2.89,0.74,0.942,0.925,0.867,-9999,1.171
69892,-9999.00,56.97,37.43,17.04,4.14,3.42,3.11,-9999.00,44.19,-9999.00,-9999.00,-9999,2.90,0.70,0.944,0.924,0.868,-9999,1.172
69893,-9999.00,57.13,37.67,16.83,1.88,3.48,2.65,-9999.00,44.52,-9999.00,-9999.00,-9999,2.91,0.77,0.945,0.924,0.872,-9999,1.173
69894,-9999.00,57.06,37.76,16.54,2.24,3.01,2.40,-9999.00,44.16,-9999.00,-9999.00,-9999,2.91,0.82,0.945,0.925,0.874,-9999,1.172
69895,-9999.00,58.05,39.43,18.89,3.42,2.32,2.14,-9999.00,45.28,-9999.00,-9999.00,-9999,2.91,0.74,0.945,0.924,0.870,-9999,1.176
69896,-9999.00,59.31,41.26,21.35,3.27,2.42,2.35,-9999.00,47.38,-9999.00,-9999.00,-9999,2.92,0.72,0.944,0.924,0.869,-9999,1.175
69897,-9999.00,54.78,36.79,17.16,3.34,2.17,2.71,-9999.00,42.26,-9999.00,-9999.00,-9999,2.94,0.83,0.943,0.925,0.869,-9999,1.171
69898,-9999.00,56.60,34.47,15.23,4.48,3.20,1.64,-9999.00,40.79,-9999.00,-9999.00,-9999,2.96,0.92,0.942,0.925,0.870,-9999,1.175
69899,-9999.00,58.20,32.12,13.37,5.07,4.04,2.28,-9999.00,39.08,-9999.00,-9999.00,-9999,2.96,0.92,0.943,0.924,0.871,-9999,1.172
69900,-9999.00,58.11,32.81,17.25,3.73,2.70,4.03,-9999.00,38.51,-9999.00,-9999.00,-9999,2.96,0.85,0.944,0.923,0.871,-9999,1.177
69901,-9999.00,56.88,32.61,16.73,2.91,2.44,3.12,-9999.00,38.01,-9999.00,-9999.00,-9999,2.97,0.82,0.945,0.924,0.871,-9999,1.175
69902,-9999.00,55.93,32.57,16.29,3.42,3.58,1.75,-9999.00,39.09,-9999.00,-9999.00,-9999,2.97,0.84,0.945,0.925,0.872,-9999,1.173
69903,-9999.00,58.95,34.35,15.95,2.60,3.34,2.22,-9999.00,40.76,-9999.00,-9999.00,-9999,2.97,0.83,0.945,0.925,0.872,-9999,1.172
69904,-9999.00,62.03,36.14,15.64,3.46,2.63,4.26,-9999.00,41.98,-9999.00,-9999.00,-9999,2.97,0.75,0.944,0.924,0.867,-9999,1.177
69905,-9999.00,60.40,35.21,16.26,5.04,2.85,4.38,-9999.00,41.20,-9999.00,-9999.00,-9999,2.96,0.68,0.943,0.923,0.862,-9999,1.177
69906,-9999.00,58.76,34.27,16.89,3.38,3.01,2.20,-9999.00,40.32,-9999.00,-9999.00,-9999,2.94,0.71,0.943,0.924,0.865,-9999,1.172
69907,-9999.00,56.66,33.51,15.35,2.01,3.49,1.58,-9999.00,39.97,-9999.00,-9999.00,-9999,2.92,0.76,0.945,0.925,0.871,-9999,1.171
69908,-9999.00,54.92,32.95,13.95,2.46,3.50,0.88,-9999.00,39.39,-9999.00,-9999.00,-9999,2.92,0.77,0.946,0.925,0.874,-9999,1.179
69909,-9999.00,64.74,35.66,16.28,3.19,2.91,1.68,-9999.00,41.77,-9999.00,-9999.00,-9999,2.92,0.77,0.945,0.926,0.873,-9999,1.170
69910,-9999.00,64.35,36.17,15.77,3.63,3.10,3.86,-9999.00,42.54,-9999.00,-9999.00,-9999,2.92,0.74,0.945,0.926,0.871,-9999,1.175
69911,-9999.00,63.98,36.70,15.35,3.57,2.95,2.95,-9999.00,43.00,-9999.00,-9999.00,-9999,2.92,0.70,0.945,0.926,0.870,-9999,1.171
69912,-9999.00,60.08,33.90,12.43,4.55,3.06,1.71,-9999.00,40.09,-9999.00,-9999.00,-9999,2.94,0.75,0.945,0.925,0.870,-9999,1.175
69913,-9999.00,62.76,33.68,17.03,3.57,2.88,2.59,-9999.00,39.67,-9999.00,-9999.00,-9999,2.94,0.84,0.945,0.925,0.872,-9999,1.174
69914,-9999.00,58.53,33.73,15.81,1.97,2.68,1.83,-9999.00,39.54,-9999.00,-9999.00,-9999,2.93,0.78,0.945,0.925,0.873,-9999,1.174
69915,-9999.00,58.37,33.61,15.03,2.68,3.69,1.84,-9999.00,40.39,-9999.00,-9999.00,-9999,2.93,0.64,0.947,0.926,0.871,-9999,1.174
69916,-9999.00,58.44,33.61,14.32,2.60,3.01,2.78,-9999.00,39.71,-9999.00,-9999.00,-9999,2.94,0.67,0.947,0.926,0.872,-9999,1.175
69917,-9999.00,55.06,34.62,13.54,2.76,1.73,2.74,-9999.00,39.53,-9999.00,-9999.00,-9999,2.96,0.75,0.946,0.925,0.871,-9999,1.171
69918,-9999.00,54.45,34.42,13.73,2.91,2.07,3.06,-9999.00,39.65,-9999.00,-9999.00,-9999,2.97,0.71,0.946,0.925,0.868,-9999,1.171
69919,-9999.00,53.96,34.29,13.95,3.34,3.07,3.45,-9999.00,40.52,-9999.00,-9999.00,-9999,2.98,0.72,0.946,0.926,0.869,-9999,1.170
69920,-9999.00,56.71,34.55,16.20,4.83,3.47,3.79,-9999.00,41.20,-9999.00,-9999.00,-9999,2.97,0.82,0.946,0.926,0.874,-9999,1.173
69921,-9999.00,59.50,34.83,18.61,3.08,2.40,2.03,-9999.00,40.44,-9999.00,-9999.00,-9999,2.98,0.83,0.947,0.926,0.877,-9999,1.176
69922,-9999.00,59.70,34.90,19.06,1.53,2.40,0.11,-9999.00,40.53,-9999.00,-9999.00,-9999,2.99,0.77,0.948,0.925,0.875,-9999,1.171
69923,-9999.00,59.75,34.88,19.45,2.23,3.00,1.22,-9999.00,41.11,-9999.00,-9999.00,-9999,2.99,0.79,0.947,0.926,0.873,-9999,1.175
69924,-9999.00,57.41,34.07,16.49,3.12,2.55,3.59,-9999.00,39.77,-9999.00,-9999.00,-9999,2.99,0.79,0.946,0.927,0.872,-9999,1.175
69925,-9999.00,57.07,34.17,16.81,2.99,2.15,3.98,-9999.00,39.46,-9999.00,-9999.00,-9999,2.96,0.76,0.947,0.927,0.873,-9999,1.172
69926,-9999.00,56.74,34.27,17.13,2.57,2.41,2.46,-9999.00,39.84,-9999.00,-9999.00,-9999,2.96,0.73,0.947,0.928,0.874,-9999,1.171
69927,-9999.00,56.57,34.69,17.06,3.99,2.54,1.67,-9999.00,40.41,-9999.00,-9999.00,-9999,2.95,0.69,0.948,0.929,0.873,-9999,1.173
69928,-9999.00,56.53,35.19,17.03,4.20,2.39,0.94,-9999.00,40.81,-9999.00,-9999.00,-9999,2.95,0.63,0.949,0.929,0.874,-9999,1.176
69929,-9999.00,60.67,36.93,18.12,2.86,3.36,1.97,-9999.00,43.66,-9999.00,-9999.00,-9999,2.96,0.61,0.950,0.930,0.874,-9999,1.172
69930,-9999.00,58.55,34.98,15.00,2.26,3.26,3.76,-9999.00,41.43,-9999.00,-9999.00,-9999,2.98,0.65,0.949,0.930,0.873,-9999,1.174
69931,-9999.00,58.73,34.53,14.22,3.52,2.59,3.05,-9999.00,40.28,-9999.00,-9999.00,-9999,2.99,0.64,0.948,0.930,0.871,-9999,1.176
69932,-9999.00,58.84,34.04,13.42,5.42,3.54,3.01,-9999.00,40.68,-9999.00,-9999.00,-9999,2.98,0.66,0.949,0.930,0.872,-9999,1.174
69933,-9999.00,59.11,33.87,14.05,4.15,3.34,3.25,-9999.00,40.30,-9999.00,-9999.00,-9999,2.98,0.70,0.949,0.930,0.875,-9999,1.175
69934,-9999.00,59.33,33.66,14.69,1.74,2.28,1.33,-9999.00,39.02,-9999.00,-9999.00,-9999,2.98,0.72,0.949,0.930,0.876,-9999,1.178
69935,-9999.00,60.93,35.85,16.62,2.49,2.24,0.89,-9999.00,41.39,-9999.00,-9999.00,-9999,2.97,0.78,0.948,0.929,0.876,-9999,1.178
69936,-9999.00,61.15,33.64,15.37,3.11,3.55,2.76,-9999.00,40.30,-9999.00,-9999.00,-9999,2.97,0.82,0.948,0.929,0.877,-9999,1.173
69937,-9999.00,58.70,33.35,14.81,2.81,3.69,3.23,-9999.00,40.12,-9999.00,-9999.00,-9999,2.98,0.76,0.948,0.929,0.876,-9999,1.175
69938,-9999.00,56.09,32.99,14.23,4.13,2.16,2.72,-9999.00,38.19,-9999.00,-9999.00,-9999,2.98,0.71,0.948,0.928,0.873,-9999,1.174
69939,-9999.00,61.22,35.63,16.30,3.26,2.44,1.42,-9999.00,41.37,-9999.00,-9999.00,-9999,2.98,0.70,0.947,0.928,0.871,-9999,1.175
69940,-9999.00,54.80,32.65,19.69,2.04,3.05,1.61,-9999.00,38.73,-9999.00,-9999.00,-9999,2.98,0.71,0.947,0.928,0.872,-9999,1.173
69941,-9999.00,63.45,35.81,16.77,2.37,1.70,3.78,-9999.00,40.84,-9999.00,-9999.00,-9999,3.00,0.78,0.947,0.927,0.873,-9999,1.173
69942,-9999.00,60.89,36.79,14.84,2.51,1.82,3.03,-9999.00,42.01,-9999.00,-9999.00,-9999,3.01,0.81,0.947,0.927,0.873,-9999,1.172
69943,-9999.00,61.60,36.27,14.35,2.07,2.56,1.40,-9999.00,42.18,-9999.00,-9999.00,-9999,3.02,0.76,0.947,0.927,0.871,-9999,1.173
69944,-9999.00,62.45,35.84,13.89,2.47,2.63,2.07,-9999.00,41.76,-9999.00,-9999.00,-9999,3.02,0.72,0.946,0.925,0.867,-9999,1.172
69945,-9999.00,62.30,35.31,13.72,3.95,3.11,2.54,-9999.00,41.66,-9999.00,-9999.00,-9999,3.00,0.75,0.945,0.925,0.867,-9999,1.176
69946,-9999.00,62.22,34.82,13.57,3.88,3.38,3.00,-9999.00,41.39,-9999.00,-9999.00,-9999,2.98,0.79,0.945,0.926,0.870,-9999,1.173
69947,-9999.00,61.73,37.33,16.21,2.21,2.61,1.94,-9999.00,43.35,-9999.00,-9999.00,-9999,2.96,0.76,0.945,0.926,0.870,-9999,1.175
69948,-9999.00,54.61,34.15,13.25,1.71,2.00,0.84,-9999.00,39.24,-9999.00,-9999.00,-9999,2.94,0.76,0.946,0.927,0.873,-9999,1.172
69949,-9999.00,55.01,32.80,14.79,3.52,2.44,2.97,-9999.00,38.18,-9999.00,-9999.00,-9999,2.91,0.80,0.947,0.927,0.878,-9999,1.171
69950,-9999.00,55.58,31.55,16.63,5.83,3.94,3.86,-9999.00,38.29,-9999.00,-9999.00,-9999,2.90,0.78,0.946,0.927,0.876,-9999,1.172
69951,-9999.00,60.28,35.45,16.25,4.63,3.52,2.74,-9999.00,42.12,-9999.00,-9999.00,-9999,2.88,0.74,0.946,0.926,0.875,-9999,1.175
69952,-9999.00,60.31,35.49,17.85,2.37,2.59,2.96,-9999.00,41.22,-9999.00,-9999.00,-9999,2.88,0.79,0.947,0.927,0.878,-9999,1.172
69953,-9999.00,60.31,35.48,19.47,2.50,3.26,2.07,-9999.00,41.88,-9999.00,-9999.00,-9999,2.87,0.82,0.946,0.928,0.879,-9999,1.178
69954,-9999.00,60.32,34.53,18.21,2.85,3.14,2.04,-9999.00,40.73,-9999.00,-9999.00,-9999,2.87,0.72,0.947,0.928,0.877,-9999,1.174
69955,-9999.00,60.39,33.61,16.97,3.34,3.16,3.51,-9999.00,39.75,-9999.00,-9999.00,-9999,2.86,0.75,0.947,0.928,0.879,-9999,1.175
69956,-9999.00,61.71,36.02,14.95,3.68,2.63,2.70,-9999.00,41.87,-9999.00,-9999.00,-9999,2.88,0.87,0.947,0.929,0.881,-9999,1.176
69957,-9999.00,52.57,35.20,14.65,2.95,2.26,1.92,-9999.00,40.62,-9999.00,-9999.00,-9999,2.88,0.89,0.947,0.927,0.882,-9999,1.174
69958,-9999.00,60.68,36.15,14.94,3.92,3.84,3.03,-9999.00,43.24,-9999.00,-9999.00,-9999,2.87,0.91,0.947,0.926,0.883,-9999,1.176
69959,-9999.00,54.86,37.26,16.73,6.24,4.44,3.58,-9999.00,45.06,-9999.00,-9999.00,-9999,2.85,0.89,0.945,0.926,0.881,-9999,1.173
69960,-9999.00,59.99,37.53,21.14,4.43,3.23,2.43,-9999.00,44.15,-9999.00,-9999.00,-9999,2.83,0.84,0.945,0.926,0.880,-9999,1.176
69961,-9999.00,60.09,37.43,19.98,2.31,2.62,2.72,-9999.00,43.43,-9999.00,-9999.00,-9999,2.81,0.82,0.946,0.927,0.881,-9999,1.176
69962,-9999.00,60.15,37.30,18.82,3.43,2.82,3.60,-9999.00,43.46,-9999.00,-9999.00,-9999,2.81,0.82,0.947,0.928,0.883,-9999,1.179
69963,-9999.00,57.44,37.35,19.14,3.07,2.76,1.35,-9999.00,43.47,-9999.00,-9999.00,-9999,2.81,0.80,0.947,0.927,0.882,-9999,1.179
69964,-9999.00,54.71,37.43,19.46,2.42,3.03,0.95,-9999.00,43.84,-9999.00,-9999.00,-9999,2.81,0.82,0.946,0.926,0.880,-9999,1.175
69965,-9999.00,56.86,36.87,15.82,3.37,3.30,3.01,-9999.00,43.49,-9999.00,-9999.00,-9999,2.82,0.88,0.946,0.926,0.882,-9999,1.175
69966,-9999.00,62.86,36.46,21.12,2.38,2.64,1.90,-9999.00,42.37,-9999.00,-9999.00,-9999,2.82,0.83,0.947,0.928,0.884,-9999,1.177
69967,-9999.00,62.34,35.77,16.61,2.54,2.24,0.82,-9999.00,41.23,-9999.00,-9999.00,-9999,2.81,0.79,0.948,0.927,0.884,-9999,1.172
69968,-9999.00,62.16,35.85,16.87,3.32,2.98,2.99,-9999.00,42.07,-9999.00,-9999.00,-9999,2.81,0.89,0.947,0.927,0.885,-9999,1.171
69969,-9999.00,62.00,35.94,17.14,2.61,2.77,4.23,-9999.00,41.99,-9999.00,-9999.00,-9999,2.83,0.86,0.946,0.927,0.883,-9999,1.177
69970,-9999.00,64.42,37.00,17.90,3.56,1.95,0.73,-9999.00,42.34,-9999.00,-9999.00,-9999,2.84,0.76,0.947,0.927,0.880,-9999,1.173
69971,-9999.00,66.39,36.47,18.42,3.93,2.83,0.06,-9999.00,42.62,-9999.00,-9999.00,-9999,2.84,0.80,0.949,0.928,0.884,-9999,1.175
69972,-9999.00,68.28,35.93,18.93,2.20,4.05,3.01,-9999.00,43.23,-9999.00,-9999.00,-9999,2.84,0.85,0.949,0.929,0.886,-9999,1.171
69973,-9999.00,59.94,33.65,17.86,3.13,3.43,3.10,-9999.00,40.15,-9999.00,-9999.00,-9999,2.83,0.83,0.948,0.928,0.884,-9999,1.174
69974,-9999.00,58.88,33.32,17.84,4.21,2.36,3.50,-9999.00,38.74,-9999.00,-9999.00,-9999,2.83,0.85,0.948,0.928,0.885,-9999,1.172
69975,-9999.00,58.12,33.16,17.92,2.32,1.96,3.29,-9999.00,38.16,-9999.00,-9999.00,-9999,2.83,0.84,0.950,0.930,0.889,-9999,1.176
69976,-9999.00,58.82,34.48,15.73,1.97,1.73,1.50,-9999.00,39.35,-9999.00,-9999.00,-9999,2.85,0.77,0.950,0.930,0.886,-9999,1.171
69977,-9999.00,59.34,35.64,13.79,2.32,1.90,1.74,-9999.00,40.75,-9999.00,-9999.00,-9999,2.86,0.77,0.949,0.931,0.884,-9999,1.176
69978,-9999.00,61.65,35.88,16.02,2.34,3.44,2.68,-9999.00,42.56,-9999.00,-9999.00,-9999,2.87,0.79,0.950,0.930,0.886,-9999,1.172
69979,-9999.00,57.31,34.12,12.80,4.12,3.94,2.10,-9999.00,41.16,-9999.00,-9999.00,-9999,2.88,0.80,0.949,0.930,0.884,-9999,1.175
69980,-9999.00,58.22,34.87,15.02,3.67,2.39,1.64,-9999.00,40.46,-9999.00,-9999.00,-9999,2.91,0.83,0.948,0.930,0.882,-9999,1.181
69981,-9999.00,59.12,35.55,17.55,2.60,2.18,2.64,-9999.00,41.03,-9999.00,-9999.00,-9999,2.92,0.80,0.949,0.930,0.881,-9999,1.176
69982,-9999.00,61.03,34.78,17.86,3.68,3.67,2.90,-9999.00,41.67,-9999.00,-9999.00,-9999,2.95,0.78,0.948,0.929,0.878,-9999,1.175
69983,-9999.00,63.10,34.14,18.24,4.62,3.55,2.23,-9999.00,40.84,-9999.00,-9999.00,-9999,2.95,0.71,0.947,0.928,0.873,-9999,1.177
69984,-9999.00,63.05,33.21,17.28,3.84,2.83,3.71,-9999.00,39.10,-9999.00,-9999.00,-9999,2.96,0.68,0.947,0.927,0.871,-9999,1.175
69985,-9999.00,63.42,32.50,16.44,1.08,2.77,3.53,-9999.00,38.27,-9999.00,-9999.00,-9999,2.97,0.81,0.947,0.927,0.875,-9999,1.171
69986,-9999.00,56.66,35.80,14.11,0.54,1.37,0.29,-9999.00,40.46,-9999.00,-9999.00,-9999,2.98,0.78,0.946,0.926,0.872,-9999,1.178
69987,-9999.00,56.20,34.79,15.30,3.29,1.59,1.18,-9999.00,39.57,-9999.00,-9999.00,-9999,2.97,0.62,0.947,0.927,0.868,-9999,1.177
69988,-9999.00,55.86,33.82,16.72,4.85,3.83,3.85,-9999.00,40.74,-9999.00,-9999.00,-9999,2.98,0.59,0.947,0.929,0.867,-9999,1.174
69989,-9999.00,57.94,31.85,13.99,3.45,3.52,2.14,-9999.00,38.28,-9999.00,-9999.00,-9999,2.98,0.62,0.949,0.930,0.871,-9999,1.174
69990,-9999.00,53.33,37.19,15.68,1.82,2.22,0.51,-9999.00,42.78,-9999.00,-9999.00,-9999,2.98,0.72,0.950,0.931,0.878,-9999,1.172
69991,-9999.00,53.94,37.93,15.90,3.79,2.21,3.67,-9999.00,43.56,-9999.00,-9999.00,-9999,3.01,0.78,0.951,0.933,0.882,-9999,1.176
