NASA Intern/Datasets/LARGE/SASA-LARGE-UHSAS_P3B_20220712_RA_L2.ict
70, 1001
Richard Moore, Luke Ziemba, Edward Winstead, Michael Shook, Claire Robinson, John Barrick, Bruce Anderson, and Ali Omar
NASA Langley
In-situ Submicron  Particle Size Distributions from the DMT UHSAS on the NASA P3B
NASA SASA
1,1
2022,07,12,2022,07,13
1.0
Start_UTC,Secs after midnight,Time of acquisition
29
1,1,1,1,1,1,1,1,1,1,1,1,1,1,1,1,1,1,1,1,1,1,1,1,1,1,1,1,1
-9999,-9999,-9999,-9999,-9999,-9999,-9999,-9999,-9999,-9999,-9999,-9999,-9999,-9999,-9999,-9999,-9999,-9999,-9999,-9999,-9999,-9999,-9999,-9999,-9999,-9999,-9999,-9999,-9999
nUHSAS_PSL, #/cm3, integrated UHSAS Dry Aerosol Number Concentration (PSL optical diameter)
sUHSAS_PSL, um2/cm3, integrated UHSAS Dry Aerosol Surface Area Concentration (PSL optical diameter)
vUHSAS_PSL, um3/cm3, integrated UHSAS Dry Aerosol Volume Concentration (PSL optical diameter)
UHSAS_Bin01, #/cm3, Binned UHSAS Dry Aerosol Number Size Distribution (dNdlogD, PSL optical diameter) at bin center 63 nm
UHSAS_Bin02, #/cm3, Binned UHSAS Dry Aerosol Number Size Distribution (dNdlogD, PSL optical diameter) at bin center 71 nm
UHSAS_Bin03, #/cm3, Binned UHSAS Dry Aerosol Number Size Distribution (dNdlogD, PSL optical diameter) at bin center 79 nm
UHSAS_Bin04, #/cm3, Binned UHSAS Dry Aerosol Number Size Distribution (dNdlogD, PSL optical diameter) at bin center 89 nm
UHSAS_Bin05, #/cm3, Binned UHSAS Dry Aerosol Number Size Distribution (dNdlogD, PSL optical diameter) at bin center 100 nm
UHSAS_Bin06, #/cm3, Binned UHSAS Dry Aerosol Number Size Distribution (dNdlogD, PSL optical diameter) at bin center 112 nm
UHSAS_Bin07, #/cm3, Binned UHSAS Dry Aerosol Number Size Distribution (dNdlogD, PSL optical diameter) at bin center 126 nm
UHSAS_Bin08, #/cm3, Binned UHSAS Dry Aerosol Number Size Distribution (dNdlogD, PSL optical diameter) at bin center 141 nm
UHSAS_Bin09, #/cm3, Binned UHSAS Dry Aerosol Number Size Distribution (dNdlogD, PSL optical diameter) at bin center 158 nm
UHSAS_Bin10, #/cm3, Binned UHSAS Dry Aerosol Number Size Distribution (dNdlogD, PSL optical diameter) at bin center 178 nm
UHSAS_Bin11, #/cm3, Binned UHSAS Dry Aerosol Number Size Distribution (dNdlogD, PSL optical diameter) at bin center 200 nm
UHSAS_Bin12, #/cm3, Binned UHSAS Dry Aerosol Number Size Distribution (dNdlogD, PSL optical diameter) at bin center 224 nm
UHSAS_Bin13, #/cm3, Binned UHSAS Dry Aerosol Number Size Distribution (dNdlogD, PSL optical diameter) at bin center 251 nm
UHSAS_Bin14, #/cm3, Binned UHSAS Dry Aerosol Number Size Distribution (dNdlogD, PSL optical diameter) at bin center 282 nm
UHSAS_Bin15, #/cm3, Binned UHSAS Dry Aerosol Number Size Distribution (dNdlogD, PSL optical diameter) at bin center 316 nm
UHSAS_Bin16, #/cm3, Binned UHSAS Dry Aerosol Number Size Distribution (dNdlogD, PSL optical diameter) at bin center 355 nm
UHSAS_Bin17, #/cm3, Binned UHSAS Dry Aerosol Number Size Distribution (dNdlogD, PSL optical diameter) at bin center 398 nm
UHSAS_Bin18, #/cm3, Binned UHSAS Dry Aerosol Number Size Distribution (dNdlogD, PSL optical diameter) at bin center 447 nm
UHSAS_Bin19, #/cm3, Binned UHSAS Dry Aerosol Number Size Distribution (dNdlogD, PSL optical diameter) at bin center 501 nm
UHSAS_Bin20, #/cm3, Binned UHSAS Dry Aerosol Number Size Distribution (dNdlogD, PSL optical diameter) at bin center 562 nm
[...]
INSTRUMENT_INFO: Size Distribution Data From the DMT Ultra-High Sensitivity Aerosol Spectrometer (UHSAS)
DATA_INFO: UHSAS measurements are reported at standard temperature and pressure (0 deg C, 1013 mb)
  - Flagged data are due to missing data or instrument issues
  - Concentrations can be converted back to ambient conditions by dividing by the stdPT conversion factor
  - Integrated surface areas and volumes are calculated by assuming spherical particles
UNCERTAINTY: all data are 20%
ULOD_FLAG: -7777
ULOD_VALUE: N/A
LLOD_FLAG: -8888
LLOD_VALUE: N/A
DM_CONTACT_INFO: Michael Shook (michael.shook@nasa.gov)
PROJECT_INFO: SASA 2022
STIPULATIONS_ON_USE: STIPULATIONS_ON_USE: This is FIELD data. Please consult the PI and/or DM prior to use.
OTHER_COMMENTS: Data are processed with respect to mid-point polystyrene-latex-equivalent optical diameters and are rebinned to a 20 channels per decade standard binning scheme (dlogD = 0.05)
OTHER_COMMENTS: Mid-point diameters (in nm) are:
        63.1, 70.8, 79.4, 89.1, 100.0, 112.2, 125.9, 141.3, 158.5, 177.8, 199.5, 223.9, 251.2, 281.8, 316.2, 354.8, 398.1, 446.7, 501.2, 562.3, 631.0, 707.9, 794.3, 891.3, 1000.0
REVISION: RA
RA: None
*******************************************************************************************************************************
Start_UTC,nUHSAS_PSL,sUHSAS_PSL,vUHSAS_PSL,UHSAS_Bin01,UHSAS_Bin02,UHSAS_Bin03,UHSAS_Bin04,UHSAS_Bin05,UHSAS_Bin06,UHSAS_Bin07,UHSAS_Bin08,UHSAS_Bin09,UHSAS_Bin10,UHSAS_Bin11,UHSAS_Bin12,UHSAS_Bin13,UHSAS_Bin14,UHSAS_Bin15,UHSAS_Bin16,UHSAS_Bin17,UHSAS_Bin18,UHSAS_Bin19,UHSAS_Bin20,UHSAS_Bin21,UHSAS_Bin22,UHSAS_Bin23,UHSAS_Bin24,UHSAS_Bin25,stdPT
[from data line 8947]
75742,786.93,45.71,1.35,24.25,1261.03,2037.05,2206.80,1309.53,2109.80,1673.29,1600.54,945.77,800.27,703.27,266.76,363.76,194.00,194.00,24.25,0.00,24.25,0.00,0.00,0.00,0.00,0.00,0.00,0.00,1.409
75743,887.51,52.37,1.59,97.18,1239.07,2551.03,2162.30,2210.89,1700.68,1749.28,1773.57,1360.55,1044.71,534.50,534.50,218.66,233.24,315.84,0.00,0.00,0.00,0.00,24.30,0.00,0.00,0.00,0.00,0.00,1.409
75744,868.72,50.05,1.45,0.00,1579.49,2478.58,2065.49,2138.39,1749.59,1603.79,1506.59,1409.39,729.00,777.60,486.00,315.90,388.80,121.50,24.30,0.00,0.00,0.00,0.00,0.00,0.00,0.00,0.00,0.00,1.408
75745,898.12,53.68,1.70,48.63,1167.02,2406.98,2261.10,2066.60,2115.22,1920.72,1847.78,1167.02,996.83,778.01,583.51,145.88,213.95,97.25,0.00,24.31,97.25,0.00,24.31,0.00,0.00,0.00,0.00,0.00,1.403
75746,954.49,54.54,1.54,0.00,1309.84,2740.97,2304.35,2571.17,2231.58,1431.12,1722.20,1382.61,1043.02,921.74,727.69,315.33,291.08,72.77,24.26,0.00,0.00,0.00,0.00,0.00,0.00,0.00,0.00,0.00,1.406
75747,835.57,45.21,1.26,0.00,1264.90,2700.08,2335.21,2213.58,1702.75,1191.93,1702.75,1045.98,827.05,608.13,510.83,316.23,194.60,48.65,24.33,24.33,0.00,0.00,0.00,0.00,0.00,0.00,0.00,0.00,1.402
75748,844.25,47.98,1.36,48.51,1042.88,2207.02,2279.78,1891.73,1818.97,2013.00,1576.44,1261.15,848.85,873.11,533.57,169.77,174.62,72.76,48.51,0.00,24.25,0.00,0.00,0.00,0.00,0.00,0.00,0.00,1.403
75749,877.70,49.13,1.41,48.63,1264.27,2552.86,2090.91,1969.35,2139.54,2017.97,1580.34,1312.90,753.70,656.45,559.20,267.44,194.50,24.31,48.63,72.94,0.00,0.00,0.00,0.00,0.00,0.00,0.00,0.00,1.402
75750,870.87,50.46,1.44,0.00,1021.69,2092.04,2213.67,2092.04,2092.04,2067.71,1678.50,1216.30,1191.98,681.13,389.22,316.24,97.30,170.28,97.30,0.00,0.00,0.00,0.00,0.00,0.00,0.00,0.00,0.00,1.401
75751,879.58,51.27,1.47,48.69,1071.18,2142.36,2142.36,2215.39,2166.70,1558.08,2093.67,973.80,998.14,1046.83,584.28,170.41,233.71,73.03,24.34,48.69,0.00,0.00,0.00,0.00,0.00,0.00,0.00,0.00,1.398
75752,829.16,48.35,1.40,24.32,1167.49,2237.68,2140.39,2116.07,1678.26,1264.78,1702.58,1362.07,1094.52,705.36,364.84,218.90,311.33,145.94,48.65,0.00,0.00,0.00,0.00,0.00,0.00,0.00,0.00,0.00,1.401
75753,780.26,49.42,1.48,48.54,728.08,1844.47,1723.13,2111.44,1820.20,1383.35,1407.62,1140.66,1213.47,752.35,679.54,388.31,194.16,97.08,24.27,48.54,0.00,0.00,0.00,0.00,0.00,0.00,0.00,0.00,1.400
75754,841.03,51.29,1.52,96.92,896.52,2350.34,2011.12,2156.50,1696.12,1356.90,1768.81,1332.67,823.83,872.29,726.91,266.53,271.38,121.15,48.46,24.23,0.00,0.00,0.00,0.00,0.00,0.00,0.00,0.00,1.397
75755,880.77,56.64,1.86,24.27,1019.35,2281.41,2354.22,1650.38,2232.87,1407.68,1577.57,1504.76,1043.62,922.27,728.11,315.51,407.74,24.27,72.81,24.27,0.00,0.00,0.00,0.00,24.27,0.00,0.00,0.00,1.397
75756,807.47,49.40,1.55,0.00,1189.96,2064.21,2379.92,1821.36,1772.79,1335.67,1481.38,1068.53,898.54,898.54,412.84,315.70,291.42,121.42,24.28,48.57,0.00,0.00,24.28,0.00,0.00,0.00,0.00,0.00,1.397
75757,828.75,49.36,1.46,97.19,850.38,2186.68,2526.83,1652.16,2186.68,1433.49,1506.38,1141.93,971.86,753.19,558.82,194.37,272.12,145.78,72.89,24.30,0.00,0.00,0.00,0.00,0.00,0.00,0.00,0.00,1.399
75758,847.76,50.96,1.51,0.00,1164.98,2257.14,2427.03,1965.90,2135.79,946.54,1504.76,1286.33,970.81,922.27,485.41,485.41,233.00,72.81,72.81,24.27,0.00,0.00,0.00,0.00,0.00,0.00,0.00,0.00,1.399
75759,862.14,52.55,1.55,24.25,1139.82,2279.64,1940.12,1891.62,1988.63,1600.60,1721.86,1139.82,1212.58,970.06,679.04,194.01,291.02,72.75,72.75,24.25,0.00,0.00,0.00,0.00,0.00,0.00,0.00,0.00,1.395
75760,901.06,58.90,1.91,0.00,1067.49,2256.29,2207.77,2207.77,2062.20,1674.02,1819.59,1067.49,994.71,994.71,558.01,412.44,310.54,218.35,48.52,72.78,24.26,24.26,0.00,0.00,0.00,0.00,0.00,0.00,1.398
75761,873.23,52.26,1.54,24.28,1092.45,2257.73,2282.00,2136.34,2014.96,1359.49,1553.70,1408.04,1165.28,825.41,776.85,121.38,252.48,97.11,72.83,0.00,24.28,0.00,0.00,0.00,0.00,0.00,0.00,0.00,1.398
75762,892.46,54.14,1.59,24.25,1018.56,2109.88,2231.14,2255.39,1940.12,1794.61,1794.61,1455.09,1091.32,776.05,460.78,436.53,194.01,169.76,97.01,0.00,0.00,0.00,0.00,0.00,0.00,0.00,0.00,0.00,1.395
75763,850.87,53.30,1.76,72.74,1139.66,2230.83,2327.82,2061.09,1648.87,1697.37,1430.64,1212.41,921.43,945.68,509.21,339.47,213.38,96.99,48.50,48.50,48.50,0.00,0.00,24.25,0.00,0.00,0.00,0.00,1.392
75764,860.79,55.68,1.75,24.30,1093.60,1968.48,1992.79,2090.00,2090.00,1190.81,1725.46,1288.02,1288.02,1045.00,583.25,243.02,349.95,121.51,48.60,24.30,24.30,24.30,0.00,0.00,0.00,0.00,0.00,0.00,1.392
75765,816.36,47.08,1.35,24.25,824.60,2134.26,2231.27,2304.03,1673.46,1479.43,1649.20,1261.15,897.36,848.85,485.06,218.28,77.61,97.01,97.01,24.25,0.00,0.00,0.00,0.00,0.00,0.00,0.00,0.00,1.390
75766,837.90,48.64,1.48,48.59,996.06,2235.05,2526.58,2235.05,2162.17,1214.70,1409.05,1141.82,850.29,607.35,655.94,218.65,310.96,97.18,0.00,0.00,24.29,0.00,24.29,0.00,0.00,0.00,0.00,0.00,1.391
75767,888.21,52.31,1.56,24.25,1139.66,2036.84,2909.78,1939.85,1988.35,1939.85,1648.87,1163.91,969.93,630.45,557.71,363.72,135.79,193.99,96.99,0.00,24.25,0.00,0.00,0.00,0.00,0.00,0.00,0.00,1.390
75768,864.64,55.67,1.81,0.00,923.45,1895.50,2065.61,2089.91,2187.12,1725.39,1871.20,1190.76,1142.16,850.55,461.72,388.82,233.29,97.21,48.60,48.60,24.30,24.30,24.30,0.00,0.00,0.00,0.00,0.00,1.391
75769,783.64,51.08,1.68,0.00,727.62,1843.30,1988.82,1916.06,1673.52,1406.73,1576.51,1430.98,824.63,848.89,703.36,242.54,271.64,169.78,24.25,0.00,0.00,0.00,0.00,0.00,24.25,0.00,0.00,0.00,1.390
75770,821.65,46.52,1.30,48.72,998.74,2314.16,2070.56,2119.28,1753.89,1510.29,1632.09,1217.98,974.38,755.15,389.75,365.39,136.41,121.80,24.36,0.00,0.00,0.00,0.00,0.00,0.00,0.00,0.00,0.00,1.389
75771,877.83,53.93,1.63,24.36,1193.50,1924.21,2289.57,2338.28,1753.71,1729.36,1924.21,1290.93,706.36,803.78,682.00,414.07,214.34,146.14,73.07,48.71,0.00,0.00,0.00,0.00,0.00,0.00,0.00,0.00,1.388
75772,863.27,51.08,1.55,48.57,728.50,2428.34,2404.06,2598.32,1675.55,1335.59,1626.99,1602.70,874.20,728.50,509.95,291.40,194.27,145.70,0.00,48.57,0.00,0.00,24.28,0.00,0.00,0.00,0.00,0.00,1.389
75773,809.93,56.29,2.72,24.29,874.29,2331.44,1870.01,1942.87,1748.58,1627.15,1748.58,1165.72,898.58,582.86,558.57,315.72,194.29,194.29,48.57,24.29,0.00,0.00,0.00,0.00,0.00,0.00,0.00,48.57,1.387
75774,831.34,47.86,1.39,24.27,1140.82,2184.55,2184.55,2233.09,1917.55,1456.37,1432.09,1359.27,801.00,703.91,534.00,218.45,291.27,97.09,0.00,24.27,24.27,0.00,0.00,0.00,0.00,0.00,0.00,0.00,1.389
75775,859.77,56.16,1.75,24.29,971.76,2307.93,1797.76,1870.64,2186.46,1506.23,1409.05,1433.35,1190.41,850.29,558.76,437.29,310.96,267.23,48.59,0.00,24.29,0.00,0.00,0.00,0.00,0.00,0.00,0.00,1.385
75776,878.55,57.36,1.76,24.27,946.51,2062.90,2111.44,2159.98,1844.47,1577.51,1334.82,1626.05,1189.20,1092.12,631.00,388.31,291.23,145.62,145.62,0.00,0.00,0.00,0.00,0.00,0.00,0.00,0.00,0.00,1.385
75777,892.60,49.10,1.36,0.00,1285.89,2450.48,2232.12,2426.21,2013.76,1819.66,1625.56,1310.16,946.22,703.60,291.15,388.19,213.51,121.31,24.26,0.00,0.00,0.00,0.00,0.00,0.00,0.00,0.00,0.00,1.387
75778,831.42,49.40,1.62,24.30,1117.64,2526.83,2016.61,2259.57,1554.97,1433.49,1579.27,1214.82,1166.23,510.23,607.41,267.26,252.68,24.30,24.30,0.00,0.00,0.00,24.30,0.00,24.30,0.00,0.00,0.00,1.388
75779,909.84,56.85,1.77,48.63,1045.52,2091.04,2480.07,2407.12,1677.69,1847.89,1604.75,1240.03,1215.72,899.63,826.69,316.09,350.13,97.26,24.31,0.00,0.00,0.00,0.00,24.31,0.00,0.00,0.00,0.00,1.386
75780,857.92,52.87,1.60,24.34,1241.25,1922.71,2044.41,2093.08,2020.07,1849.70,1460.29,1216.91,924.85,900.51,730.14,219.04,292.06,121.69,24.34,48.68,24.34,0.00,0.00,0.00,0.00,0.00,0.00,0.00,1.379
75781,854.36,50.71,1.55,97.22,1142.39,2552.15,1993.10,1993.10,1798.65,1409.76,1409.76,1361.14,1482.67,729.18,510.43,267.37,194.45,48.61,72.92,0.00,0.00,0.00,0.00,24.31,0.00,0.00,0.00,0.00,1.380
75782,833.77,48.94,1.45,0.00,995.18,2038.91,2257.37,2160.28,1893.28,1699.09,1602.00,1359.27,825.27,703.91,509.73,267.00,97.09,121.36,97.09,24.27,24.27,0.00,0.00,0.00,0.00,0.00,0.00,0.00,1.380
75783,948.71,55.63,1.75,24.31,1458.43,2357.79,2503.63,2382.10,2406.40,1604.27,1725.81,1458.43,875.06,729.21,656.29,315.99,330.58,72.92,48.61,0.00,0.00,0.00,0.00,0.00,24.31,0.00,0.00,0.00,1.380
75784,860.90,51.17,1.52,0.00,1019.96,2234.21,2477.05,1869.93,2039.93,1772.79,1505.66,1505.66,801.40,655.69,461.41,388.56,194.28,242.85,0.00,48.57,0.00,0.00,0.00,0.00,0.00,0.00,0.00,0.00,1.377
75785,905.25,53.09,1.53,24.30,996.12,2138.00,2405.25,2113.71,2162.30,1724.98,2016.53,1506.32,923.23,923.23,631.68,242.95,77.75,97.18,48.59,72.89,0.00,0.00,0.00,0.00,0.00,0.00,0.00,0.00,1.376
75786,871.98,47.92,1.33,24.31,1166.86,2479.57,2528.19,2212.17,1920.45,1531.50,1701.67,1021.00,1215.48,461.88,607.74,194.48,252.82,97.24,0.00,24.31,0.00,0.00,0.00,0.00,0.00,0.00,0.00,0.00,1.376
75787,905.74,52.17,1.49,24.31,1118.19,2430.86,2479.47,2017.61,2357.93,1409.90,1968.99,1045.27,1093.89,923.73,680.64,194.47,175.02,97.23,97.23,0.00,0.00,0.00,0.00,0.00,0.00,0.00,0.00,0.00,1.373
75788,916.19,55.99,1.66,48.58,922.99,2623.23,2331.76,2137.45,1773.11,1894.56,1773.11,1214.46,1093.01,898.70,752.97,412.92,252.61,97.16,72.87,24.29,0.00,0.00,0.00,0.00,0.00,0.00,0.00,0.00,1.372
75789,899.33,54.80,1.66,24.25,824.40,2182.25,2473.21,2109.51,2085.26,1867.03,2182.25,1066.88,994.13,727.42,606.18,387.95,213.38,121.24,48.49,24.25,48.49,0.00,0.00,0.00,0.00,0.00,0.00,0.00,1.375
75790,908.07,51.89,1.50,24.27,1334.68,2645.10,2523.76,2256.83,1917.09,1456.02,1795.76,1164.81,970.68,558.14,679.48,339.74,349.44,97.07,48.53,0.00,0.00,0.00,0.00,0.00,0.00,0.00,0.00,0.00,1.373
75791,822.73,48.18,1.43,24.26,994.75,2159.33,2426.21,1868.18,2086.54,1722.61,1285.89,1067.53,946.22,679.34,436.72,266.88,271.74,97.05,97.05,0.00,24.26,0.00,0.00,0.00,0.00,0.00,0.00,0.00,1.372
75792,869.69,51.87,1.50,48.64,826.89,1848.34,1994.26,2407.70,2091.54,2067.22,2091.54,1167.37,972.81,608.01,510.72,194.56,369.67,97.28,97.28,0.00,0.00,0.00,0.00,0.00,0.00,0.00,0.00,0.00,1.372
75793,877.43,56.54,1.77,0.00,922.59,2306.46,2379.30,2160.79,1505.27,1602.39,1893.73,1043.98,1141.09,825.47,728.36,509.85,310.77,48.56,97.11,48.56,24.28,0.00,0.00,0.00,0.00,0.00,0.00,0.00,1.371
75794,804.34,49.90,1.52,24.29,947.43,2210.67,1967.74,2040.62,1433.29,1457.58,1846.27,996.02,1044.60,704.50,607.33,315.81,272.08,97.17,97.17,0.00,24.29,0.00,0.00,0.00,0.00,0.00,0.00,0.00,1.368
75795,818.46,45.85,1.26,0.00,1167.49,1994.46,1897.16,2067.42,1824.20,1751.23,1726.91,1191.81,1191.81,705.36,364.84,243.23,194.58,0.00,0.00,48.65,0.00,0.00,0.00,0.00,0.00,0.00,0.00,0.00,1.366
75796,774.46,45.53,1.33,0.00,994.13,2133.75,1939.77,1939.77,1745.80,1454.83,1576.07,945.64,969.89,630.43,484.94,266.72,213.38,72.74,121.24,0.00,0.00,0.00,0.00,0.00,0.00,0.00,0.00,0.00,1.366
75797,742.17,43.62,1.26,24.28,752.61,1869.37,1893.65,1942.21,1845.10,1578.04,1383.82,849.72,728.33,801.16,606.94,315.61,155.38,48.56,24.28,0.00,24.28,0.00,0.00,0.00,0.00,0.00,0.00,0.00,1.363
75798,778.60,42.49,1.13,0.00,899.42,1774.53,2041.92,2163.46,1871.76,1774.53,1482.82,1020.96,1045.27,777.87,316.01,145.85,233.36,24.31,0.00,0.00,0.00,0.00,0.00,0.00,0.00,0.00,0.00,0.00,1.363
75799,687.17,36.85,1.00,24.26,776.47,2013.96,1868.37,1577.20,1747.05,1431.61,1286.02,1140.43,703.67,606.61,121.32,169.85,155.29,97.06,24.26,0.00,0.00,0.00,0.00,0.00,0.00,0.00,0.00,0.00,1.364
75800,734.71,40.78,1.14,48.54,752.43,2281.55,1941.74,1699.03,1626.21,1529.12,1674.75,995.14,703.88,412.62,461.16,242.72,252.43,24.27,48.54,0.00,0.00,0.00,0.00,0.00,0.00,0.00,0.00,0.00,1.361
75801,711.96,41.22,1.26,24.30,923.36,1652.32,1652.32,2089.70,1871.01,1773.82,1263.54,874.76,777.56,413.08,437.38,97.20,194.39,48.60,72.90,0.00,48.60,24.30,0.00,0.00,0.00,0.00,0.00,0.00,1.361
75802,748.81,43.15,1.31,24.27,728.18,2354.46,2233.09,1796.18,1529.18,1747.64,1310.73,873.82,849.55,655.36,339.82,48.55,194.18,121.36,97.09,48.55,24.27,0.00,0.00,0.00,0.00,0.00,0.00,0.00,1.364
75803,644.84,36.78,1.08,97.08,897.97,1553.24,1893.01,1431.89,1359.09,1140.66,1456.16,1092.12,752.35,485.39,315.50,121.35,155.32,72.81,48.54,0.00,0.00,24.27,0.00,0.00,0.00,0.00,0.00,0.00,1.360
75804,642.77,36.70,1.05,0.00,824.99,1577.20,1577.20,1819.84,1552.93,1358.81,1358.81,897.79,461.03,461.03,388.23,242.65,213.53,72.79,48.53,0.00,0.00,0.00,0.00,0.00,0.00,0.00,0.00,0.00,1.365
75805,702.26,38.16,1.05,24.33,1070.67,1800.66,1703.33,1825.00,1387.00,1630.33,1484.33,1070.67,924.67,535.33,170.33,170.33,175.20,0.00,24.33,48.67,0.00,0.00,0.00,0.00,0.00,0.00,0.00,0.00,1.359
75806,684.28,38.40,1.10,24.33,1022.04,1581.73,1971.08,1800.74,1800.74,1143.71,1411.39,803.03,608.36,608.36,438.02,170.34,155.74,48.67,73.00,24.33,0.00,0.00,0.00,0.00,0.00,0.00,0.00,0.00,1.358
75807,769.32,42.55,1.18,0.00,850.21,2210.54,1967.62,2064.79,1797.58,1700.41,1336.04,1020.25,850.21,655.87,485.83,242.92,58.30,72.87,48.58,24.29,0.00,0.00,0.00,0.00,0.00,0.00,0.00,0.00,1.362
75808,760.04,43.31,1.23,72.89,1142.00,1603.66,2065.32,1870.94,1725.15,1676.56,1506.47,1239.19,680.34,583.15,437.36,218.68,233.26,121.49,0.00,24.30,0.00,0.00,0.00,0.00,0.00,0.00,0.00,0.00,1.359
75809,711.96,39.88,1.16,0.00,802.13,2139.03,1628.58,2066.10,2139.03,1191.05,1361.20,899.36,607.68,534.76,291.69,121.54,213.90,121.54,121.54,0.00,0.00,0.00,0.00,0.00,0.00,0.00,0.00,0.00,1.356
75810,671.40,36.20,1.00,0.00,1045.27,1798.83,1944.69,1482.82,1677.29,1409.90,1580.06,583.41,607.71,461.86,364.63,194.47,155.57,72.93,48.62,0.00,0.00,0.00,0.00,0.00,0.00,0.00,0.00,0.00,1.356
75811,620.14,38.17,1.21,24.29,777.30,1530.31,1676.05,1700.35,1165.95,1214.53,1457.44,680.14,704.43,510.10,315.78,218.62,233.19,72.87,48.58,24.29,24.29,24.29,0.00,0.00,0.00,0.00,0.00,0.00,1.356
75812,693.83,41.33,1.19,0.00,534.09,1626.53,1650.81,2160.62,1869.30,1335.21,1189.55,995.34,801.13,655.47,509.81,169.94,233.06,97.11,48.55,0.00,0.00,0.00,0.00,0.00,0.00,0.00,0.00,0.00,1.355
75813,647.87,33.70,0.88,72.99,754.18,1557.02,1800.31,1994.93,1678.66,1411.05,948.81,924.48,705.53,413.58,437.91,97.31,136.24,0.00,24.33,0.00,0.00,0.00,0.00,0.00,0.00,0.00,0.00,0.00,1.353
75814,630.64,36.42,1.05,24.27,606.86,1407.90,1674.92,2014.76,1407.90,1456.45,1116.61,825.32,873.87,412.66,242.74,169.92,233.03,48.55,97.10,0.00,0.00,0.00,0.00,0.00,0.00,0.00,0.00,0.00,1.352
75815,634.16,36.47,1.06,24.27,558.20,1893.01,1674.59,1747.40,1383.35,1164.93,1140.66,1116.39,655.27,558.20,291.23,194.16,135.91,24.27,72.81,48.54,0.00,0.00,0.00,0.00,0.00,0.00,0.00,0.00,1.352
75816,610.00,36.87,1.10,0.00,558.74,1676.22,1336.12,1676.22,1506.17,1214.65,1238.95,850.26,704.50,461.57,340.10,291.52,174.91,97.17,48.59,24.29,0.00,0.00,0.00,0.00,0.00,0.00,0.00,0.00,1.354
75817,625.63,37.21,1.15,24.33,827.37,1703.40,1581.73,1727.73,1825.07,1168.05,997.71,584.02,486.69,511.02,316.35,316.35,272.54,48.67,73.00,24.33,24.33,0.00,0.00,0.00,0.00,0.00,0.00,0.00,1.351
75818,668.50,37.96,1.07,24.28,752.76,2015.44,1602.64,1796.90,1699.77,922.73,1238.40,1068.43,777.04,607.06,388.52,218.54,135.98,48.56,72.85,0.00,0.00,0.00,0.00,0.00,0.00,0.00,0.00,0.00,1.348
75819,591.01,33.19,0.98,0.00,824.55,1503.59,1673.36,1309.58,1746.11,1358.09,1018.56,703.29,509.28,339.52,339.52,218.26,155.21,48.50,48.50,0.00,0.00,24.25,0.00,0.00,0.00,0.00,0.00,0.00,1.348
75820,591.03,33.65,1.07,0.00,437.08,1724.05,1699.77,1602.64,1384.10,1189.84,1335.53,801.32,437.08,412.80,412.80,218.54,116.56,24.28,0.00,0.00,0.00,0.00,0.00,0.00,24.28,0.00,0.00,0.00,1.347
75821,610.48,33.25,0.92,24.29,607.33,1700.52,1773.39,1700.52,1409.00,1117.48,1068.90,996.02,655.91,607.33,194.34,121.47,136.04,48.59,24.29,24.29,0.00,0.00,0.00,0.00,0.00,0.00,0.00,0.00,1.347
75822,624.00,34.85,1.02,48.62,899.42,1774.53,1798.83,1531.44,1264.05,1288.35,1336.97,656.33,680.64,413.25,316.01,145.85,155.57,97.23,24.31,24.31,24.31,0.00,0.00,0.00,0.00,0.00,0.00,0.00,1.345
75823,598.55,32.88,0.92,0.00,727.86,1601.30,1382.94,1722.61,1455.73,1237.37,1382.94,655.08,703.60,582.29,194.10,48.52,155.28,48.52,48.52,24.26,0.00,0.00,0.00,0.00,0.00,0.00,0.00,0.00,1.343
