NASA Intern/Datasets/LARGE/SASA-LARGE-UHSAS_P3B_20220706_RA.ict
70, 1001
Richard Moore, Luke Ziemba, Edward Winstead, Michael Shook, Claire Robinson, John Barrick, Bruce Anderson, and Ali Omar
NASA Langley
In-situ Submicron  Particle Size Distributions from the DMT UHSAS on the NASA P3B
NASA SASA
1,1
2022,07,06,2022,07,7
1.0
Start_UTC,Secs after midnight,Time of acquisition
29
1,1,1,1,1,1,1,1,1,1,1,1,1,1,1,1,1,1,1,1,1,1,1,1,1,1,1,1,1
-9999,-9999,-9999,-9999,-9999,-9999,-9999,-9999,-9999,-9999,-9999,-9999,-9999,-9999,-9999,-9999,-9999,-9999,-9999,-9999,-9999,-9999,-9999,-9999,-9999,-9999,-9999,-9999,-9999
nUHSAS_PSL, #/cm3, integrated UHSAS Dry Aerosol Number Concentration (PSL optical diameter)
sUHSAS_PSL, um2/cm3, integrated UHSAS Dry Aerosol Surface Area Concentration (PSL optical diameter)
vUHSAS_PSL, um3/cm3, integrated UHSAS Dry Aerosol Volume Concentration (PSL optical diameter)
UHSAS_Bin01, #/cm3, Binned UHSAS Dry Aerosol Number Size Distribution (dNdlogD, PSL optical diameter) at bin center 63 nm
UHSAS_Bin02, #/cm3, Binned UHSAS Dry Aerosol Number Size Distribution (dNdlogD, PSL optical diameter) at bin center 71 nm
UHSAS_Bin03, #/cm3, Binned UHSAS Dry Aerosol Number Size Distribution (dNdlogD, PSL optical diameter) at bin center 79 nm
UHSAS_Bin04, #/cm3, Binned UHSAS Dry Aerosol Number Size Distribution (dNdlogD, PSL optical diameter) at bin center 89 nm
UHSAS_Bin05, #/cm3, Binned UHSAS Dry Aerosol Number Size Distribution (dNdlogD, PSL optical diameter) at bin center 100 nm
UHSAS_Bin06, #/cm3, Binned UHSAS Dry Aerosol Number Size Distribution (dNdlogD, PSL optical diameter) at bin center 112 nm
UHSAS_Bin07, #/cm3, Binned UHSAS Dry Aerosol Number Size Distribution (dNdlogD, PSL optical diameter) at bin center 126 nm
UHSAS_Bin08, #/cm3, Binned UHSAS Dry Aerosol Number Size Distribution (dNdlogD, PSL optical diameter) at bin center 141 nm
UHSAS_Bin09, #/cm3, Binned UHSAS Dry Aerosol Number Size Distribution (dNdlogD, PSL optical diameter) at bin center 158 nm
UHSAS_Bin10, #/cm3, Binned UHSAS Dry Aerosol Number Size Distribution (dNdlogD, PSL optical diameter) at bin center 178 nm
UHSAS_Bin11, #/cm3, Binned UHSAS Dry Aerosol Number Size Distribution (dNdlogD, PSL optical diameter) at bin center 200 nm
UHSAS_Bin12, #/cm3, Binned UHSAS Dry Aerosol Number Size Distribution (dNdlogD, PSL optical diameter) at bin center 224 nm
UHSAS_Bin13, #/cm3, Binned UHSAS Dry Aerosol Number Size Distribution (dNdlogD, PSL optical diameter) at bin center 251 nm
UHSAS_Bin14, #/cm3, Binned UHSAS Dry Aerosol Number Size Distribution (dNdlogD, PSL optical diameter) at bin center 282 nm
UHSAS_Bin15, #/cm3, Binned UHSAS Dry Aerosol Number Size Distribution (dNdlogD, PSL optical diameter) at bin center 316 nm
UHSAS_Bin16, #/cm3, Binned UHSAS Dry Aerosol Number Size Distribution (dNdlogD, PSL optical diameter) at bin center 355 nm
UHSAS_Bin17, #/cm3, Binned UHSAS Dry Aerosol Number Size Distribution (dNdlogD, PSL optical diameter) at bin center 398 nm
UHSAS_Bin18, #/cm3, Binned UHSAS Dry Aerosol Number Size Distribution (dNdlogD, PSL optical diameter) at bin center 447 nm
UHSAS_Bin19, #/cm3, Binned UHSAS Dry Aerosol Number Size Distribution (dNdlogD, PSL optical diameter) at bin center 501 nm
UHSAS_Bin20, #/cm3, Binned UHSAS Dry Aerosol Number Size Distribution (dNdlogD, PSL optical diameter) at bin center 562 nm
[...]
INSTRUMENT_INFO: Size Distribution Data From the DMT Ultra-High Sensitivity Aerosol Spectrometer (UHSAS)
DATA_INFO: UHSAS measurements are reported at standard temperature and pressure (0 deg C, 1013 mb)
  - Flagged data are due to missing data or instrument issues
  - Concentrations can be converted back to ambient conditions by dividing by the stdPT conversion factor
  - Integrated surface areas and volumes are calculated by assuming spherical particles
UNCERTAINTY: all data are 20%
ULOD_FLAG: -7777
ULOD_VALUE: N/A
LLOD_FLAG: -8888
LLOD_VALUE: N/A
DM_CONTACT_INFO: Michael Shook (michael.shook@nasa.gov)
PROJECT_INFO: SASA 2022
STIPULATIONS_ON_USE: STIPULATIONS_ON_USE: This is FIELD data. Please consult the PI and/or DM prior to use.
OTHER_COMMENTS: Data are processed with respect to mid-point polystyrene-latex-equivalent optical diameters and are rebinned to a 20 channels per decade standard binning scheme (dlogD = 0.05)
OTHER_COMMENTS: Mid-point diameters (in nm) are:
        63.1, 70.8, 79.4, 89.1, 100.0, 112.2, 125.9, 141.3, 158.5, 177.8, 199.5, 223.9, 251.2, 281.8, 316.2, 354.8, 398.1, 446.7, 501.2, 562.3, 631.0, 707.9, 794.3, 891.3, 1000.0
REVISION: RA
RA: None
*******************************************************************************************************************************
Start_UTC,nUHSAS_PSL,sUHSAS_PSL,vUHSAS_PSL,UHSAS_Bin01,UHSAS_Bin02,UHSAS_Bin03,UHSAS_Bin04,UHSAS_Bin05,UHSAS_Bin06,UHSAS_Bin07,UHSAS_Bin08,UHSAS_Bin09,UHSAS_Bin10,UHSAS_Bin11,UHSAS_Bin12,UHSAS_Bin13,UHSAS_Bin14,UHSAS_Bin15,UHSAS_Bin16,UHSAS_Bin17,UHSAS_Bin18,UHSAS_Bin19,UHSAS_Bin20,UHSAS_Bin21,UHSAS_Bin22,UHSAS_Bin23,UHSAS_Bin24,UHSAS_Bin25,stdPT
[from data line 2520]
56420,1036.58,76.26,2.63,315.44,1965.43,2620.57,2402.19,1819.84,1528.67,1286.02,1431.61,1552.93,1674.25,1261.76,1019.11,655.14,737.64,242.65,121.32,24.26,48.53,24.26,0.00,0.00,0.00,0.00,0.00,0.00,1.162
56421,758.65,55.23,2.02,340.53,2043.18,2262.09,1726.98,1435.09,1021.59,632.41,1045.91,1045.91,632.41,681.06,778.36,486.47,408.64,316.21,194.59,48.65,72.97,0.00,0.00,0.00,0.00,0.00,0.00,0.00,1.162
56422,887.19,66.32,2.34,390.51,1928.14,2098.99,2147.80,1488.82,1147.12,1000.68,1488.82,1171.53,1171.53,1025.09,1049.49,536.95,488.14,317.29,219.66,48.81,0.00,24.41,0.00,0.00,0.00,0.00,0.00,0.00,1.161
56423,1000.49,75.92,2.74,363.99,2329.54,2620.73,2305.27,1747.15,1528.76,970.64,1164.77,1334.63,1261.83,1407.43,946.37,630.92,718.27,339.72,169.86,72.80,97.06,0.00,0.00,0.00,0.00,0.00,0.00,0.00,1.161
56424,1044.15,82.39,2.94,97.15,1991.64,2720.28,2088.79,1918.77,1433.01,1700.18,1530.16,1238.70,1238.70,1311.56,1505.87,558.63,796.65,364.32,340.04,24.29,0.00,24.29,0.00,0.00,0.00,0.00,0.00,0.00,1.162
56425,1072.76,81.03,2.89,266.25,2468.89,2856.17,2396.28,1670.13,1428.09,1476.49,1621.72,1403.88,1282.86,1234.45,1234.45,580.92,832.65,435.69,145.23,48.41,48.41,24.20,0.00,0.00,0.00,0.00,0.00,0.00,1.160
56426,968.45,74.42,2.69,316.41,2555.61,2214.86,1898.45,1825.43,1289.97,1289.97,1436.01,1070.92,1362.99,924.89,1143.94,608.48,700.97,340.75,243.39,121.70,24.34,0.00,0.00,0.00,0.00,0.00,0.00,0.00,1.160
56427,857.50,60.87,2.12,242.57,1795.04,2619.79,1989.10,1552.47,1334.15,1309.89,994.55,1067.32,873.26,970.29,703.46,606.43,679.20,242.57,72.77,24.26,72.77,0.00,0.00,0.00,0.00,0.00,0.00,0.00,1.163
56428,729.34,56.80,2.05,169.67,1672.46,1890.60,1333.12,1478.55,945.30,1163.45,799.87,848.35,872.59,1114.97,654.44,460.53,698.07,339.34,96.95,0.00,0.00,48.48,0.00,0.00,0.00,0.00,0.00,0.00,1.162
56429,627.47,48.24,1.83,194.79,1436.58,1655.72,1436.58,1095.70,1022.65,657.42,1120.05,486.98,633.07,730.47,973.95,194.79,545.41,121.74,121.74,73.05,0.00,24.35,0.00,24.35,0.00,0.00,0.00,0.00,1.161
56430,730.97,56.99,2.06,242.77,1577.98,2184.90,1505.15,1189.55,1019.62,922.51,922.51,728.30,849.68,801.13,971.07,655.47,466.11,388.43,169.94,0.00,0.00,24.28,0.00,0.00,0.00,0.00,0.00,0.00,1.161
56431,976.48,75.46,2.78,170.03,1991.83,2477.65,2234.74,2113.29,1384.57,1335.99,1311.70,898.75,1263.11,1093.08,1335.99,510.10,777.30,388.65,97.16,48.58,24.29,48.58,24.29,0.00,0.00,0.00,0.00,0.00,1.162
56432,966.55,76.85,2.78,364.64,1701.67,2601.12,1653.05,1920.45,1482.88,1239.79,1239.79,1507.19,1021.00,1288.41,1239.79,510.50,952.93,316.02,194.48,48.62,0.00,48.62,0.00,0.00,0.00,0.00,0.00,0.00,1.159
56433,847.54,63.76,2.24,218.69,1798.12,2478.49,1919.61,1263.54,1214.94,1020.55,1263.54,1166.35,753.27,1239.24,899.06,485.98,719.25,267.29,145.79,97.20,0.00,0.00,0.00,0.00,0.00,0.00,0.00,0.00,1.162
56434,833.65,63.76,2.34,194.55,1823.91,2431.87,1872.54,1556.40,972.75,1094.34,1021.39,1288.89,1070.02,826.84,753.88,486.37,622.56,340.46,121.59,121.59,72.96,0.00,0.00,0.00,0.00,0.00,0.00,0.00,1.161
56435,940.47,71.21,2.50,339.26,1744.76,2714.07,1817.45,1575.13,1235.87,1187.40,1841.69,1138.94,1332.80,945.08,1114.71,460.42,756.06,315.03,218.09,48.47,24.23,0.00,0.00,0.00,0.00,0.00,0.00,0.00,1.160
56436,907.73,71.24,2.71,267.62,2286.97,2189.65,1703.06,1703.06,1459.77,1021.84,1046.17,1338.12,1459.77,997.51,827.20,608.24,467.12,364.94,194.64,145.98,24.33,24.33,0.00,24.33,0.00,0.00,0.00,0.00,1.159
56437,943.27,71.64,2.56,363.92,1771.07,2717.25,2232.03,1746.80,1334.36,1213.06,1188.80,970.45,1116.01,1213.06,1043.23,582.27,621.09,436.70,194.09,121.31,0.00,0.00,0.00,0.00,0.00,0.00,0.00,0.00,1.161
56438,762.51,59.70,2.15,340.73,1508.97,1703.67,1387.28,1557.64,1192.57,1046.54,1216.91,1022.20,900.51,997.86,681.47,486.76,623.06,340.73,121.69,97.35,24.34,0.00,0.00,0.00,0.00,0.00,0.00,0.00,1.161
56439,809.80,61.51,2.17,170.13,2065.82,2114.42,1239.49,1604.05,1506.83,972.15,972.15,1020.76,899.24,1045.06,753.42,558.99,836.05,194.43,170.13,72.91,0.00,0.00,0.00,0.00,0.00,0.00,0.00,0.00,1.162
56440,818.49,58.87,2.01,243.24,1459.42,2164.80,2091.83,1581.03,1410.77,997.27,1191.86,875.65,972.94,948.62,924.30,559.44,583.77,170.27,170.27,0.00,0.00,24.32,0.00,0.00,0.00,0.00,0.00,0.00,1.161
56441,822.47,60.71,2.10,218.81,1847.71,2188.08,1507.34,1434.41,972.48,1458.72,1191.29,1045.41,1264.22,1094.04,802.29,340.37,622.39,267.43,72.94,97.25,24.31,0.00,0.00,0.00,0.00,0.00,0.00,0.00,1.163
56442,811.63,66.34,2.72,170.36,1387.19,2482.34,1435.87,1508.88,1289.85,1143.83,1265.51,924.79,900.46,924.79,997.80,462.40,778.77,292.04,146.02,73.01,24.34,0.00,0.00,0.00,0.00,0.00,24.34,0.00,1.161
56443,891.58,77.19,3.07,193.93,1866.55,1502.94,1842.31,1599.90,1454.46,1284.77,1405.97,896.91,1236.29,1115.08,1187.81,630.26,1008.42,218.17,266.65,24.24,72.72,0.00,0.00,0.00,0.00,24.24,0.00,0.00,1.161
56444,967.73,72.88,2.64,290.68,1865.22,2785.71,2107.45,1889.44,1308.07,1332.30,1259.63,1211.18,1138.51,1186.96,1017.39,629.81,872.05,218.01,96.89,96.89,24.22,0.00,0.00,24.22,0.00,0.00,0.00,0.00,1.162
56445,823.29,63.71,2.32,193.60,1790.80,2178.00,1742.40,1282.60,1331.00,1331.00,992.20,943.80,1064.80,847.00,1113.20,411.40,735.68,217.80,169.40,48.40,48.40,24.20,0.00,0.00,0.00,0.00,0.00,0.00,1.161
56446,933.54,70.94,2.60,145.41,1987.28,2738.57,2108.46,1817.64,920.94,1381.40,1332.93,1090.58,1211.76,1308.70,848.23,484.70,639.81,218.12,266.59,121.18,24.24,0.00,24.24,0.00,0.00,0.00,0.00,0.00,1.161
56447,873.07,67.62,2.44,266.55,1841.61,2277.79,1768.92,1526.60,1623.53,1066.20,1066.20,1090.43,969.27,1090.43,1066.20,436.17,717.26,339.24,193.85,96.93,24.23,0.00,0.00,0.00,0.00,0.00,0.00,0.00,1.162
56448,909.75,64.60,2.21,266.58,2059.90,2350.72,2156.84,1890.27,1235.94,1187.47,1454.05,993.60,969.37,920.90,1066.30,654.32,504.07,193.87,242.34,24.23,24.23,0.00,0.00,0.00,0.00,0.00,0.00,0.00,1.161
56449,829.61,67.18,2.71,169.85,1795.58,1698.52,1868.37,1237.49,1261.76,1552.93,1140.43,1140.43,1140.43,1043.38,752.20,558.08,601.76,315.44,218.38,72.79,0.00,0.00,0.00,0.00,0.00,0.00,24.26,0.00,1.161
56450,682.01,57.32,2.20,291.15,921.96,1868.18,1552.78,1334.42,970.49,679.34,994.75,921.96,752.13,824.91,921.96,509.50,465.83,242.62,194.10,121.31,48.52,24.26,0.00,0.00,0.00,0.00,0.00,0.00,1.161
56451,862.87,69.58,2.56,266.77,1527.85,2085.63,1988.63,1818.86,1091.32,1115.57,1309.58,970.06,1212.58,921.56,897.31,509.28,717.85,460.78,266.77,72.75,24.25,0.00,0.00,0.00,0.00,0.00,0.00,0.00,1.160
56452,829.48,66.79,2.49,169.93,1626.44,1917.74,1772.09,1529.34,1286.58,1262.31,971.01,1213.76,801.08,1262.31,1068.11,606.88,543.76,218.48,121.38,121.38,48.55,48.55,0.00,0.00,0.00,0.00,0.00,0.00,1.161
56453,798.03,62.16,2.23,266.25,1863.77,2226.84,1718.54,1307.06,847.17,847.17,1113.42,992.40,1016.60,1113.42,847.17,629.33,639.01,242.05,193.64,96.82,0.00,0.00,0.00,0.00,0.00,0.00,0.00,0.00,1.162
56454,818.84,68.15,2.61,267.12,1505.57,1942.67,1918.39,1457.00,825.64,898.49,1165.60,1141.32,1068.47,1092.75,1335.59,558.52,641.08,364.25,48.57,97.13,0.00,24.28,0.00,0.00,24.28,0.00,0.00,0.00,1.162
56455,794.36,61.21,2.22,291.33,1553.77,2476.31,1578.04,1286.71,1213.88,873.99,1116.77,1068.21,1189.60,752.61,728.33,437.00,640.93,437.00,169.94,48.56,0.00,24.28,0.00,0.00,0.00,0.00,0.00,0.00,1.163
56456,824.39,60.10,2.10,242.54,1503.74,1988.82,2376.89,1843.30,994.41,945.90,1067.17,1164.19,1188.44,897.40,776.13,388.06,601.50,291.05,121.27,48.51,48.51,0.00,0.00,0.00,0.00,0.00,0.00,0.00,1.162
56457,830.65,65.36,2.43,194.42,1701.16,1944.18,1822.67,1652.55,1045.00,1045.00,1531.04,923.49,972.09,1215.11,874.88,486.05,719.35,243.02,97.21,48.60,48.60,0.00,48.60,0.00,0.00,0.00,0.00,0.00,1.163
56458,800.89,65.11,2.36,24.29,1797.58,2137.66,1700.41,1457.50,971.66,753.04,1117.41,971.66,1068.83,1117.41,995.96,607.29,641.30,364.37,218.62,72.87,0.00,0.00,0.00,0.00,0.00,0.00,0.00,0.00,1.163
56459,813.07,55.11,1.80,194.05,1892.00,2158.81,1697.94,1576.66,1406.87,1188.56,1115.79,946.00,994.51,1018.77,897.48,412.36,349.29,291.08,121.28,0.00,0.00,0.00,0.00,0.00,0.00,0.00,0.00,0.00,1.164
56460,869.49,64.01,2.19,144.84,1762.16,2558.75,1520.77,1641.47,1231.10,1303.52,1134.54,1158.68,1279.38,1062.12,1086.26,627.62,444.16,168.97,168.97,96.56,0.00,0.00,0.00,0.00,0.00,0.00,0.00,0.00,1.166
56461,722.11,53.94,1.85,169.85,1601.46,1989.69,1455.87,1358.81,1116.17,994.85,752.20,897.79,897.79,752.20,873.52,461.03,757.05,291.17,72.79,0.00,0.00,0.00,0.00,0.00,0.00,0.00,0.00,0.00,1.163
56462,752.38,53.78,1.79,97.24,1871.83,2114.93,1750.29,875.14,1045.31,972.38,972.38,1093.93,1045.31,1166.86,826.52,364.64,583.43,170.17,48.62,48.62,0.00,0.00,0.00,0.00,0.00,0.00,0.00,0.00,1.164
56463,731.33,51.75,1.77,291.66,1385.37,1871.46,1944.38,1312.45,1215.23,1069.41,777.75,996.49,899.27,996.49,680.53,413.18,311.10,267.35,72.91,121.52,0.00,0.00,0.00,0.00,0.00,0.00,0.00,0.00,1.163
56464,776.63,56.86,2.09,290.78,1793.15,2035.47,1865.85,1356.98,945.04,1041.97,920.81,1187.36,1017.73,969.27,726.95,533.10,387.71,242.32,145.39,48.46,0.00,0.00,0.00,0.00,24.23,0.00,0.00,0.00,1.164
56465,934.38,65.19,2.22,438.45,2289.66,2240.94,2070.44,1485.84,1461.49,1437.13,1583.28,1315.34,925.61,876.89,998.68,584.59,467.68,243.58,170.51,73.07,24.36,0.00,0.00,0.00,0.00,0.00,0.00,0.00,1.165
56466,850.56,62.39,2.23,291.95,1411.11,2676.24,2068.00,1630.07,1021.84,1119.15,1021.84,1289.46,1216.47,802.87,900.19,510.92,564.44,316.28,72.99,24.33,24.33,24.33,24.33,0.00,0.00,0.00,0.00,0.00,1.164
56467,808.22,61.81,2.27,242.64,1577.13,2183.72,1746.98,1552.87,1334.50,1285.97,897.75,946.28,994.81,1019.07,679.38,461.01,659.97,291.16,145.58,97.05,0.00,48.53,0.00,0.00,0.00,0.00,0.00,0.00,1.163
56468,816.80,62.01,2.42,243.10,1920.45,1993.38,1847.52,1847.52,1118.24,1093.93,1409.95,948.07,607.74,729.29,899.45,607.74,583.43,170.17,97.24,145.86,24.31,0.00,24.31,0.00,24.31,0.00,0.00,0.00,1.164
56469,911.16,67.14,2.45,364.66,2333.81,2431.05,2382.43,1093.97,1410.01,1142.59,1118.28,948.11,1191.21,1142.59,1021.04,388.97,719.59,291.73,145.86,48.62,0.00,24.31,0.00,24.31,0.00,0.00,0.00,0.00,1.163
56470,874.45,64.33,2.24,218.79,1920.53,2260.88,1798.98,1555.87,1726.05,1191.21,1191.21,923.80,1166.90,899.49,948.11,559.14,447.31,461.90,170.17,24.31,24.31,0.00,0.00,0.00,0.00,0.00,0.00,0.00,1.164
56471,919.46,66.83,2.32,218.17,2036.24,2424.09,2424.09,1599.90,1405.97,1090.84,1139.32,1090.84,1187.81,1115.08,872.67,533.30,717.53,315.13,145.45,48.48,24.24,0.00,0.00,0.00,0.00,0.00,0.00,0.00,1.166
56472,891.06,61.87,2.36,244.06,1830.44,2904.30,2196.53,1903.66,1513.16,951.83,1122.67,1171.48,951.83,854.21,878.61,219.65,566.22,244.06,195.25,24.41,0.00,0.00,24.41,0.00,0.00,24.41,0.00,0.00,1.164
56473,853.52,63.79,2.25,194.53,1969.66,2358.73,2091.25,1288.79,1361.74,972.67,1069.94,875.41,1240.16,972.67,996.99,534.97,486.34,462.02,97.27,72.95,24.32,0.00,0.00,0.00,0.00,0.00,0.00,0.00,1.164
56474,953.82,74.73,2.73,316.24,2213.67,2432.60,2359.62,1386.58,1094.67,924.39,1435.24,1289.28,1094.67,1386.58,1094.67,559.50,953.58,267.59,145.96,48.65,48.65,0.00,24.33,0.00,0.00,0.00,0.00,0.00,1.164
56475,942.09,64.26,2.25,1166.97,2504.13,2479.82,2236.70,1604.59,1118.35,972.48,1337.16,1094.04,996.79,607.80,972.48,461.93,777.98,218.81,145.87,145.87,0.00,0.00,0.00,0.00,0.00,0.00,0.00,0.00,1.164
56476,829.68,63.29,2.29,243.24,1897.24,2286.42,1702.65,1532.39,1313.47,1070.24,1045.91,802.68,948.62,1045.91,1021.59,608.09,369.72,413.50,170.27,72.97,48.65,0.00,0.00,0.00,0.00,0.00,0.00,0.00,1.163
56477,897.75,66.65,2.32,340.98,1899.74,2459.92,1972.81,1558.76,1412.63,1169.07,1071.65,1315.21,901.16,1047.29,901.16,511.47,857.32,340.98,146.13,48.71,0.00,0.00,0.00,0.00,0.00,0.00,0.00,0.00,1.163
56478,995.17,73.37,2.58,243.56,2143.30,2849.61,2338.14,1510.05,1510.05,1388.27,1315.21,1193.43,1339.56,1120.36,1047.29,584.54,759.90,267.91,170.49,97.42,0.00,24.36,0.00,0.00,0.00,0.00,0.00,0.00,1.164
56479,1048.25,76.53,2.64,219.35,2559.08,2412.85,2339.73,1827.92,2022.89,1413.59,1169.87,1389.22,1242.98,1267.35,1096.75,682.42,662.92,438.70,146.23,48.74,24.37,0.00,0.00,0.00,0.00,0.00,0.00,0.00,1.162
56480,922.69,68.85,2.43,265.84,2054.19,2416.69,1909.19,1812.52,1522.52,1232.51,1256.68,845.84,1232.51,1135.85,773.34,652.51,715.34,386.67,169.17,48.33,24.17,0.00,0.00,0.00,0.00,0.00,0.00,0.00,1.163
56481,859.37,58.45,1.95,339.58,2134.47,2425.54,1649.37,1576.60,1334.05,897.45,1697.88,1067.24,897.45,945.96,1042.98,266.81,426.89,291.06,145.53,48.51,0.00,0.00,0.00,0.00,0.00,0.00,0.00,0.00,1.162
56482,900.46,68.80,2.47,339.34,1890.60,2108.75,1987.56,1599.74,1187.69,1745.17,1211.93,1066.49,848.35,1236.16,1042.26,533.25,484.77,363.58,242.39,72.72,48.48,0.00,0.00,0.00,0.00,0.00,0.00,0.00,1.162
56483,1034.84,81.90,3.01,363.61,2181.68,2472.57,2593.78,1624.14,1599.90,1187.81,1309.01,1502.94,1309.01,1163.56,1042.36,460.58,989.03,509.06,290.89,48.48,24.24,24.24,0.00,0.00,0.00,0.00,0.00,0.00,1.161
56484,908.98,71.58,2.70,338.72,2008.12,2395.23,1790.38,1935.54,1524.24,991.97,919.38,943.58,895.19,1209.71,1209.71,725.83,832.28,145.17,145.17,72.58,48.39,24.19,0.00,24.19,0.00,0.00,0.00,0.00,1.163
56485,913.35,71.82,2.76,218.45,2281.55,2330.09,1966.02,1116.50,1407.76,1237.86,1067.96,1067.96,1480.58,1262.13,1092.23,485.44,621.36,412.62,97.09,48.54,48.54,0.00,0.00,0.00,0.00,24.27,0.00,0.00,1.163
56486,895.30,71.71,2.66,411.80,1865.22,2155.90,2059.00,1332.30,1041.61,1211.18,1235.40,1017.39,1090.06,1719.87,799.38,605.59,755.78,314.91,218.01,24.22,0.00,24.22,0.00,24.22,0.00,0.00,0.00,0.00,1.163
56487,828.59,66.90,2.47,194.22,1845.10,2354.93,1383.82,1383.82,1432.38,995.38,1262.43,704.05,1165.32,922.55,849.72,582.66,718.62,534.11,72.83,169.94,0.00,0.00,0.00,0.00,0.00,0.00,0.00,0.00,1.163
56488,753.17,58.50,2.16,121.32,1601.46,1819.84,1674.25,1819.84,1213.23,655.14,1140.43,800.73,824.99,1043.38,970.58,242.65,504.70,218.38,291.17,48.53,72.79,0.00,0.00,0.00,0.00,0.00,0.00,0.00,1.162
56489,848.73,63.92,2.25,145.45,1842.42,2399.99,1866.66,1672.72,1187.88,1090.91,824.24,969.69,1187.88,1066.66,1042.42,436.36,756.36,315.15,96.97,48.48,0.00,24.24,0.00,0.00,0.00,0.00,0.00,0.00,1.163
56490,866.17,66.22,2.48,338.54,1741.05,2490.68,1861.96,1281.61,1257.43,1329.97,1233.25,1039.80,1112.34,1184.88,870.53,507.81,444.94,290.18,169.27,72.54,48.36,24.18,0.00,24.18,0.00,0.00,0.00,0.00,1.163
56491,925.55,69.45,2.48,218.23,2255.08,2521.81,1915.60,1745.87,1260.90,1309.40,1042.67,800.19,1309.40,1139.66,1188.16,606.20,737.14,242.48,121.24,24.25,48.50,0.00,24.25,0.00,0.00,0.00,0.00,0.00,1.164
56492,858.68,68.36,2.45,340.27,2065.90,2430.47,1531.20,1166.63,1215.23,1093.71,996.49,802.05,1336.76,1093.71,1093.71,583.31,719.42,510.40,145.83,48.61,0.00,0.00,0.00,0.00,0.00,0.00,0.00,0.00,1.163
56493,866.24,61.98,2.12,291.42,1797.08,2331.35,2112.78,1481.38,1384.24,1189.96,1238.53,1092.82,922.82,947.11,947.11,485.70,641.12,267.13,145.71,24.28,24.28,0.00,0.00,0.00,0.00,0.00,0.00,0.00,1.163
56494,713.73,55.32,2.24,315.92,1579.58,1652.49,1676.79,1458.08,704.74,874.85,923.45,996.35,1239.37,680.44,801.94,461.72,544.35,218.71,24.30,97.21,0.00,0.00,0.00,0.00,0.00,0.00,24.30,0.00,1.163
56495,751.79,51.85,1.76,532.33,2201.90,1693.77,1935.73,1113.05,943.67,725.90,967.87,1064.65,1016.26,871.08,750.10,338.75,542.01,145.18,145.18,24.20,24.20,0.00,0.00,0.00,0.00,0.00,0.00,0.00,1.163
56496,970.63,72.80,2.61,266.86,2086.34,2571.53,2450.23,1382.80,1576.88,1431.32,1237.25,1212.99,1140.21,1018.91,1067.43,679.27,659.86,339.64,145.56,48.52,97.04,0.00,0.00,0.00,0.00,0.00,0.00,0.00,1.162
56497,820.55,57.61,1.95,72.79,1649.83,2110.81,2183.59,1989.50,1140.32,1091.80,994.75,1140.32,1043.27,873.44,655.08,315.41,640.52,339.67,145.57,24.26,0.00,0.00,0.00,0.00,0.00,0.00,0.00,0.00,1.163
56498,896.64,62.03,2.21,387.11,2177.48,2588.79,1911.35,1621.02,1330.68,1354.88,1427.46,1040.35,1040.35,846.80,846.80,290.33,561.31,217.75,120.97,120.97,0.00,24.19,24.19,0.00,0.00,0.00,0.00,0.00,1.162
56499,909.17,72.72,2.72,387.50,2010.16,2010.16,2010.16,1767.97,1332.03,1138.28,1259.38,1065.63,968.75,1259.38,775.00,629.69,794.38,435.94,193.75,96.88,24.22,0.00,24.22,0.00,0.00,0.00,0.00,0.00,1.163
