NASA Intern/Datasets/LARGE/SASA-LARGE-OPTICAL_P3B_20220706_RA.ict
87,1001
Richard Moore, Luke Ziemba, Edward Winstead, Michael Shook, Claire Robinson, John Barrick, Bruce Anderson, and Ali Omar
NASA Langley
In-situ optical aerosol measurements from the NASA P3B
NASA SASA
1,1
2022,07,06,2022,07,7
1.0
Time_Mid,Secs after midnight,Time of acquisition
19
1,1,1,1,1,1,1,1,1,1,1,1,1,1,1,1,1,1,1
-9999,-9999,-9999,-9999,-9999,-9999,-9999,-9999,-9999,-9999,-9999,-9999,-9999,-9999,-9999,-9999,-9999,-9999,-9999
Sc550_total_amb, Mm-1, AerOpt_Scattering_InSitu_Green_RHa_Bulk_STP, scattering coefficient of ambient  particles at 550nm
Sc450_total, Mm-1, AerOpt_Scattering_InSitu_Blue_RHd_Bulk_STP, Dry Scattering at 450nm (Total Aerosols)
Sc550_total, Mm-1, AerOpt_Scattering_InSitu_Green_RHd_Bulk_STP, Dry Scattering at 550nm (Total Aerosols)
Sc700_total, Mm-1, AerOpt_Scattering_InSitu_Red_RHd_Bulk_STP, Dry Scattering at 700nm (Total Aerosols)
Abs470_total, Mm-1, AerOpt_Absorption_InSitu_Blue_RHd_Bulk_STP, Dry absorption at 470nm (Total Aerosols)
Abs532_total, Mm-1, AerOpt_Absorption_InSitu_Green_RHd_Bulk_STP, Dry absorption at 532nm (Total Aerosols)
Abs660_total, Mm-1, AerOpt_Absorption_InSitu_Red_RHd_Bulk_STP, Dry absorption at 660nm (Total Aerosols)
Ext532_total_amb, Mm-1, AerOpt_Extinction_InSitu_Green_RHa_Bulk_STP, extinction coefficient of aerosols at 532nm for AMBIENT relative humidity
Ext532_total_dry, Mm-1, AerOpt_Extinction_InSitu_Green_RHd_Bulk_STP, extinction coefficient of aerosols at 532nm for DRY relative humidity
gamma550, unitless, AerOpt_Gamma_InSitu_Green_None_Bulk_STP, derived hygroscopic growth factor for particles at 550nm
fRH550_RH20to80, unitless, AerOpt_fRHScat_InSitu_Green_RHsp_Bulk_STP, derived hygroscopic growth parameter for particles at 550nm
AEscatAMB_450to700nm,unitless, AerOpt_AngstromExponentScat_InSitu_BluetoRed_RHa_Bulk_STP, derived ambient Angstrom Exponent for scattering coefficient over wavelength range from 450nm to 700nm
AEscatDRY_450to700nm,unitless, AerOpt_AngstromExponentScatInSitu_BluetoRed_RHd_Bulk_STP, derived dry Angstrom Exponent for scattering coefficient over wavelength range from 450nm to 700nm
AEabsDRY_470to660nm,unitless, AerOpt_AngstromExponentAbs_InSitu_BluetoRed_RHd_Bulk_STP, derived dry Angstrom Exponent for absorption coefficient over wavelength range from 450nm to 700nm
SSA_dry_450nm,unitless, AerOpt_SSA_InSitu_Blue_RHd_Bulk_STP, single_scattering_albedo_at_450nm_as_derived_from_dry_scattering_and_absorption
SSA_dry_550nm,unitless, AerOpt_SSA_InSitu_Green_RHd_Bulk_STP, single_scattering_albedo_at_550nm_as_derived_from_dry_scattering_and_absorption
SSA_dry_700nm,unitless, AerOpt_SSA_InSitu_Red_RHd_Bulk_STP, single_scattering_albedo_at_700nm_as_derived_from_dry_scattering_and_absorption
SSA_amb_550nm,unitless, AerOpt_SSA_InSitu_Green_RHa_Bulk_STP, single_scattering_albedo_at_550nm_as_derived_from_ambient_scattering_and_absorption
stdPT,unitless, None, Conversion factor to convert between ambient and standard pressure and temperature conditions
0
54
******************************************************************************************************************
Langley Aerosol data from the 2022 SASA field campaign
 
PI_CONTACT_INFO: richard.h.moore@nasa.gov
PLATFORM: NASA P3B aircraft
LOCATION: Latitude, Longitude, and Altitude included in MetNav files
ASSOCIATED_DATA: N/A
[...]
ANGSTROM EXPONENT AND SSA CALCULATIONS: 
	- The Absorption coefficients were corrected to the wavelengths of the TSI nepholometer using the measured angstrom exponents
	- The scattering and absorption coefficients were smoothed with a 30s running average to compute the SSA and AE
	- Ambient SSA is calculated with ambient scattering and dry absorption
	- SSA is computed only when both scattering and absorption are greater than 1 Mm-1
	- Scattering Angstrom Exponents are computed only when relevant scattering measurements are greater than 1 Mm-1
	- Absorption Angstrom Exponents are computed only when relevant absorption measurements are greater than 2 Mm-1
DATA_INFO: Aerosol measurements are reported at standard temperature and pressure (0 deg C, 1013 mb)
UNCERTAINTY: all data are 5%
ULOD_FLAG: -7777
ULOD_VALUE: N/A
LLOD_FLAG: -8888
LLOD_VALUE: N/A
DM_CONTACT_INFO: Michael Shook (michael.shook@nasa.gov)
PROJECT_INFO: SASA 2022
STIPULATIONS_ON_USE: This is FIELD data. Please consult the PI and/or DM prior to use.
OTHER_COMMENTS: Ambient calculations currently use RH data from field Hsking files. Once available, calculations will be updated with final MetNav data.
REVISION: RA
RA: None
******************************************************************************************************************
Time_Mid,Sc550_total_amb,Sc450_total,Sc550_total,Sc700_total,Abs470_total,Abs532_total,Abs660_total,Ext532_total_amb,Ext532_total_dry,gamma550,fRH550_RH20to80,AEscatAMB_450to700nm,AEscatDRY_450to700nm,AEabsDRY_470to660nm,SSA_dry_450nm,SSA_dry_550nm,SSA_dry_700nm,SSA_amb_550nm,stdPT
[from data line 7496]
61396,12.41,19.66,11.54,4.56,1.01,0.35,-0.80,13.79,12.80,0.23,1.37,2.33,2.65,-9999,0.942,-9999.000,-9999.000,-9999.000,1.426
61397,11.00,16.29,10.02,6.07,1.46,1.45,0.29,13.38,12.28,0.29,1.49,2.36,2.69,-9999,0.937,-9999.000,-9999.000,-9999.000,1.426
61398,14.27,22.74,13.54,4.73,1.93,1.56,2.16,17.04,16.17,0.16,1.24,2.31,2.66,-9999,0.938,-9999.000,-9999.000,-9999.000,1.425
61399,-9999.00,22.77,13.72,5.46,1.55,1.06,2.06,-9999.00,15.86,-9999.00,-9999.00,2.28,2.66,-9999,0.940,-9999.000,-9999.000,-9999.000,1.424
61400,14.30,20.82,13.09,6.86,0.77,1.59,3.59,17.08,15.70,0.24,1.40,2.27,2.66,-9999,0.943,-9999.000,-9999.000,-9999.000,1.425
61401,13.37,18.88,12.39,8.40,1.11,2.40,2.17,16.87,15.75,0.24,1.39,2.22,2.66,-9999,0.947,-9999.000,-9999.000,-9999.000,1.430
61402,-9999.00,18.90,12.34,8.25,3.78,1.33,-0.51,-9999.00,14.63,-9999.00,-9999.00,2.28,2.75,-9999,0.949,-9999.000,-9999.000,-9999.000,1.429
61403,-9999.00,18.17,11.72,7.41,2.49,0.22,0.25,-9999.00,12.86,-9999.00,-9999.00,2.39,2.84,-9999,0.948,-9999.000,-9999.000,-9999.000,1.429
61404,-9999.00,17.43,11.09,6.58,0.91,2.29,1.31,-9999.00,14.26,-9999.00,-9999.00,2.58,2.91,-9999,0.945,-9999.000,-9999.000,-9999.000,1.434
61405,-9999.00,17.71,12.40,5.69,3.20,2.25,3.72,-9999.00,15.66,-9999.00,-9999.00,2.63,2.91,-9999,0.944,-9999.000,-9999.000,-9999.000,1.430
61406,-9999.00,17.94,13.67,4.95,1.15,-0.46,2.01,-9999.00,14.32,-9999.00,-9999.00,2.61,2.89,-9999,0.946,-9999.000,-9999.000,-9999.000,1.433
61407,-9999.00,19.61,13.74,7.17,-0.68,0.03,-2.66,-9999.00,14.87,-9999.00,-9999.00,2.55,2.87,-9999,0.949,-9999.000,-9999.000,-9999.000,1.432
61408,-9999.00,21.21,13.70,9.59,0.31,0.45,-2.40,-9999.00,15.23,-9999.00,-9999.00,2.42,2.85,-9999,0.951,-9999.000,-9999.000,-9999.000,1.434
61409,-9999.00,19.50,13.43,7.18,0.50,-0.79,1.71,-9999.00,13.70,-9999.00,-9999.00,2.40,2.82,-9999,-9999,-9999,-9999,-9999,1.435
61410,-9999.00,17.73,13.05,4.92,2.44,0.11,2.95,-9999.00,14.17,-9999.00,-9999.00,2.37,2.77,-9999,-9999,-9999,-9999,-9999,1.436
61411,-9999.00,17.13,12.08,4.09,2.99,1.82,0.07,-9999.00,14.83,-9999.00,-9999.00,2.31,2.71,-9999,-9999,-9999,-9999,-9999,1.434
61412,-9999.00,16.52,11.09,3.25,0.64,1.62,-1.87,-9999.00,13.56,-9999.00,-9999.00,2.31,2.67,-9999,-9999,-9999,-9999,-9999,1.438
61413,-9999.00,18.53,12.62,7.43,-0.37,2.18,-0.69,-9999.00,15.75,-9999.00,-9999.00,2.27,2.69,-9999,-9999,-9999,-9999,-9999,1.441
61414,-9999.00,21.11,12.23,6.08,0.38,0.68,2.39,-9999.00,13.85,-9999.00,-9999.00,2.19,2.70,-9999,-9999,-9999,-9999,-9999,1.439
61415,-9999.00,20.37,12.14,3.60,-0.41,-3.55,0.71,-9999.00,9.53,-9999.00,-9999.00,2.19,2.72,-9999,-9999,-9999,-9999,-9999,1.438
61416,-9999.00,19.59,12.40,1.24,-1.70,-1.85,-2.67,-9999.00,11.51,-9999.00,-9999.00,1.88,2.75,-9999,-9999,-9999,-9999,-9999,1.442
61417,-9999.00,21.30,10.72,2.38,-1.19,2.35,0.47,-9999.00,13.88,-9999.00,-9999.00,-9999,2.77,-9999,-9999,-9999,-9999,-9999,1.443
61418,-9999.00,21.51,10.73,3.70,0.28,1.13,-1.01,-9999.00,12.67,-9999.00,-9999.00,-9999,2.81,-9999,-9999,-9999,-9999,-9999,1.440
61419,-9999.00,19.92,10.77,5.30,0.99,0.29,-2.32,-9999.00,11.87,-9999.00,-9999.00,-9999,2.85,-9999,-9999,-9999,-9999,-9999,1.445
61420,-9999.00,18.29,10.95,7.10,2.63,1.64,2.00,-9999.00,13.41,-9999.00,-9999.00,-9999,2.93,-9999,-9999,-9999,-9999,-9999,1.443
61421,-9999.00,17.39,12.30,6.94,2.51,1.54,1.72,-9999.00,14.75,-9999.00,-9999.00,-9999,2.97,-9999,-9999,-9999,-9999,-9999,1.445
61422,-9999.00,18.26,13.94,6.63,-0.46,-0.38,-2.06,-9999.00,14.61,-9999.00,-9999.00,-9999,2.97,-9999,-9999,-9999,-9999,-9999,1.446
61423,-9999.00,18.74,13.93,6.06,-1.39,-2.26,-1.79,-9999.00,12.71,-9999.00,-9999.00,-9999,3.00,-9999,-9999,-9999,-9999,-9999,1.448
61424,-9999.00,20.18,11.09,5.57,-1.88,-2.57,0.30,-9999.00,9.34,-9999.00,-9999.00,-9999,3.07,-9999,-9999,-9999,-9999,-9999,1.448
61425,-9999.00,21.49,13.16,6.74,-2.54,-2.76,-3.02,-9999.00,11.39,-9999.00,-9999.00,-9999,3.11,-9999,-9999,-9999,-9999,-9999,1.450
61426,-9999.00,22.74,15.25,7.91,-4.32,-4.51,-6.43,-9999.00,11.92,-9999.00,-9999.00,-9999,3.08,-9999,-9999,-9999,-9999,-9999,1.453
61427,-9999.00,22.71,15.32,8.65,-5.74,-5.33,-6.12,-9999.00,11.21,-9999.00,-9999.00,-9999,3.04,-9999,-9999,-9999,-9999,-9999,1.457
61428,-9999.00,20.66,12.61,5.69,-2.74,-2.94,-3.10,-9999.00,10.71,-9999.00,-9999.00,-9999,3.00,-9999,-9999,-9999,-9999,-9999,1.454
61429,-9999.00,18.57,10.07,2.97,0.57,0.93,-0.42,-9999.00,11.87,-9999.00,-9999.00,-9999,3.04,-9999,-9999,-9999,-9999,-9999,1.458
61430,-9999.00,18.31,10.09,2.12,2.39,1.86,0.98,-9999.00,12.80,-9999.00,-9999.00,-9999,3.05,-9999,-9999,-9999,-9999,-9999,1.458
61431,-9999.00,14.10,9.70,3.12,2.28,0.04,-2.12,-9999.00,10.52,-9999.00,-9999.00,-9999,3.01,-9999,-9999,-9999,-9999,-9999,1.457
61432,-9999.00,11.73,10.27,4.13,-2.48,-2.94,-10.60,-9999.00,8.15,-9999.00,-9999.00,-9999,2.94,-9999,-9999,-9999,-9999,-9999,1.456
61433,-9999.00,10.84,7.73,3.07,-3.64,-3.80,-8.22,-9999.00,4.54,-9999.00,-9999.00,-9999,2.87,-9999,-9999,-9999,-9999,-9999,1.459
61434,-9999.00,9.63,6.10,2.01,0.55,-1.28,-1.31,-9999.00,5.28,-9999.00,-9999.00,-9999,2.87,-9999,-9999,-9999,-9999,-9999,1.459
61435,-9999.00,14.34,10.19,-0.05,1.10,-0.46,-0.31,-9999.00,10.48,-9999.00,-9999.00,-9999,2.87,-9999,-9999,-9999,-9999,-9999,1.463
61436,-9999.00,13.62,9.45,1.83,3.98,2.98,3.65,-9999.00,13.10,-9999.00,-9999.00,-9999,2.90,-9999,-9999,-9999,-9999,-9999,1.464
61437,-9999.00,11.92,9.12,3.71,6.16,5.80,4.68,-9999.00,15.58,-9999.00,-9999.00,-9999,2.91,-9999,-9999,-9999,-9999,-9999,1.462
61438,-9999.00,11.84,8.88,2.88,3.44,3.75,-0.49,-9999.00,13.29,-9999.00,-9999.00,-9999,2.91,-9999,-9999,-9999,-9999,-9999,1.468
61439,-9999.00,13.07,8.99,3.21,6.10,5.26,2.84,-9999.00,14.93,-9999.00,-9999.00,-9999,2.88,-9999,-9999,-9999,-9999,-9999,1.464
61440,-9999.00,14.25,9.10,3.53,4.77,2.70,5.77,-9999.00,12.46,-9999.00,-9999.00,-9999,2.84,-9999,-9999,-9999,-9999,-9999,1.465
61441,-9999.00,11.12,5.58,5.03,1.71,0.57,3.19,-9999.00,6.53,-9999.00,-9999.00,-9999,2.83,-9999,-9999,-9999,-9999,-9999,1.467
61442,-9999.00,12.78,3.73,5.43,4.63,3.89,4.67,-9999.00,7.86,-9999.00,-9999.00,-9999,2.75,-9999,-9999,-9999,-9999,-9999,1.471
61443,-9999.00,11.21,3.43,3.91,-1.41,-1.05,-1.64,-9999.00,2.57,-9999.00,-9999.00,-9999,2.69,-9999,-9999,-9999,-9999,-9999,1.471
61444,-9999.00,14.57,5.13,4.13,-38.66,-20.42,-22.20,-9999.00,-15.03,-9999.00,-9999.00,-9999,2.58,-9999,-9999,-9999,-9999,-9999,1.471
61445,-9999.00,10.77,7.35,3.01,-30.49,-27.91,-26.87,-9999.00,-20.25,-9999.00,-9999.00,-9999,2.47,-9999,-9999,-9999,-9999,-9999,1.472
61446,-9999.00,7.78,9.82,2.20,-14.83,-19.64,-14.20,-9999.00,-9.42,-9999.00,-9999.00,-9999,2.37,-9999,-9999,-9999,-9999,-9999,1.476
61447,-9999.00,9.10,8.29,2.67,-0.43,-2.15,-6.51,-9999.00,6.48,-9999.00,-9999.00,-9999,2.31,-9999,-9999,-9999,-9999,-9999,1.476
61448,-9999.00,8.84,6.72,3.14,7.10,3.56,-0.87,-9999.00,10.55,-9999.00,-9999.00,-9999,2.25,-9999,-9999,-9999,-9999,-9999,1.477
61449,-9999.00,8.90,6.38,0.37,10.41,5.48,3.33,-9999.00,12.12,-9999.00,-9999.00,-9999,2.20,-9999,-9999,-9999,-9999,-9999,1.479
61450,-9999.00,8.20,6.10,1.90,5.76,5.19,4.57,-9999.00,11.55,-9999.00,-9999.00,-9999,2.17,-9999,0.868,-9999.000,-9999.000,-9999,1.478
61451,-9999.00,5.62,5.58,1.95,4.75,5.51,6.59,-9999.00,11.36,-9999.00,-9999.00,-9999,2.05,-9999,0.868,-9999.000,-9999.000,-9999,1.477
61452,-9999.00,4.62,2.42,2.74,4.43,2.50,2.29,-9999.00,5.04,-9999.00,-9999.00,-9999,1.94,-9999,0.866,-9999.000,-9999.000,-9999,1.483
61453,-9999.00,5.14,3.04,3.22,-0.04,-0.47,-6.85,-9999.00,2.72,-9999.00,-9999.00,-9999,1.85,-9999,0.871,-9999.000,-9999.000,-9999,1.484
61454,-9999.00,5.66,3.66,3.70,1.32,1.81,-1.78,-9999.00,5.65,-9999.00,-9999.00,-9999,1.75,-9999,-9999,-9999,-9999,-9999,1.483
61455,-9999.00,6.66,5.95,3.51,7.70,4.80,4.12,-9999.00,11.05,-9999.00,-9999.00,-9999,1.65,-9999,-9999,-9999,-9999,-9999,1.481
61456,-9999.00,6.44,8.08,3.11,10.08,6.25,4.12,-9999.00,14.72,-9999.00,-9999.00,-9999,1.56,-9999,-9999,-9999,-9999,-9999,1.485
61457,-9999.00,-0.27,7.32,4.65,7.41,6.19,4.07,-9999.00,13.86,-9999.00,-9999.00,-9999,1.55,-9999,-9999,-9999,-9999,-9999,1.481
61458,-9999.00,-1.29,6.53,4.01,3.68,1.83,2.63,-9999.00,8.62,-9999.00,-9999.00,-9999,1.55,-9999,-9999,-9999,-9999,-9999,1.484
61459,-9999.00,-2.32,5.73,3.36,1.18,-0.75,-1.94,-9999.00,5.15,-9999.00,-9999.00,-9999,1.52,-9999,-9999,-9999,-9999,-9999,1.487
61460,-9999.00,3.66,6.66,2.85,3.00,3.18,-0.22,-9999.00,10.02,-9999.00,-9999.00,-9999,1.55,-9999,0.777,-9999.000,-9999.000,-9999,1.486
61461,-9999.00,7.40,4.07,2.22,3.48,2.15,2.16,-9999.00,6.35,-9999.00,-9999.00,-9999,1.60,-9999,0.693,0.781,-9999.000,-9999,1.488
61462,-9999.00,4.84,3.40,2.48,-1.56,-2.53,-1.64,-9999.00,1.00,-9999.00,-9999.00,-9999,1.65,-9999,0.657,0.708,-9999.000,-9999,1.487
61463,-9999.00,2.61,3.35,3.27,-0.04,0.43,-0.96,-9999.00,3.91,-9999.00,-9999.00,-9999,1.63,-9999,0.647,0.691,0.730,-9999,1.487
61464,-9999.00,6.67,3.44,3.51,11.95,10.73,6.43,-9999.00,14.30,-9999.00,-9999.00,-9999,1.64,-9999,0.653,0.700,0.733,-9999,1.490
61465,-9999.00,11.61,4.24,4.24,9.53,7.91,6.42,-9999.00,12.30,-9999.00,-9999.00,-9999,1.56,-9999,0.666,0.714,0.759,-9999,1.490
61466,-9999.00,11.58,4.04,3.74,0.93,1.93,1.42,-9999.00,6.08,-9999.00,-9999.00,-9999,1.51,-9999,0.670,0.727,-9999.000,-9999,1.491
61467,-9999.00,9.30,4.54,5.00,3.87,4.70,1.59,-9999.00,9.36,-9999.00,-9999.00,-9999,1.46,-9999,0.675,0.735,-9999.000,-9999,1.492
61468,-9999.00,7.44,5.06,6.28,3.81,0.73,1.47,-9999.00,5.90,-9999.00,-9999.00,-9999,1.47,-9999,0.678,0.737,-9999.000,-9999,1.490
61469,-9999.00,7.11,4.99,5.20,-1.97,-3.48,-0.87,-9999.00,1.61,-9999.00,-9999.00,-9999,1.41,-9999,0.670,0.731,-9999.000,-9999,1.496
61470,-9999.00,8.57,5.95,5.73,-3.67,-3.29,-3.64,-9999.00,2.75,-9999.00,-9999.00,-9999,1.43,-9999,0.664,0.741,0.770,-9999,1.493
61471,-9999.00,10.03,6.91,6.27,-3.70,-2.84,-4.92,-9999.00,4.18,-9999.00,-9999.00,-9999,1.45,-9999,0.681,0.756,-9999.000,-9999,1.497
61472,-9999.00,9.94,7.14,4.67,0.24,-0.37,-2.10,-9999.00,6.90,-9999.00,-9999.00,-9999,1.45,-9999,0.707,0.767,-9999.000,-9999,1.494
61473,-9999.00,9.02,7.94,3.43,6.40,3.52,1.86,-9999.00,11.68,-9999.00,-9999.00,-9999,1.55,-9999,0.728,0.772,-9999.000,0.784,1.497
61474,-9999.00,5.08,8.90,2.45,6.05,4.73,1.91,-9999.00,13.94,-9999.00,-9999.00,0.87,1.62,-9999,0.734,0.775,-9999.000,0.788,1.496
61475,-9999.00,12.24,5.26,1.32,1.75,2.77,3.40,-9999.00,8.26,-9999.00,-9999.00,0.96,1.69,-9999,0.739,0.772,-9999.000,0.788,1.499
61476,-9999.00,11.29,5.46,1.21,0.94,0.99,3.34,-9999.00,6.70,-9999.00,-9999.00,0.78,1.71,-9999,0.742,0.767,-9999.000,0.776,1.496
61477,-9999.00,10.60,5.65,1.10,2.57,2.83,2.73,-9999.00,8.74,-9999.00,-9999.00,0.69,1.75,-9999,0.742,0.757,-9999.000,0.769,1.499
61478,-9999.00,7.97,6.24,2.95,3.84,3.13,1.96,-9999.00,9.68,-9999.00,-9999.00,0.55,1.75,-9999,0.736,0.748,-9999.000,0.760,1.503
61479,-9999.00,8.20,6.77,2.66,3.94,0.05,-1.61,-9999.00,7.16,-9999.00,-9999.00,0.57,1.74,-9999,0.740,0.751,-9999.000,0.763,1.503
61480,-9999.00,5.94,7.26,2.35,2.98,0.89,-1.17,-9999.00,8.49,-9999.00,-9999.00,0.47,1.66,-9999,0.763,0.784,-9999.000,0.796,1.504
61481,-9999.00,3.19,8.20,2.03,1.77,1.62,1.57,-9999.00,10.10,-9999.00,-9999.00,0.53,1.57,-9999,0.773,0.813,-9999.000,0.836,1.505
61482,-9999.00,3.28,3.04,2.89,1.26,1.86,-0.27,-9999.00,4.99,-9999.00,-9999.00,0.60,1.51,-9999,0.765,0.819,-9999.000,0.839,1.506
61483,-9999.00,2.26,6.65,1.15,1.98,3.53,-0.04,-9999.00,10.38,-9999.00,-9999.00,0.82,1.56,-9999,0.773,0.824,-9999.000,0.841,1.503
61484,-9999.00,3.33,3.33,4.79,2.74,1.48,1.35,-9999.00,4.90,-9999.00,-9999.00,0.80,1.62,-9999,0.780,0.816,-9999.000,0.830,1.501
61485,-9999.00,3.84,6.83,2.11,2.82,-0.27,-0.07,-9999.00,6.77,-9999.00,-9999.00,0.80,1.65,-9999,0.764,0.800,-9999.000,0.813,1.505
61486,-9999.00,9.91,8.10,4.13,2.11,0.44,0.83,-9999.00,8.78,-9999.00,-9999.00,0.84,1.71,-9999,0.742,0.780,-9999.000,0.795,1.505
61487,-9999.00,9.90,8.32,4.82,1.26,2.76,1.51,-9999.00,11.31,-9999.00,-9999.00,0.81,1.73,-9999,0.725,0.759,0.728,0.774,1.507
61488,6.23,8.35,6.18,4.29,2.66,4.27,0.90,10.69,10.60,0.26,1.43,0.81,1.66,-9999,0.721,0.755,0.726,0.773,1.511
61489,6.33,8.36,6.33,5.71,4.58,1.05,-0.04,7.57,7.52,0.02,1.03,0.81,1.56,-9999,0.730,0.766,0.754,0.787,1.508
61490,6.69,10.07,6.62,5.93,3.39,0.47,1.05,7.34,7.28,0.19,1.29,0.77,1.54,-9999,0.736,0.773,0.767,0.799,1.510
61491,5.17,6.20,5.13,3.26,2.90,4.26,3.74,9.59,9.54,0.13,1.19,0.82,1.51,-9999,0.728,0.768,0.777,0.794,1.509
61492,-9999.00,6.46,2.37,-0.41,2.86,4.56,1.21,-9999.00,6.99,-9999.00,-9999.00,0.83,1.46,-9999,0.725,0.758,0.777,0.787,1.510
61493,-9999.00,5.03,2.60,2.72,0.94,0.36,0.33,-9999.00,3.03,-9999.00,-9999.00,0.81,1.39,-9999,0.729,0.766,0.779,0.796,1.511
61494,-9999.00,6.93,4.43,5.59,-0.15,-0.44,1.14,-9999.00,4.12,-9999.00,-9999.00,0.78,1.36,-9999,0.733,0.770,-9999.000,0.803,1.510
61495,7.01,4.86,7.01,6.81,2.28,1.45,-0.89,8.65,8.65,0.01,1.02,0.78,1.30,-9999,0.732,0.763,0.781,0.799,1.513
61496,11.12,4.87,11.22,5.17,3.69,1.06,-0.62,12.48,12.62,-0.19,0.77,0.78,1.23,-9999,0.734,0.762,0.775,0.801,1.517
61497,7.47,8.26,7.45,5.32,2.95,1.11,1.51,8.78,8.83,0.04,1.05,0.74,1.16,-9999,0.737,0.760,0.783,0.804,1.514
61498,6.31,14.36,6.27,4.77,2.15,3.48,3.26,9.97,9.99,0.11,1.17,0.79,1.28,-9999,0.742,0.767,0.783,0.807,1.517
61499,5.48,7.53,5.45,3.48,1.35,3.23,2.60,8.88,8.92,0.10,1.14,0.82,1.35,-9999,0.746,0.776,0.788,0.815,1.517
61500,6.82,8.36,6.74,4.07,4.39,1.92,0.70,8.95,8.95,0.17,1.27,0.82,1.44,-9999,0.752,0.781,0.787,0.816,1.516
61501,7.98,9.81,8.03,3.34,5.27,3.80,4.86,12.03,12.20,-0.08,0.89,0.79,1.42,-9999,0.760,0.770,0.786,0.805,1.517
61502,6.41,6.67,6.38,3.80,2.54,4.31,7.85,10.91,10.98,0.07,1.11,0.77,1.41,-9999,0.757,0.761,0.783,0.798,1.517
61503,-9999.00,3.22,4.43,4.84,-0.55,0.06,-1.54,-9999.00,4.69,-9999.00,-9999.00,0.76,1.44,-9999,0.753,0.770,0.789,0.807,1.516
61504,-9999.00,0.78,2.94,4.45,-0.56,-1.79,-3.80,-9999.00,1.28,-9999.00,-9999.00,0.75,1.48,-9999,0.754,0.784,-9999.000,0.822,1.521
61505,-9999.00,6.19,3.83,3.74,4.10,0.61,-0.24,-9999.00,4.62,-9999.00,-9999.00,0.74,1.55,-9999,0.755,0.779,-9999.000,0.821,1.517
61506,-9999.00,11.09,4.06,2.36,4.83,4.31,1.70,-9999.00,8.55,-9999.00,-9999.00,0.70,1.61,-9999,0.754,0.777,-9999.000,0.823,1.519
61507,-9999.00,9.00,3.76,2.56,1.22,3.48,3.88,-9999.00,7.41,-9999.00,-9999.00,0.72,1.58,-9999,0.764,0.797,-9999.000,0.840,1.520
61508,-9999.00,6.91,3.50,2.77,-0.45,-0.29,2.80,-9999.00,3.35,-9999.00,-9999.00,0.65,1.43,-9999,0.771,0.805,-9999.000,0.843,1.518
61509,-9999.00,5.80,3.62,3.18,1.78,0.84,0.31,-9999.00,4.60,-9999.00,-9999.00,0.68,1.43,-9999,0.766,0.797,-9999.000,0.832,1.520
61510,-9999.00,4.62,3.75,3.60,2.89,1.43,-0.11,-9999.00,5.33,-9999.00,-9999.00,0.65,1.52,-9999,0.754,0.785,-9999.000,0.821,1.521
61511,-9999.00,4.47,3.82,5.00,1.60,0.05,0.88,-9999.00,4.04,-9999.00,-9999.00,0.69,1.67,-9999,0.754,0.775,-9999.000,0.814,1.521
61512,-9999.00,4.33,3.86,6.44,1.37,0.76,1.33,-9999.00,4.83,-9999.00,-9999.00,0.57,1.81,-9999,0.764,0.767,-9999.000,0.807,1.524
61513,8.14,11.30,8.16,1.43,2.08,1.55,-0.87,9.99,10.16,-0.05,0.94,0.41,1.92,-9999,0.777,0.770,-9999.000,0.809,1.523
61514,8.13,10.93,8.16,1.99,3.29,1.19,-0.76,9.56,9.75,-0.06,0.92,0.49,1.87,-9999,0.777,0.784,0.746,0.823,1.524
61515,6.66,8.46,6.65,2.81,2.07,0.89,1.09,7.75,7.89,0.00,1.01,0.52,1.88,-9999,0.775,0.796,0.748,0.834,1.522
61516,5.18,5.95,5.14,4.50,0.49,2.75,0.84,8.10,8.17,0.12,1.18,0.49,1.83,-9999,0.787,0.807,0.759,0.845,1.522
61517,5.92,6.64,5.86,2.53,1.98,2.40,0.81,8.51,8.60,0.13,1.19,0.46,1.73,-9999,0.802,0.819,-9999.000,0.857,1.521
61518,6.16,6.63,6.09,1.43,2.06,-0.56,-0.72,5.80,5.89,0.17,1.27,0.51,1.64,-9999,0.801,0.822,-9999.000,0.863,1.524
61519,-9999.00,4.41,4.28,0.47,1.00,-0.45,-1.33,-9999.00,4.10,-9999.00,-9999.00,0.48,1.67,-9999,0.790,0.814,-9999.000,0.856,1.526
61520,-9999.00,4.97,3.44,0.65,3.11,1.57,1.47,-9999.00,5.23,-9999.00,-9999.00,0.48,1.75,-9999,0.788,0.799,-9999.000,0.841,1.526
61521,-9999.00,6.05,2.60,0.83,2.56,-0.20,0.91,-9999.00,2.56,-9999.00,-9999.00,0.51,1.79,-9999,0.798,0.797,-9999.000,0.838,1.524
