NASA Intern/Datasets/LARGE/SASA-LARGE-UHSAS_P3B_20220708_RA.ict
70, 1001
Richard Moore, Luke Ziemba, Edward Winstead, Michael Shook, Claire Robinson, John Barrick, Bruce Anderson, and Ali Omar
NASA Langley
In-situ Submicron  Particle Size Distributions from the DMT UHSAS on the NASA P3B
NASA SASA
1,1
2022,07,08,2022,07,8
1.0
Start_UTC,Secs after midnight,Time of acquisition
29
1,1,1,1,1,1,1,1,1,1,1,1,1,1,1,1,1,1,1,1,1,1,1,1,1,1,1,1,1
-9999,-9999,-9999,-9999,-9999,-9999,-9999,-9999,-9999,-9999,-9999,-9999,-9999,-9999,-9999,-9999,-9999,-9999,-9999,-9999,-9999,-9999,-9999,-9999,-9999,-9999,-9999,-9999,-9999
nUHSAS_PSL, #/cm3, integrated UHSAS Dry Aerosol Number Concentration (PSL optical diameter)
sUHSAS_PSL, um2/cm3, integrated UHSAS Dry Aerosol Surface Area Concentration (PSL optical diameter)
vUHSAS_PSL, um3/cm3, integrated UHSAS Dry Aerosol Volume Concentration (PSL optical diameter)
UHSAS_Bin01, #/cm3, Binned UHSAS Dry Aerosol Number Size Distribution (dNdlogD, PSL optical diameter) at bin center 63 nm
UHSAS_Bin02, #/cm3, Binned UHSAS Dry Aerosol Number Size Distribution (dNdlogD, PSL optical diameter) at bin center 71 nm
UHSAS_Bin03, #/cm3, Binned UHSAS Dry Aerosol Number Size Distribution (dNdlogD, PSL optical diameter) at bin center 79 nm
UHSAS_Bin04, #/cm3, Binned UHSAS Dry Aerosol Number Size Distribution (dNdlogD, PSL optical diameter) at bin center 89 nm
UHSAS_Bin05, #/cm3, Binned UHSAS Dry Aerosol Number Size Distribution (dNdlogD, PSL optical diameter) at bin center 100 nm
UHSAS_Bin06, #/cm3, Binned UHSAS Dry Aerosol Number Size Distribution (dNdlogD, PSL optical diameter) at bin center 112 nm
UHSAS_Bin07, #/cm3, Binned UHSAS Dry Aerosol Number Size Distribution (dNdlogD, PSL optical diameter) at bin center 126 nm
UHSAS_Bin08, #/cm3, Binned UHSAS Dry Aerosol Number Size Distribution (dNdlogD, PSL optical diameter) at bin center 141 nm
UHSAS_Bin09, #/cm3, Binned UHSAS Dry Aerosol Number Size Distribution (dNdlogD, PSL optical diameter) at bin center 158 nm
UHSAS_Bin10, #/cm3, Binned UHSAS Dry Aerosol Number Size Distribution (dNdlogD, PSL optical diameter) at bin center 178 nm
UHSAS_Bin11, #/cm3, Binned UHSAS Dry Aerosol Number Size Distribution (dNdlogD, PSL optical diameter) at bin center 200 nm
UHSAS_Bin12, #/cm3, Binned UHSAS Dry Aerosol Number Size Distribution (dNdlogD, PSL optical diameter) at bin center 224 nm
UHSAS_Bin13, #/cm3, Binned UHSAS Dry Aerosol Number Size Distribution (dNdlogD, PSL optical diameter) at bin center 251 nm
UHSAS_Bin14, #/cm3, Binned UHSAS Dry Aerosol Number Size Distribution (dNdlogD, PSL optical diameter) at bin center 282 nm
UHSAS_Bin15, #/cm3, Binned UHSAS Dry Aerosol Number Size Distribution (dNdlogD, PSL optical diameter) at bin center 316 nm
UHSAS_Bin16, #/cm3, Binned UHSAS Dry Aerosol Number Size Distribution (dNdlogD, PSL optical diameter) at bin center 355 nm
UHSAS_Bin17, #/cm3, Binned UHSAS Dry Aerosol Number Size Distribution (dNdlogD, PSL optical diameter) at bin center 398 nm
UHSAS_Bin18, #/cm3, Binned UHSAS Dry Aerosol Number Size Distribution (dNdlogD, PSL optical diameter) at bin center 447 nm
UHSAS_Bin19, #/cm3, Binned UHSAS Dry Aerosol Number Size Distribution (dNdlogD, PSL optical diameter) at bin center 501 nm
UHSAS_Bin20, #/cm3, Binned UHSAS Dry Aerosol Number Size Distribution (dNdlogD, PSL optical diameter) at bin center 562 nm
[...]
INSTRUMENT_INFO: Size Distribution Data From the DMT Ultra-High Sensitivity Aerosol Spectrometer (UHSAS)
DATA_INFO: UHSAS measurements are reported at standard temperature and pressure (0 deg C, 1013 mb)
  - Flagged data are due to missing data or instrument issues
  - Concentrations can be converted back to ambient conditions by dividing by the stdPT conversion factor
  - Integrated surface areas and volumes are calculated by assuming spherical particles
UNCERTAINTY: all data are 20%
ULOD_FLAG: -7777
ULOD_VALUE: N/A
LLOD_FLAG: -8888
LLOD_VALUE: N/A
DM_CONTACT_INFO: Michael Shook (michael.shook@nasa.gov)
PROJECT_INFO: SASA 2022
STIPULATIONS_ON_USE: STIPULATIONS_ON_USE: This is FIELD data. Please consult the PI and/or DM prior to use.
OTHER_COMMENTS: Data are processed with respect to mid-point polystyrene-latex-equivalent optical diameters and are rebinned to a 20 channels per decade standard binning scheme (dlogD = 0.05)
OTHER_COMMENTS: Mid-point diameters (in nm) are:
        63.1, 70.8, 79.4, 89.1, 100.0, 112.2, 125.9, 141.3, 158.5, 177.8, 199.5, 223.9, 251.2, 281.8, 316.2, 354.8, 398.1, 446.7, 501.2, 562.3, 631.0, 707.9, 794.3, 891.3, 1000.0
REVISION: RA
RA: None
*******************************************************************************************************************************
Start_UTC,nUHSAS_PSL,sUHSAS_PSL,vUHSAS_PSL,UHSAS_Bin01,UHSAS_Bin02,UHSAS_Bin03,UHSAS_Bin04,UHSAS_Bin05,UHSAS_Bin06,UHSAS_Bin07,UHSAS_Bin08,UHSAS_Bin09,UHSAS_Bin10,UHSAS_Bin11,UHSAS_Bin12,UHSAS_Bin13,UHSAS_Bin14,UHSAS_Bin15,UHSAS_Bin16,UHSAS_Bin17,UHSAS_Bin18,UHSAS_Bin19,UHSAS_Bin20,UHSAS_Bin21,UHSAS_Bin22,UHSAS_Bin23,UHSAS_Bin24,UHSAS_Bin25,stdPT
[from data line 1626]
55591,521.56,58.42,2.55,72.78,460.92,412.40,873.32,849.06,800.54,752.02,1091.64,1018.87,873.32,897.57,460.92,509.43,485.18,291.11,291.11,145.55,72.78,24.26,48.52,0.00,0.00,0.00,0.00,0.00,1.329
55592,530.05,55.81,2.39,36.41,546.20,631.16,886.05,813.23,1104.53,898.19,971.02,788.95,849.64,740.40,752.54,339.86,466.09,242.75,194.20,206.34,60.69,48.55,24.28,0.00,0.00,0.00,0.00,0.00,1.326
55593,-9999.00,-9999.00,-9999.00,-9999.00,-9999.00,-9999.00,-9999.00,-9999.00,-9999.00,-9999.00,-9999.00,-9999.00,-9999.00,-9999.00,-9999.00,-9999.00,-9999.00,-9999.00,-9999.00,-9999.00,-9999.00,-9999.00,-9999.00,-9999.00,-9999.00,-9999.00,-9999.00,-9999.00,1.325
55594,530.69,53.81,2.22,84.95,594.65,922.31,873.77,873.77,885.90,764.55,825.22,752.41,813.09,716.00,849.50,485.43,504.84,303.39,145.63,109.22,84.95,0.00,12.14,12.14,0.00,0.00,0.00,0.00,1.324
55595,569.27,65.27,3.14,145.47,727.34,678.85,800.08,897.06,872.81,1091.01,969.79,848.57,775.83,824.32,800.08,460.65,620.67,339.43,121.22,145.47,121.22,48.49,72.73,0.00,0.00,24.24,0.00,0.00,1.324
55596,-9999.00,-9999.00,-9999.00,-9999.00,-9999.00,-9999.00,-9999.00,-9999.00,-9999.00,-9999.00,-9999.00,-9999.00,-9999.00,-9999.00,-9999.00,-9999.00,-9999.00,-9999.00,-9999.00,-9999.00,-9999.00,-9999.00,-9999.00,-9999.00,-9999.00,-9999.00,-9999.00,-9999.00,1.327
55597,518.26,56.51,2.44,48.55,546.18,764.65,691.83,1031.67,886.03,716.10,934.58,837.48,667.55,801.07,655.42,376.26,485.49,303.43,315.57,182.06,84.96,24.27,12.14,0.00,0.00,0.00,0.00,0.00,1.332
55598,521.05,52.25,2.17,0.00,534.16,1044.04,971.20,946.92,704.12,922.64,704.12,679.84,898.36,728.40,801.24,364.20,369.06,339.92,169.96,121.40,97.12,0.00,24.28,0.00,0.00,0.00,0.00,0.00,1.326
55599,584.12,63.30,2.68,48.56,461.27,631.22,1189.60,776.88,995.38,801.16,752.61,1408.10,971.10,825.44,1116.77,388.44,466.13,291.33,218.50,145.67,145.67,24.28,24.28,0.00,0.00,0.00,0.00,0.00,1.327
55600,-9999.00,-9999.00,-9999.00,-9999.00,-9999.00,-9999.00,-9999.00,-9999.00,-9999.00,-9999.00,-9999.00,-9999.00,-9999.00,-9999.00,-9999.00,-9999.00,-9999.00,-9999.00,-9999.00,-9999.00,-9999.00,-9999.00,-9999.00,-9999.00,-9999.00,-9999.00,-9999.00,-9999.00,1.329
55601,521.45,51.76,2.03,48.64,486.42,924.20,632.35,826.92,826.92,924.20,826.92,802.60,997.17,972.85,535.07,583.71,505.88,194.57,145.93,145.93,24.32,24.32,0.00,0.00,0.00,0.00,0.00,0.00,1.329
55602,541.67,52.67,2.21,24.28,570.56,910.47,1044.01,1031.87,776.94,995.45,1019.73,825.50,752.66,837.64,667.68,303.49,417.60,242.79,133.54,109.26,97.12,36.42,36.42,0.00,0.00,0.00,0.00,0.00,1.328
55603,-9999.00,-9999.00,-9999.00,-9999.00,-9999.00,-9999.00,-9999.00,-9999.00,-9999.00,-9999.00,-9999.00,-9999.00,-9999.00,-9999.00,-9999.00,-9999.00,-9999.00,-9999.00,-9999.00,-9999.00,-9999.00,-9999.00,-9999.00,-9999.00,-9999.00,-9999.00,-9999.00,-9999.00,1.328
55604,532.37,54.68,2.46,36.44,570.87,1081.01,680.19,1105.30,692.33,850.23,995.99,838.09,862.38,923.11,607.31,255.07,408.11,255.07,218.63,145.75,24.29,12.15,60.73,12.15,0.00,12.15,0.00,0.00,1.329
55605,-9999.00,-9999.00,-9999.00,-9999.00,-9999.00,-9999.00,-9999.00,-9999.00,-9999.00,-9999.00,-9999.00,-9999.00,-9999.00,-9999.00,-9999.00,-9999.00,-9999.00,-9999.00,-9999.00,-9999.00,-9999.00,-9999.00,-9999.00,-9999.00,-9999.00,-9999.00,-9999.00,-9999.00,1.325
55606,558.14,54.67,2.11,48.51,509.38,606.41,1018.77,1091.54,946.00,824.72,946.00,1043.02,727.69,946.00,751.95,436.61,659.77,363.85,121.28,72.77,24.26,24.26,0.00,0.00,0.00,0.00,0.00,0.00,1.332
55607,551.18,54.08,2.17,48.50,678.98,872.97,703.22,800.22,848.72,751.72,1454.95,945.72,945.72,678.98,727.47,387.99,523.78,363.74,48.50,218.24,0.00,0.00,0.00,24.25,0.00,0.00,0.00,0.00,1.330
55608,543.00,58.04,2.57,48.61,461.82,850.72,899.33,1093.78,777.80,875.02,826.41,947.94,972.25,656.27,777.80,486.12,408.34,267.37,194.45,121.53,97.22,0.00,97.22,0.00,0.00,0.00,0.00,0.00,1.327
55609,506.39,54.44,2.44,48.52,521.55,788.39,982.46,812.65,824.78,812.65,764.14,654.97,752.01,824.78,654.97,400.26,582.20,327.49,109.16,145.55,24.26,36.39,24.26,24.26,12.13,0.00,0.00,0.00,1.328
55610,-9999.00,-9999.00,-9999.00,-9999.00,-9999.00,-9999.00,-9999.00,-9999.00,-9999.00,-9999.00,-9999.00,-9999.00,-9999.00,-9999.00,-9999.00,-9999.00,-9999.00,-9999.00,-9999.00,-9999.00,-9999.00,-9999.00,-9999.00,-9999.00,-9999.00,-9999.00,-9999.00,-9999.00,1.328
55611,545.10,49.46,1.88,24.29,655.87,923.08,801.62,923.08,1020.25,971.66,947.37,1044.54,850.21,825.92,583.00,437.25,310.93,242.92,145.75,145.75,48.58,0.00,0.00,0.00,0.00,0.00,0.00,0.00,1.330
55612,569.74,58.99,2.58,60.69,691.85,861.78,1031.71,958.88,1068.12,740.40,922.47,813.23,1019.57,898.19,776.81,351.99,349.57,267.03,303.44,60.69,109.24,48.55,60.69,0.00,0.00,0.00,0.00,0.00,1.326
55613,-9999.00,-9999.00,-9999.00,-9999.00,-9999.00,-9999.00,-9999.00,-9999.00,-9999.00,-9999.00,-9999.00,-9999.00,-9999.00,-9999.00,-9999.00,-9999.00,-9999.00,-9999.00,-9999.00,-9999.00,-9999.00,-9999.00,-9999.00,-9999.00,-9999.00,-9999.00,-9999.00,-9999.00,1.329
55614,580.93,56.29,2.32,48.53,727.98,1067.70,849.31,946.37,1091.97,1091.97,994.91,825.04,897.84,703.71,752.25,363.99,504.73,412.52,121.33,72.80,97.06,0.00,48.53,0.00,0.00,0.00,0.00,0.00,1.325
55615,575.12,66.21,3.09,48.57,412.88,1044.35,971.49,971.49,971.49,825.77,850.05,704.33,995.78,1287.23,607.18,364.31,427.46,267.16,170.01,242.87,194.30,97.15,48.57,0.00,0.00,0.00,0.00,0.00,1.328
55616,573.40,57.69,2.41,24.30,607.41,874.67,777.49,1044.75,1117.64,874.67,1166.23,996.15,874.67,947.56,510.23,364.45,485.93,315.85,218.67,72.89,121.48,72.89,0.00,0.00,0.00,0.00,0.00,0.00,1.326
55617,511.81,52.36,2.25,24.26,570.02,836.84,873.23,654.92,800.46,1006.64,1103.66,909.61,630.67,691.31,582.15,424.49,485.13,169.79,230.44,72.77,72.77,60.64,36.38,0.00,0.00,0.00,0.00,0.00,1.323
55618,-9999.00,-9999.00,-9999.00,-9999.00,-9999.00,-9999.00,-9999.00,-9999.00,-9999.00,-9999.00,-9999.00,-9999.00,-9999.00,-9999.00,-9999.00,-9999.00,-9999.00,-9999.00,-9999.00,-9999.00,-9999.00,-9999.00,-9999.00,-9999.00,-9999.00,-9999.00,-9999.00,-9999.00,1.330
55619,462.03,42.06,1.72,24.29,704.46,801.62,825.92,753.04,680.17,995.96,923.08,583.00,777.33,631.58,412.96,218.62,446.97,267.21,48.58,24.29,48.58,24.29,48.58,0.00,0.00,0.00,0.00,0.00,1.325
55620,567.68,52.19,2.12,24.26,679.27,1140.21,946.13,824.83,1091.69,994.65,1043.17,994.65,1018.91,679.27,655.01,218.34,485.19,194.08,121.30,48.52,97.04,97.04,0.00,0.00,0.00,0.00,0.00,0.00,1.327
55621,623.78,54.03,2.10,48.52,752.13,1043.27,1091.80,1358.68,1431.47,946.22,1310.16,946.22,897.70,630.82,582.29,291.15,465.83,363.93,121.31,97.05,24.26,72.79,0.00,0.00,0.00,0.00,0.00,0.00,1.323
55622,599.98,55.88,2.37,145.51,630.54,921.56,1164.07,970.06,1382.34,994.31,1236.83,1067.07,800.30,679.04,533.53,291.02,504.43,266.77,194.01,24.25,72.75,72.75,24.25,24.25,0.00,0.00,0.00,0.00,1.328
55623,557.56,54.72,2.30,36.42,582.69,910.45,898.31,1141.09,1153.23,813.33,922.59,971.14,764.77,679.80,801.19,327.76,407.88,303.48,194.23,109.25,48.56,36.42,48.56,0.00,0.00,0.00,0.00,0.00,1.325
55624,-9999.00,-9999.00,-9999.00,-9999.00,-9999.00,-9999.00,-9999.00,-9999.00,-9999.00,-9999.00,-9999.00,-9999.00,-9999.00,-9999.00,-9999.00,-9999.00,-9999.00,-9999.00,-9999.00,-9999.00,-9999.00,-9999.00,-9999.00,-9999.00,-9999.00,-9999.00,-9999.00,-9999.00,1.327
55625,563.00,51.73,2.01,24.29,607.21,947.24,898.66,1141.55,1141.55,850.09,874.38,1044.39,995.82,655.78,680.07,412.90,330.32,242.88,170.02,194.31,48.58,0.00,0.00,0.00,0.00,0.00,0.00,0.00,1.328
55626,537.38,49.70,2.03,12.14,606.94,886.13,873.99,946.83,1189.60,934.69,1056.08,716.19,655.50,910.41,776.88,339.89,320.46,194.22,121.39,97.11,48.56,24.28,24.28,0.00,12.14,0.00,0.00,0.00,1.329
55627,-9999.00,-9999.00,-9999.00,-9999.00,-9999.00,-9999.00,-9999.00,-9999.00,-9999.00,-9999.00,-9999.00,-9999.00,-9999.00,-9999.00,-9999.00,-9999.00,-9999.00,-9999.00,-9999.00,-9999.00,-9999.00,-9999.00,-9999.00,-9999.00,-9999.00,-9999.00,-9999.00,-9999.00,1.328
55628,516.98,46.63,1.88,121.47,437.29,1141.82,971.76,874.59,1166.11,996.06,801.70,728.82,510.17,728.82,534.47,413.00,330.40,242.94,145.76,97.18,48.59,24.29,24.29,0.00,0.00,0.00,0.00,0.00,1.330
55629,534.47,50.07,1.99,24.29,485.88,801.70,1166.11,898.88,1068.94,874.59,850.29,631.65,923.17,874.59,923.17,291.53,291.53,218.65,194.35,121.47,0.00,0.00,48.59,0.00,0.00,0.00,0.00,0.00,1.327
55630,552.13,56.51,2.45,36.41,497.63,886.03,1007.40,740.38,1201.60,752.52,1068.09,837.48,983.13,910.30,606.87,291.30,495.20,267.02,169.92,121.37,60.69,72.82,12.14,24.27,0.00,0.00,0.00,0.00,1.328
55631,-9999.00,-9999.00,-9999.00,-9999.00,-9999.00,-9999.00,-9999.00,-9999.00,-9999.00,-9999.00,-9999.00,-9999.00,-9999.00,-9999.00,-9999.00,-9999.00,-9999.00,-9999.00,-9999.00,-9999.00,-9999.00,-9999.00,-9999.00,-9999.00,-9999.00,-9999.00,-9999.00,-9999.00,1.328
55632,562.24,53.84,2.12,24.24,436.41,921.30,1236.48,1042.53,921.30,824.32,1139.50,848.57,824.32,800.08,557.63,339.43,601.27,363.67,193.96,96.98,72.73,0.00,0.00,0.00,0.00,0.00,0.00,0.00,1.330
55633,550.62,54.91,2.24,0.00,558.14,849.34,946.41,873.61,897.88,1164.81,703.74,1067.75,922.14,533.87,897.88,461.07,504.75,266.94,97.07,145.60,48.53,72.80,0.00,0.00,0.00,0.00,0.00,0.00,1.330
55634,506.31,49.90,2.19,24.27,533.98,946.60,995.14,1237.86,533.98,873.78,922.33,776.70,776.70,582.52,582.52,436.89,271.84,169.90,97.09,145.63,121.36,48.54,48.54,0.00,0.00,0.00,0.00,0.00,1.325
55635,536.79,51.24,2.18,72.87,704.39,947.28,898.70,995.86,825.83,1190.17,704.39,898.70,728.68,704.39,607.23,485.78,485.78,145.74,121.45,24.29,97.16,48.58,24.29,24.29,0.00,0.00,0.00,0.00,1.328
55636,585.08,56.65,2.24,97.31,559.53,900.12,924.44,948.77,1070.41,948.77,1119.06,973.10,802.81,827.13,851.46,608.19,486.55,194.62,194.62,97.31,72.98,0.00,24.33,0.00,0.00,0.00,0.00,0.00,1.328
55637,548.68,50.98,2.06,84.99,509.95,752.79,1141.32,1165.60,971.34,995.62,1032.04,922.77,704.22,752.79,594.94,279.26,446.81,206.41,133.56,145.70,109.28,12.14,12.14,0.00,0.00,0.00,0.00,0.00,1.329
55638,-9999.00,-9999.00,-9999.00,-9999.00,-9999.00,-9999.00,-9999.00,-9999.00,-9999.00,-9999.00,-9999.00,-9999.00,-9999.00,-9999.00,-9999.00,-9999.00,-9999.00,-9999.00,-9999.00,-9999.00,-9999.00,-9999.00,-9999.00,-9999.00,-9999.00,-9999.00,-9999.00,-9999.00,1.329
55639,584.11,60.05,2.44,24.25,509.19,994.13,727.42,1139.62,1042.63,751.66,1139.62,824.40,921.39,921.39,921.39,412.20,601.33,266.72,218.22,193.98,24.25,48.49,0.00,0.00,0.00,0.00,0.00,0.00,1.328
55640,580.22,60.91,2.70,0.00,535.44,997.86,851.84,1070.88,1143.89,924.85,1022.20,851.84,997.86,730.14,924.85,316.40,408.88,219.04,219.04,146.03,121.69,97.35,0.00,24.34,0.00,0.00,0.00,0.00,1.327
55641,568.07,57.29,2.48,24.25,776.02,921.52,1115.53,909.40,848.77,921.52,921.52,982.15,618.39,885.15,751.77,497.14,436.51,327.38,157.63,133.38,48.50,60.63,12.13,0.00,0.00,12.13,0.00,0.00,1.325
55642,-9999.00,-9999.00,-9999.00,-9999.00,-9999.00,-9999.00,-9999.00,-9999.00,-9999.00,-9999.00,-9999.00,-9999.00,-9999.00,-9999.00,-9999.00,-9999.00,-9999.00,-9999.00,-9999.00,-9999.00,-9999.00,-9999.00,-9999.00,-9999.00,-9999.00,-9999.00,-9999.00,-9999.00,1.328
55643,541.05,53.47,2.18,72.95,680.87,753.82,802.45,802.45,996.99,1045.62,948.36,875.41,948.36,583.60,875.41,194.53,486.34,413.39,170.22,24.32,72.95,72.95,0.00,0.00,0.00,0.00,0.00,0.00,1.328
55644,522.64,55.23,2.46,97.05,582.33,849.23,922.02,776.43,776.43,873.49,824.96,800.70,824.96,824.96,752.17,315.43,504.68,363.95,72.79,97.05,121.32,24.26,24.26,0.00,24.26,0.00,0.00,0.00,1.329
55645,568.85,55.48,2.22,0.00,631.52,995.86,801.54,947.28,1165.88,898.70,1117.30,704.39,825.83,898.70,898.70,388.63,349.76,315.76,194.31,145.74,72.87,24.29,0.00,0.00,0.00,0.00,0.00,0.00,1.328
55646,535.95,51.81,2.03,72.79,558.03,630.82,994.75,1091.80,921.96,752.13,921.96,1188.84,630.82,727.86,703.60,315.41,504.65,266.88,242.62,194.10,0.00,0.00,0.00,0.00,0.00,0.00,0.00,0.00,1.325
55647,535.51,53.92,2.20,73.02,778.93,778.93,924.98,730.25,1022.35,900.64,778.93,535.51,949.32,778.93,681.56,462.49,778.93,194.73,97.37,146.05,73.02,0.00,24.34,0.00,0.00,0.00,0.00,0.00,1.330
55648,580.43,59.47,2.47,72.77,679.15,679.15,1018.73,897.45,1164.26,800.43,1115.75,824.68,800.43,970.22,824.68,485.11,523.92,266.81,242.55,97.02,97.02,24.26,24.26,0.00,0.00,0.00,0.00,0.00,1.328
55649,522.99,52.57,2.14,48.51,485.15,800.49,824.75,1212.87,849.01,849.01,727.72,727.72,897.52,824.75,557.92,315.35,659.80,315.35,169.80,72.77,97.03,24.26,0.00,0.00,0.00,0.00,0.00,0.00,1.330
55650,547.33,57.28,2.51,72.85,631.34,971.30,704.19,801.32,1116.99,947.01,1092.71,849.89,631.34,655.63,679.91,534.21,505.07,242.82,169.98,194.26,48.56,24.28,72.85,0.00,0.00,0.00,0.00,0.00,1.329
55651,544.07,50.64,2.02,72.77,921.74,824.72,994.51,946.00,994.51,703.43,1043.02,921.74,751.95,679.18,606.41,242.56,426.91,315.33,218.31,169.79,24.26,24.26,0.00,0.00,0.00,0.00,0.00,0.00,1.324
55652,538.61,59.22,2.62,24.24,509.04,702.96,872.64,824.16,824.16,872.64,1066.56,896.88,848.40,921.12,824.16,412.08,252.10,387.84,145.44,193.92,72.72,72.72,48.48,0.00,0.00,0.00,0.00,0.00,1.327
55653,528.49,56.36,2.56,48.51,654.86,921.65,606.35,970.16,800.38,873.14,921.65,970.16,824.63,654.86,630.60,509.33,504.48,194.03,169.78,145.52,72.76,48.51,0.00,24.25,24.25,0.00,0.00,0.00,1.328
55654,541.16,54.59,2.21,48.43,508.47,871.67,750.60,1016.95,871.67,871.67,992.73,895.88,774.82,992.73,605.33,484.26,387.41,242.13,266.34,169.49,48.43,24.21,0.00,0.00,0.00,0.00,0.00,0.00,1.329
55655,564.36,61.87,2.75,24.24,484.85,1115.15,800.00,993.94,800.00,824.24,872.73,1018.18,1018.18,824.24,557.57,509.09,523.64,315.15,290.91,145.45,72.73,48.48,24.24,24.24,0.00,0.00,0.00,0.00,1.331
55656,595.46,59.79,2.51,72.85,752.83,898.54,849.97,947.11,947.11,1068.53,1287.10,849.97,752.83,971.39,849.97,388.56,543.98,291.42,194.28,121.42,48.57,24.28,24.28,24.28,0.00,0.00,0.00,0.00,1.326
55657,537.26,52.41,2.18,24.28,485.55,825.44,825.44,1116.77,898.27,898.27,849.72,946.83,971.10,873.99,655.50,388.44,330.18,364.16,72.83,145.67,24.28,0.00,0.00,48.56,0.00,0.00,0.00,0.00,1.327
55658,563.57,61.47,2.74,145.81,534.65,874.88,850.58,947.79,1069.30,899.18,753.37,777.67,777.67,753.37,826.28,437.44,699.91,558.95,170.12,72.91,72.91,24.30,0.00,0.00,0.00,24.30,0.00,0.00,1.325
55659,529.77,56.08,2.44,24.25,606.14,751.62,969.83,994.08,872.85,751.62,800.11,678.88,921.34,921.34,727.37,363.69,484.91,145.47,290.95,96.98,96.98,72.74,24.25,0.00,0.00,0.00,0.00,0.00,1.328
55660,505.00,56.94,2.78,48.51,363.83,800.43,897.45,873.19,921.70,824.68,727.66,679.15,557.87,994.47,751.92,339.58,640.34,266.81,121.28,145.53,72.77,0.00,24.26,24.26,0.00,0.00,24.26,0.00,1.328
55661,531.99,56.35,2.71,48.58,801.62,801.62,923.08,825.92,1068.83,680.17,1093.12,825.92,655.87,874.50,510.12,461.54,388.67,170.04,145.75,97.17,121.46,24.29,72.87,24.29,24.29,0.00,0.00,0.00,1.332
55662,503.30,52.93,2.31,48.60,534.65,947.79,534.65,850.58,874.88,874.88,850.58,729.07,996.39,777.67,510.35,388.84,466.60,194.42,121.51,194.42,121.51,24.30,0.00,24.30,0.00,0.00,0.00,0.00,1.328
55663,539.85,57.50,2.48,48.66,729.85,778.51,851.50,729.85,997.47,608.21,924.48,948.81,997.47,827.17,827.17,194.63,408.72,462.24,145.97,121.64,121.64,48.66,24.33,0.00,0.00,0.00,0.00,0.00,1.326
55664,538.27,63.64,2.78,24.30,461.72,874.85,850.55,923.45,631.83,607.53,753.34,923.45,850.55,874.85,729.04,534.63,680.44,437.42,243.01,218.71,121.51,24.30,0.00,0.00,0.00,0.00,0.00,0.00,1.328
55665,488.96,53.00,2.27,72.80,436.79,800.78,727.98,703.71,776.51,970.64,582.38,873.58,703.71,655.18,849.31,315.46,582.38,315.46,194.13,97.06,72.80,0.00,48.53,0.00,0.00,0.00,0.00,0.00,1.330
55666,497.89,55.89,2.44,121.44,461.46,607.18,850.05,655.76,825.77,655.76,680.04,898.63,922.92,801.48,825.77,388.60,582.89,170.01,170.01,145.72,121.44,48.57,24.29,0.00,0.00,0.00,0.00,0.00,1.329
55667,476.93,55.39,2.48,48.57,364.25,509.95,825.64,704.22,825.64,825.64,752.79,679.94,631.37,849.92,655.65,509.95,602.23,218.55,291.40,145.70,24.28,0.00,48.57,24.28,0.00,0.00,0.00,0.00,1.325
55668,506.73,53.53,2.21,48.63,534.94,887.51,765.93,729.46,717.30,705.15,887.51,705.15,887.51,765.93,875.35,425.52,505.76,267.47,231.00,85.10,72.95,24.32,12.16,0.00,0.00,0.00,0.00,0.00,1.328
