NASA Intern/Datasets/LARGE/SASA-LARGE-MICROPHYSICAL_P3B_20220708_RA.ict
56,1001
Richard Moore, Luke Ziemba, Edward Winstead, Michael Shook, Claire Robinson, John Barrick, Bruce Anderson, and Ali Omar
NASA Langley
In-situ microphysical aerosol measurements from the NASA P3B
NASA SASA
1,1
2022,07,08,2022,07,8
1.0
Time_Mid,Secs after midnight,Time of acquisition
9
1,1,1,1,1,1,1,1,1
-9999,-9999,-9999,-9999,-9999,-9999,-9999,-9999,-9999
CNgt3nm, #/cm3, AerMP_NumConc_InSitu_RHd_None_Bulk_STP, Number concentration of particles with diameters greater than 3nm
CNgt10nm, #/cm3, AerMP_NumConc_InSitu_RHd_None_Bulk_STP, Number concentration of particles with diameters greater than 10nm
IntegN_100to1000nm_UHSAS, #/cm3, Number concentration of particles with diameters between 100 and 1000nm (inclusive) as measured by the UHSAS
IntegS_100to1000nm_UHSAS, um2/cm3, Surface area concentration of particles with diameters between 100 and 1000nm (inclusive) as measured by the UHSAS
IntegV_100to1000nm_UHSAS, um3/cm3, Volume concentration of particles with diameters between 100 and 1000nm (inclusive) as measured by the UHSAS
IntegN_gt1000nm_APS, #/cm3, Number concentration of particles with diameters greater than 1000nm as measured by the APS
IntegS_gt1000nm_APS, um2/cm3, Surface area concentration of particles with diameters greater 1000nm as measured by the APS
IntegV_gt1000nm_APS, um3/cm3, Volume concentration of particles with diameters greater than 1000nm as measured by the APS
stdPT, unitless, None, Conversion factor to convert between ambient and standard pressure and temperature conditions
0
33
******************************************************************************************************************
Langley Aerosol data from the 2022 SASA field campaign
 
PI_CONTACT_INFO: richard.h.moore@nasa.gov
PLATFORM: NASA P3B aircraft
LOCATION: Latitude, Longitude, and Altitude included in MetNav files
ASSOCIATED_DATA: None
INSTRUMENT_INFO: Flagged data are due to missing data or to instrument issues.
CN statistics: TSI Condensation Particle Counters
	- CNgt3nm is measured with a TSI CPC-3776
	- CNgt10nm is measured with a TSI CPC-3772
	- The CPC-3772 data are corrected for coincidence errors when the aerosol concentrations exceed 10,000 cm-3
	- Due to flow irregularities and response times differences, there will be times where CNgt10nm > CNgt3nm
UHSAS statistics: Optical Size Distribution Data from the DMT Ultra-High Sensitivity Aerosol Spectrometer (UHSAS)
   - Data are processed with respect to mid-point polystyrene-latex-equivalent optical diameters and are rebinned to a standard binning scheme
APS statistics: Aerodynamic Size Distribution Data From the TSI Aerodynamic Particle Sizer (APS), Model 3321
   - Data are processed with respect to mid-point polystyrene-latex-equivalent aerodynamic diameters (assuming spherical particles with a density of 1 g/cm3) and are rebinned to a standard binning scheme
DATA_INFO: Aerosol measurements are reported at standard temperature and pressure (0 deg C, 1013 mb)
   - Concentrations can be converted back to ambient conditions by dividing by the stdPT conversion factor
   - Integrated surface areas and volumes are calculated by assuming spherical particles
UNCERTAINTY: CPC data is 10%, UHSAS is 20%, APS is 20%
ULOD_FLAG: -7777
ULOD_VALUE: N/A
LLOD_FLAG: -8888
LLOD_VALUE: N/A
DM_CONTACT_INFO: Michael Shook (michael.shook@nasa.gov)
PROJECT_INFO: SARP 2022
STIPULATIONS_ON_USE: This is FIELD data. Please consult the PI and/or DM prior to use.
OTHER_COMMENTS: none
REVISION: RA
RA: None
******************************************************************************************************************
Time_Mid,CNgt3nm,CNgt10nm,IntegN_100to1000nm_UHSAS,IntegS_100to1000nm_UHSAS,IntegV_100to1000nm_UHSAS,IntegN_gt1000nm_APS,IntegS_gt1000nm_APS,IntegV_gt1000nm_APS,stdPT
53965,894.71,855.16,398.20,42.29,1.43,-9999.00,-9999.00,-9999.00,1.088
53966,951.14,854.96,370.84,47.09,1.88,-9999.00,-9999.00,-9999.00,1.089
53967,977.56,865.38,385.58,43.78,1.57,-9999.00,-9999.00,-9999.00,1.090
53968,999.55,860.58,399.34,46.65,1.78,-9999.00,-9999.00,-9999.00,1.090
53969,923.92,872.53,375.40,46.79,1.88,-9999.00,-9999.00,-9999.00,1.091
53970,968.28,874.02,374.78,43.89,1.70,-9999.00,-9999.00,-9999.00,1.093
53971,1049.22,877.57,340.33,43.37,2.05,-9999.00,-9999.00,-9999.00,1.093
53972,1014.21,922.89,377.82,46.59,1.79,-9999.00,-9999.00,-9999.00,1.094
53973,1161.55,935.69,308.67,42.06,1.79,-9999.00,-9999.00,-9999.00,1.095
53974,1128.57,972.72,340.25,43.00,1.78,-9999.00,-9999.00,-9999.00,1.095
53975,1070.13,981.94,401.45,43.53,1.53,-9999.00,-9999.00,-9999.00,1.096
53976,1087.26,976.38,394.64,46.78,1.82,-9999.00,-9999.00,-9999.00,1.097
53977,987.33,945.29,361.49,42.86,1.74,-9999.00,-9999.00,-9999.00,1.097
53978,888.87,902.88,293.80,34.45,1.26,-9999.00,-9999.00,-9999.00,1.098
53979,985.01,906.34,282.72,31.45,1.11,-9999.00,-9999.00,-9999.00,1.098
53980,977.04,888.61,337.02,42.69,1.71,-9999.00,-9999.00,-9999.00,1.098
53981,1023.82,916.90,280.68,33.57,1.24,-9999.00,-9999.00,-9999.00,1.100
53982,926.75,901.91,298.31,33.41,1.19,-9999.00,-9999.00,-9999.00,1.100
53983,982.60,911.25,299.11,35.32,1.35,-9999.00,-9999.00,-9999.00,1.101
53984,935.94,885.03,326.26,40.90,1.77,-9999.00,-9999.00,-9999.00,1.102
53985,1037.99,914.84,315.60,37.54,1.50,-9999.00,-9999.00,-9999.00,1.103
53986,867.77,927.54,337.09,41.12,1.59,-9999.00,-9999.00,-9999.00,1.103
53987,989.57,929.97,314.85,40.15,1.93,-9999.00,-9999.00,-9999.00,1.103
53988,866.43,927.12,327.67,38.73,1.43,-9999.00,-9999.00,-9999.00,1.104
53989,1035.03,918.28,358.07,41.20,1.46,-9999.00,-9999.00,-9999.00,1.104
53990,1043.71,897.66,336.83,41.65,1.62,-9999.00,-9999.00,-9999.00,1.104
53991,1020.83,901.45,289.25,34.66,1.28,-9999.00,-9999.00,-9999.00,1.106
53992,1036.96,897.58,350.74,44.15,1.90,-9999.00,-9999.00,-9999.00,1.106
53993,967.40,913.16,342.33,39.44,1.42,-9999.00,-9999.00,-9999.00,1.107
53994,1041.65,884.35,181.98,21.86,0.83,-9999.00,-9999.00,-9999.00,1.109
53995,980.59,888.15,0.00,0.00,0.00,-9999.00,-9999.00,-9999.00,1.109
53996,927.22,893.08,0.00,0.00,0.00,-9999.00,-9999.00,-9999.00,1.110
53997,959.77,898.06,0.00,0.00,0.00,-9999.00,-9999.00,-9999.00,1.110
53998,907.74,888.99,0.00,0.00,0.00,-9999.00,-9999.00,-9999.00,1.111
53999,992.35,908.46,4.87,0.64,0.02,-9999.00,-9999.00,-9999.00,1.112
54000,912.22,879.09,61.95,8.07,0.29,-9999.00,-9999.00,-9999.00,1.113
54001,1011.41,885.40,429.20,52.20,2.01,-9999.00,-9999.00,-9999.00,1.115
54002,938.00,902.61,480.05,57.55,2.10,-9999.00,-9999.00,-9999.00,1.114
54003,1005.99,886.47,600.67,73.35,3.02,-9999.00,-9999.00,-9999.00,1.115
54004,1008.26,902.01,666.09,80.07,3.14,-9999.00,-9999.00,-9999.00,1.115
54005,1013.50,890.55,471.38,59.73,2.32,-9999.00,-9999.00,-9999.00,1.116
54006,969.90,896.82,427.27,57.10,2.54,-9999.00,-9999.00,-9999.00,1.116
54007,967.86,908.06,374.75,45.68,1.68,-9999.00,-9999.00,-9999.00,1.117
54008,971.97,901.12,344.85,39.75,1.42,-9999.00,-9999.00,-9999.00,1.117
54009,953.27,902.34,367.65,44.09,1.69,-9999.00,-9999.00,-9999.00,1.118
54010,1024.50,902.67,344.63,40.75,1.50,-9999.00,-9999.00,-9999.00,1.119
54011,976.45,899.98,331.75,38.80,1.40,-9999.00,-9999.00,-9999.00,1.119
54012,1046.98,895.19,272.18,31.75,1.17,-9999.00,-9999.00,-9999.00,1.119
54013,1015.37,909.19,360.12,46.52,1.95,-9999.00,-9999.00,-9999.00,1.119
54014,1004.06,906.64,329.12,40.71,1.61,-9999.00,-9999.00,-9999.00,1.121
54015,1034.70,900.65,374.37,43.64,1.60,-9999.00,-9999.00,-9999.00,1.122
54016,984.47,890.34,391.54,45.44,1.65,-9999.00,-9999.00,-9999.00,1.122
54017,962.08,915.52,396.87,50.13,2.04,-9999.00,-9999.00,-9999.00,1.124
54018,1026.94,928.24,403.50,48.56,1.83,-9999.00,-9999.00,-9999.00,1.124
54019,964.33,919.99,386.20,50.11,2.05,-9999.00,-9999.00,-9999.00,1.125
54020,942.76,911.70,363.51,46.00,1.89,-9999.00,-9999.00,-9999.00,1.126
54021,1044.11,927.48,324.33,38.26,1.40,-9999.00,-9999.00,-9999.00,1.126
54022,974.98,950.49,389.69,48.48,1.87,-9999.00,-9999.00,-9999.00,1.127
54023,1043.93,938.20,410.34,49.48,1.88,-9999.00,-9999.00,-9999.00,1.127
54024,1769.49,961.54,424.91,50.95,1.88,-9999.00,-9999.00,-9999.00,1.126
54025,3533.98,1148.26,376.71,50.10,2.03,-9999.00,-9999.00,-9999.00,1.127
54026,7220.48,2711.87,362.84,43.99,1.61,-9999.00,-9999.00,-9999.00,1.127
54027,6782.48,4320.19,396.61,44.92,1.59,-9999.00,-9999.00,-9999.00,1.127
54028,16592.80,5482.35,353.41,43.23,1.76,-9999.00,-9999.00,-9999.00,1.129
54029,22785.49,9192.77,379.11,45.77,1.78,-9999.00,-9999.00,-9999.00,1.128
54030,19812.59,15782.91,413.20,49.10,1.84,-9999.00,-9999.00,-9999.00,1.129
54031,18130.87,13654.12,329.64,41.40,1.67,-9999.00,-9999.00,-9999.00,1.128
54032,20120.81,13413.87,290.74,38.38,1.62,-9999.00,-9999.00,-9999.00,1.129
54033,20905.13,12297.13,359.29,40.55,1.45,-9999.00,-9999.00,-9999.00,1.130
54034,18450.00,13418.18,296.55,40.43,1.69,-9999.00,-9999.00,-9999.00,1.131
54035,18675.11,12636.45,320.12,36.63,1.32,-9999.00,-9999.00,-9999.00,1.131
54036,11545.72,12106.19,385.62,49.37,1.90,-9999.00,-9999.00,-9999.00,1.132
54037,14105.79,9191.16,279.84,38.61,1.81,-9999.00,-9999.00,-9999.00,1.135
54038,7444.58,9493.24,243.74,29.63,1.09,-9999.00,-9999.00,-9999.00,1.135
54039,2852.46,6513.50,342.44,41.35,1.54,-9999.00,-9999.00,-9999.00,1.137
54040,7366.08,3840.25,428.82,56.62,2.27,-9999.00,-9999.00,-9999.00,1.137
54041,13147.70,3427.39,412.72,53.39,2.21,-9999.00,-9999.00,-9999.00,1.138
54042,13151.79,7789.90,448.92,57.98,2.43,-9999.00,-9999.00,-9999.00,1.140
54043,19476.12,8544.73,433.74,55.68,2.24,-9999.00,-9999.00,-9999.00,1.139
54044,20059.62,10672.17,405.44,52.15,2.03,-9999.00,-9999.00,-9999.00,1.141
54045,18150.13,13077.11,396.23,51.08,2.10,-9999.00,-9999.00,-9999.00,1.143
54046,19327.51,11754.74,349.06,43.50,1.64,-9999.00,-9999.00,-9999.00,1.143
54047,19017.10,12451.68,429.10,54.28,2.13,-9999.00,-9999.00,-9999.00,1.145
54048,20842.07,12459.93,378.73,50.08,2.04,-9999.00,-9999.00,-9999.00,1.146
54049,20987.90,13273.43,284.64,41.78,1.90,-9999.00,-9999.00,-9999.00,1.146
54050,20737.16,13258.19,466.35,87.16,5.09,-9999.00,-9999.00,-9999.00,1.147
54051,21258.43,13569.21,525.84,110.60,7.41,-9999.00,-9999.00,-9999.00,1.149
54052,22275.20,13342.50,582.90,118.16,7.65,-9999.00,-9999.00,-9999.00,1.148
54053,14614.55,13934.80,666.39,131.17,8.15,-9999.00,-9999.00,-9999.00,1.150
54054,21197.77,10791.59,692.98,133.10,8.68,-9999.00,-9999.00,-9999.00,1.151
54055,24109.98,12224.78,690.34,121.74,6.96,-9999.00,-9999.00,-9999.00,1.153
54056,26288.94,13824.36,524.39,98.56,5.99,-9999.00,-9999.00,-9999.00,1.154
54057,12696.00,15189.86,524.76,86.09,5.12,-9999.00,-9999.00,-9999.00,1.157
54058,3497.41,12263.63,500.34,91.27,5.76,-9999.00,-9999.00,-9999.00,1.157
54059,16504.72,3460.30,500.80,87.87,4.88,-9999.00,-9999.00,-9999.00,1.159
54060,22138.86,8764.25,535.61,90.44,4.69,-9999.00,-9999.00,-9999.00,1.161
54061,24309.99,11047.92,575.41,88.48,4.51,-9999.00,-9999.00,-9999.00,1.164
54062,3175.87,15650.85,526.54,90.84,5.23,-9999.00,-9999.00,-9999.00,1.166
54063,1282.02,7280.02,470.12,70.39,3.55,-9999.00,-9999.00,-9999.00,1.169
54064,1352.38,1696.20,462.24,61.44,2.85,-9999.00,-9999.00,-9999.00,1.173
54065,1250.74,1273.69,473.24,72.21,3.68,-9999.00,-9999.00,-9999.00,1.177
54066,1183.12,1194.60,381.72,61.00,3.34,-9999.00,-9999.00,-9999.00,1.178
54067,1264.16,1132.00,429.55,63.51,3.09,-9999.00,-9999.00,-9999.00,1.179
54068,1206.55,1134.16,352.42,51.85,2.54,-9999.00,-9999.00,-9999.00,1.182
54069,1183.52,1124.92,319.27,49.02,2.50,-9999.00,-9999.00,-9999.00,1.185
54070,1263.76,1113.26,279.74,38.85,1.73,-9999.00,-9999.00,-9999.00,1.185
54071,1263.75,1130.48,339.59,50.26,2.38,-9999.00,-9999.00,-9999.00,1.187
54072,1367.86,1172.46,304.34,41.48,1.77,-9999.00,-9999.00,-9999.00,1.187
54073,1334.28,1173.25,259.57,40.17,2.15,-9999.00,-9999.00,-9999.00,1.189
54074,1333.80,1184.32,282.96,40.19,1.84,-9999.00,-9999.00,-9999.00,1.189
54075,1288.53,1196.49,271.31,39.67,1.86,-9999.00,-9999.00,-9999.00,1.191
54076,1312.86,1232.25,291.16,45.95,2.37,-9999.00,-9999.00,-9999.00,1.190
54077,1279.38,1187.18,289.55,41.43,1.93,-9999.00,-9999.00,-9999.00,1.192
54078,1383.67,1210.71,334.51,46.23,2.10,-9999.00,-9999.00,-9999.00,1.193
54079,1522.73,1222.80,312.77,46.12,2.24,-9999.00,-9999.00,-9999.00,1.195
54080,1500.23,1269.43,319.18,43.92,2.02,-9999.00,-9999.00,-9999.00,1.195
54081,1569.90,1350.57,312.33,42.09,1.87,-9999.00,-9999.00,-9999.00,1.196
54082,1663.66,1397.93,296.29,38.12,1.63,-9999.00,-9999.00,-9999.00,1.197
54083,1700.27,1457.37,328.85,49.36,2.40,-9999.00,-9999.00,-9999.00,1.198
54084,1609.92,1505.68,328.73,46.78,2.22,-9999.00,-9999.00,-9999.00,1.198
54085,1645.91,1518.41,303.59,42.38,1.85,-9999.00,-9999.00,-9999.00,1.198
54086,1741.57,1544.19,325.57,43.93,1.85,-9999.00,-9999.00,-9999.00,1.200
54087,1631.95,1550.35,287.75,38.01,1.53,-9999.00,-9999.00,-9999.00,1.201
54088,1645.76,1540.71,287.93,35.13,1.45,-9999.00,-9999.00,-9999.00,1.201
54089,1657.20,1540.50,336.37,41.88,1.77,-9999.00,-9999.00,-9999.00,1.202
54090,1738.05,1539.75,318.66,40.87,2.03,-9999.00,-9999.00,-9999.00,1.203
54091,1800.11,1554.64,327.04,38.33,1.51,-9999.00,-9999.00,-9999.00,1.204
54092,1718.19,1613.00,303.96,38.50,1.62,-9999.00,-9999.00,-9999.00,1.204
54093,1872.99,1673.98,251.65,27.90,1.03,-9999.00,-9999.00,-9999.00,1.206
54094,1931.59,1697.46,271.75,30.84,1.19,-9999.00,-9999.00,-9999.00,1.206
54095,1769.84,1711.23,273.67,33.84,1.51,-9999.00,-9999.00,-9999.00,1.207
54096,1957.13,1711.02,242.11,26.04,0.97,-9999.00,-9999.00,-9999.00,1.208
54097,2006.65,1748.49,218.02,21.32,0.71,-9999.00,-9999.00,-9999.00,1.209
54098,2080.86,1763.44,219.95,25.65,1.06,-9999.00,-9999.00,-9999.00,1.209
54099,2128.59,1811.07,284.20,31.80,1.28,-9999.00,-9999.00,-9999.00,1.210
54100,2291.18,1868.19,285.89,30.23,1.13,-9999.00,-9999.00,-9999.00,1.211
54101,2160.38,1972.52,230.76,22.08,0.75,-9999.00,-9999.00,-9999.00,1.212
54102,2147.31,1994.77,264.82,24.98,0.87,-9999.00,-9999.00,-9999.00,1.212
54103,2204.53,1993.45,237.92,21.64,0.69,-9999.00,-9999.00,-9999.00,1.213
54104,2109.92,2016.14,279.50,27.90,0.98,-9999.00,-9999.00,-9999.00,1.214
54105,2263.80,2017.48,269.93,27.65,0.97,-9999.00,-9999.00,-9999.00,1.215
54106,2326.69,2021.16,320.79,32.24,1.18,-9999.00,-9999.00,-9999.00,1.216
54107,2189.95,2048.66,302.02,29.59,1.06,-9999.00,-9999.00,-9999.00,1.216
54108,2123.28,2076.10,273.53,25.41,0.84,-9999.00,-9999.00,-9999.00,1.219
54109,2289.79,2077.33,281.72,28.12,1.04,-9999.00,-9999.00,-9999.00,1.220
54110,2256.12,2078.93,323.36,30.30,1.02,-9999.00,-9999.00,-9999.00,1.222
54111,2174.61,2068.24,391.79,36.33,1.17,-9999.00,-9999.00,-9999.00,1.222
54112,2189.18,2011.68,366.54,36.37,1.31,-9999.00,-9999.00,-9999.00,1.223
54113,2144.11,2001.96,407.57,41.07,1.42,-9999.00,-9999.00,-9999.00,1.224
54114,2194.64,2004.84,379.60,37.31,1.32,-9999.00,-9999.00,-9999.00,1.225
54115,2148.74,2006.28,338.95,35.05,1.30,-9999.00,-9999.00,-9999.00,1.226
54116,2127.25,1996.52,369.96,37.78,1.39,-9999.00,-9999.00,-9999.00,1.227
54117,2118.40,1987.49,268.53,25.90,0.89,-9999.00,-9999.00,-9999.00,1.228
54118,2216.39,1989.99,268.75,26.93,0.97,-9999.00,-9999.00,-9999.00,1.229
54119,2266.54,2004.10,311.99,31.05,1.07,-9999.00,-9999.00,-9999.00,1.230
54120,2171.86,1992.86,351.54,33.71,1.16,-9999.00,-9999.00,-9999.00,1.231
54121,2185.57,2006.43,356.05,34.01,1.14,-9999.00,-9999.00,-9999.00,1.232
54122,2080.25,2008.51,349.83,34.64,1.22,-9999.00,-9999.00,-9999.00,1.234
54123,1986.79,1914.98,343.46,33.30,1.12,-9999.00,-9999.00,-9999.00,1.233
54124,1893.78,1809.87,365.69,33.04,1.08,-9999.00,-9999.00,-9999.00,1.234
54125,1920.21,1704.19,364.65,34.74,1.16,-9999.00,-9999.00,-9999.00,1.238
54126,1968.50,1680.43,359.91,32.20,1.03,-9999.00,-9999.00,-9999.00,1.237
54127,1983.31,1718.86,397.08,36.45,1.27,-9999.00,-9999.00,-9999.00,1.240
54128,1997.11,1792.59,384.93,37.37,1.34,-9999.00,-9999.00,-9999.00,1.240
54129,1975.43,1758.62,433.44,39.23,1.29,-9999.00,-9999.00,-9999.00,1.243
54130,1954.02,1676.60,428.97,40.15,1.36,-9999.00,-9999.00,-9999.00,1.244
54131,1895.99,1690.69,473.56,43.91,1.50,-9999.00,-9999.00,-9999.00,1.246
54132,1898.03,1728.78,447.72,40.29,1.30,-9999.00,-9999.00,-9999.00,1.246
54133,1899.95,1742.63,460.22,45.14,1.60,-9999.00,-9999.00,-9999.00,1.247
54134,1775.05,1738.58,405.15,36.12,1.19,-9999.00,-9999.00,-9999.00,1.249
54135,1805.38,1707.80,421.72,41.23,1.45,-9999.00,-9999.00,-9999.00,1.250
54136,1674.33,1613.22,445.68,43.53,1.57,-9999.00,-9999.00,-9999.00,1.255
54137,1860.84,1640.47,455.25,42.68,1.43,-9999.00,-9999.00,-9999.00,1.258
54138,1936.52,1666.87,434.45,43.52,1.52,-9999.00,-9999.00,-9999.00,1.256
54139,1840.89,1693.62,436.35,41.59,1.40,-9999.00,-9999.00,-9999.00,1.258
54140,1819.22,1733.18,456.93,39.44,1.24,-9999.00,-9999.00,-9999.00,1.259
54141,1710.69,1673.76,447.30,38.74,1.25,-9999.00,-9999.00,-9999.00,1.258
54142,1552.25,1613.85,458.35,44.17,1.60,-9999.00,-9999.00,-9999.00,1.258
54143,1640.51,1566.50,475.69,41.93,1.37,-9999.00,-9999.00,-9999.00,1.259
54144,1728.59,1555.73,345.82,29.81,0.97,-9999.00,-9999.00,-9999.00,1.264
54145,1681.05,1569.80,272.67,26.85,1.11,-9999.00,-9999.00,-9999.00,1.265
54146,1707.70,1596.33,324.46,29.94,1.01,-9999.00,-9999.00,-9999.00,1.268
54147,1647.85,1598.29,355.11,30.33,0.96,-9999.00,-9999.00,-9999.00,1.268
54148,1711.53,1562.70,398.26,36.40,1.23,-9999.00,-9999.00,-9999.00,1.269
54149,1711.97,1563.11,404.96,35.02,1.13,-9999.00,-9999.00,-9999.00,1.267
54150,1763.13,1576.89,448.80,41.05,1.37,-9999.00,-9999.00,-9999.00,1.274
54151,1691.10,1591.63,460.60,45.54,1.64,-9999.00,-9999.00,-9999.00,1.274
54152,1691.78,1567.39,429.49,42.34,1.50,-9999.00,-9999.00,-9999.00,1.269
54153,1802.79,1566.56,446.36,43.03,1.51,-9999.00,-9999.00,-9999.00,1.275
54154,1753.29,1691.12,505.10,49.11,1.77,-9999.00,-9999.00,-9999.00,1.276
54155,1829.21,1754.54,462.56,39.65,1.24,-9999.00,-9999.00,-9999.00,1.276
54156,1755.36,1742.91,425.73,40.12,1.35,-9999.00,-9999.00,-9999.00,1.277
54157,1819.15,1707.01,463.96,43.49,1.44,-9999.00,-9999.00,-9999.00,1.280
54158,1671.25,1721.14,467.17,44.92,1.57,-9999.00,-9999.00,-9999.00,1.279
54159,1772.00,1684.64,412.90,36.81,1.23,-9999.00,-9999.00,-9999.00,1.280
54160,1759.15,1671.81,453.79,39.50,1.26,-9999.00,-9999.00,-9999.00,1.284
54161,1847.23,1672.49,497.84,48.25,1.65,-9999.00,-9999.00,-9999.00,1.281
54162,1723.62,1686.15,477.38,46.83,1.73,-9999.00,-9999.00,-9999.00,1.283
54163,1760.57,1623.22,462.42,42.74,1.42,-9999.00,-9999.00,-9999.00,1.284
54164,1899.70,1612.25,538.08,50.13,1.73,-9999.00,-9999.00,-9999.00,1.284
54165,1663.24,1600.71,490.82,47.90,1.66,-9999.00,-9999.00,-9999.00,1.288
54166,1601.86,1564.31,488.82,47.73,1.67,-9999.00,-9999.00,-9999.00,1.288
54167,1691.14,1528.29,515.31,48.61,1.65,-9999.00,-9999.00,-9999.00,1.288
54168,1667.58,1504.58,461.46,45.94,1.60,-9999.00,-9999.00,-9999.00,1.292
54169,1669.18,1518.58,469.45,45.40,1.50,-9999.00,-9999.00,-9999.00,1.290
54170,1708.99,1520.50,497.17,46.80,1.59,-9999.00,-9999.00,-9999.00,1.290
54171,1698.19,1484.35,472.19,46.66,1.60,-9999.00,-9999.00,-9999.00,1.297
54172,1825.58,1523.42,461.53,46.38,1.90,-9999.00,-9999.00,-9999.00,1.297
54173,1852.53,1524.87,475.61,48.98,1.76,-9999.00,-9999.00,-9999.00,1.294
54174,1652.52,1526.38,499.48,48.80,1.68,-9999.00,-9999.00,-9999.00,1.299
54175,1615.75,1514.77,498.42,47.55,1.63,-9999.00,-9999.00,-9999.00,1.295
54176,1717.37,1477.44,418.32,42.07,1.46,-9999.00,-9999.00,-9999.00,1.296
54177,1617.45,1453.18,460.50,45.26,1.60,-9999.00,-9999.00,-9999.00,1.303
54178,1606.10,1441.70,461.41,46.56,1.70,-9999.00,-9999.00,-9999.00,1.302
54179,1595.59,1418.30,493.01,47.65,1.65,-9999.00,-9999.00,-9999.00,1.306
54180,1597.36,1445.23,450.15,45.67,1.65,-9999.00,-9999.00,-9999.00,1.304
54181,1598.96,1446.68,434.39,37.39,1.18,-9999.00,-9999.00,-9999.00,1.305
54182,1650.90,1447.71,465.06,43.92,1.48,-9999.00,-9999.00,-9999.00,1.306
54183,1575.91,1461.53,475.63,44.92,1.48,-9999.00,-9999.00,-9999.00,1.309
