NASA Intern/Datasets/LARGE/SASA-LARGE-OPTICAL_P3B_20220712_RA_L2.ict
87,1001
Richard Moore, Luke Ziemba, Edward Winstead, Michael Shook, Claire Robinson, John Barrick, Bruce Anderson, and Ali Omar
NASA Langley
In-situ optical aerosol measurements from the NASA P3B
NASA SASA
1,1
2022,07,12,2022,07,13
1.0
Time_Mid,Secs after midnight,Time of acquisition
19
1,1,1,1,1,1,1,1,1,1,1,1,1,1,1,1,1,1,1
-9999,-9999,-9999,-9999,-9999,-9999,-9999,-9999,-9999,-9999,-9999,-9999,-9999,-9999,-9999,-9999,-9999,-9999,-9999
Sc550_total_amb, Mm-1, AerOpt_Scattering_InSitu_Green_RHa_Bulk_STP, scattering coefficient of ambient  particles at 550nm
Sc450_total, Mm-1, AerOpt_Scattering_InSitu_Blue_RHd_Bulk_STP, Dry Scattering at 450nm (Total Aerosols)
Sc550_total, Mm-1, AerOpt_Scattering_InSitu_Green_RHd_Bulk_STP, Dry Scattering at 550nm (Total Aerosols)
Sc700_total, Mm-1, AerOpt_Scattering_InSitu_Red_RHd_Bulk_STP, Dry Scattering at 700nm (Total Aerosols)
Abs470_total, Mm-1, AerOpt_Absorption_InSitu_Blue_RHd_Bulk_STP, Dry absorption at 470nm (Total Aerosols)
Abs532_total, Mm-1, AerOpt_Absorption_InSitu_Green_RHd_Bulk_STP, Dry absorption at 532nm (Total Aerosols)
Abs660_total, Mm-1, AerOpt_Absorption_InSitu_Red_RHd_Bulk_STP, Dry absorption at 660nm (Total Aerosols)
Ext532_total_amb, Mm-1, AerOpt_Extinction_InSitu_Green_RHa_Bulk_STP, extinction coefficient of aerosols at 532nm for AMBIENT relative humidity
Ext532_total_dry, Mm-1, AerOpt_Extinction_InSitu_Green_RHd_Bulk_STP, extinction coefficient of aerosols at 532nm for DRY relative humidity
gamma550, unitless, AerOpt_Gamma_InSitu_Green_None_Bulk_STP, derived hygroscopic growth factor for particles at 550nm
fRH550_RH20to80, unitless, AerOpt_fRHScat_InSitu_Green_RHsp_Bulk_STP, derived hygroscopic growth parameter for particles at 550nm
AEscatAMB_450to700nm,unitless, AerOpt_AngstromExponentScat_InSitu_BluetoRed_RHa_Bulk_STP, derived ambient Angstrom Exponent for scattering coefficient over wavelength range from 450nm to 700nm
AEscatDRY_450to700nm,unitless, AerOpt_AngstromExponentScatInSitu_BluetoRed_RHd_Bulk_STP, derived dry Angstrom Exponent for scattering coefficient over wavelength range from 450nm to 700nm
AEabsDRY_470to660nm,unitless, AerOpt_AngstromExponentAbs_InSitu_BluetoRed_RHd_Bulk_STP, derived dry Angstrom Exponent for absorption coefficient over wavelength range from 450nm to 700nm
SSA_dry_450nm,unitless, AerOpt_SSA_InSitu_Blue_RHd_Bulk_STP, single_scattering_albedo_at_450nm_as_derived_from_dry_scattering_and_absorption
SSA_dry_550nm,unitless, AerOpt_SSA_InSitu_Green_RHd_Bulk_STP, single_scattering_albedo_at_550nm_as_derived_from_dry_scattering_and_absorption
SSA_dry_700nm,unitless, AerOpt_SSA_InSitu_Red_RHd_Bulk_STP, single_scattering_albedo_at_700nm_as_derived_from_dry_scattering_and_absorption
SSA_amb_550nm,unitless, AerOpt_SSA_InSitu_Green_RHa_Bulk_STP, single_scattering_albedo_at_550nm_as_derived_from_ambient_scattering_and_absorption
stdPT,unitless, None, Conversion factor to convert between ambient and standard pressure and temperature conditions
0
54
******************************************************************************************************************
Langley Aerosol data from the 2022 SASA field campaign
 
PI_CONTACT_INFO: richard.h.moore@nasa.gov
PLATFORM: NASA P3B aircraft
LOCATION: Latitude, Longitude, and Altitude included in MetNav files
ASSOCIATED_DATA: N/A
[...]
ANGSTROM EXPONENT AND SSA CALCULATIONS: 
	- The Absorption coefficients were corrected to the wavelengths of the TSI nepholometer using the measured angstrom exponents
	- The scattering and absorption coefficients were smoothed with a 30s running average to compute the SSA and AE
	- Ambient SSA is calculated with ambient scattering and dry absorption
	- SSA is computed only when both scattering and absorption are greater than 1 Mm-1
	- Scattering Angstrom Exponents are computed only when relevant scattering measurements are greater than 1 Mm-1
	- Absorption Angstrom Exponents are computed only when relevant absorption measurements are greater than 2 Mm-1
DATA_INFO: Aerosol measurements are reported at standard temperature and pressure (0 deg C, 1013 mb)
UNCERTAINTY: all data are 5%
ULOD_FLAG: -7777
ULOD_VALUE: N/A
LLOD_FLAG: -8888
LLOD_VALUE: N/A
DM_CONTACT_INFO: Michael Shook (michael.shook@nasa.gov)
PROJECT_INFO: SASA 2022
STIPULATIONS_ON_USE: This is FIELD data. Please consult the PI and/or DM prior to use.
OTHER_COMMENTS: Ambient calculations currently use RH data from field Hsking files. Once available, calculations will be updated with final MetNav data.
REVISION: RA
RA: None
******************************************************************************************************************
Time_Mid,Sc550_total_amb,Sc450_total,Sc550_total,Sc700_total,Abs470_total,Abs532_total,Abs660_total,Ext532_total_amb,Ext532_total_dry,gamma550,fRH550_RH20to80,AEscatAMB_450to700nm,AEscatDRY_450to700nm,AEabsDRY_470to660nm,SSA_dry_450nm,SSA_dry_550nm,SSA_dry_700nm,SSA_amb_550nm,stdPT
[from data line 8443]
75238,-9999.00,13.48,9.72,1.24,-1.57,-2.82,-2.54,-9999.00,7.91,0.13,1.19,-9999,3.91,-9999,-9999,-9999,-9999,-9999,1.508
75239,-9999.00,11.78,8.62,1.18,-0.45,-1.22,-0.84,-9999.00,8.27,0.13,1.20,-9999,3.85,-9999,-9999,-9999,-9999,-9999,1.510
75240,-9999.00,11.84,7.51,1.12,-1.03,1.37,0.23,-9999.00,9.64,0.14,1.21,-9999,3.86,-9999,-9999,-9999,-9999,-9999,1.508
75241,-9999.00,14.67,7.69,1.02,-2.45,-0.53,-2.50,-9999.00,7.92,0.07,1.11,-9999,3.88,-9999,-9999,-9999,-9999,-9999,1.507
75242,-9999.00,17.72,7.87,0.92,-2.53,-2.12,-2.91,-9999.00,6.53,0.09,1.14,-9999,3.87,-9999,-9999,-9999,0.730623,-9999,1.506
75243,-9999.00,16.43,7.71,1.22,1.42,-0.27,1.95,-9999.00,8.20,0.13,1.20,-9999,3.97,-9999,0.932,-9999.000,0.714,-9999,1.510
75244,-9999.00,15.24,7.54,1.53,3.92,0.62,1.72,-9999.00,8.91,0.17,1.27,-9999,4.01,-9999,0.924,-9999.000,0.714,-9999,1.511
75245,-9999.00,14.57,7.43,3.30,-0.33,-0.39,-1.93,-9999.00,7.79,0.21,1.33,-9999,4.13,-9999,0.926,-9999.000,0.693,-9999,1.512
75246,-9999.00,13.90,7.63,5.39,-1.23,1.38,-0.30,-9999.00,9.79,0.25,1.41,-9999,4.14,-9999,0.925,-9999.000,0.698,-9999,1.512
75247,-9999.00,14.45,8.91,5.57,7.20,6.94,6.45,-9999.00,16.77,0.15,1.23,-9999,4.16,-9999,0.920,-9999.000,-9999.000,-9999,1.508
75248,-9999.00,14.93,10.20,5.76,12.79,8.30,9.58,-9999.00,19.58,0.06,1.08,-9999,4.20,-9999,0.919,-9999.000,-9999.000,-9999,1.509
75249,-9999.00,14.01,7.74,2.88,5.80,3.65,5.77,-9999.00,12.23,0.18,1.28,-9999,4.16,-9999,0.926,-9999.000,0.698,-9999,1.507
75250,-9999.00,13.20,5.86,0.22,-1.08,0.73,2.82,-9999.00,7.25,0.30,1.51,-9999,4.08,-9999,0.935,-9999.000,-9999.000,-9999,1.512
75251,-9999.00,19.85,9.13,2.33,-0.31,0.31,1.27,-9999.00,10.48,0.05,1.07,-9999,4.09,-9999,0.937,-9999.000,-9999.000,-9999,1.508
75252,-9999.00,18.11,9.20,2.88,0.67,-0.24,-0.49,-9999.00,10.04,0.06,1.08,-9999,3.99,-9999,0.937,-9999.000,-9999.000,-9999,1.509
75253,-9999.00,16.58,9.28,3.43,0.57,0.85,-1.02,-9999.00,11.22,0.07,1.10,-9999,4.00,-9999,0.935,-9999.000,-9999.000,-9999,1.510
75254,-9999.00,16.83,9.28,2.90,1.07,0.78,-0.10,-9999.00,11.16,0.07,1.09,-9999,3.97,-9999,0.934,-9999.000,-9999.000,-9999,1.504
75255,-9999.00,17.07,9.28,2.36,0.05,-0.31,0.59,-9999.00,10.08,0.04,1.06,-9999,3.96,-9999,0.931,-9999.000,0.724,-9999,1.512
75256,-9999.00,13.82,8.48,1.75,-0.36,1.62,2.13,-9999.00,11.12,0.09,1.13,-9999,3.92,-9999,0.928,-9999.000,0.707,-9999,1.505
75257,-9999.00,11.64,7.69,2.28,1.63,1.71,3.56,-9999.00,10.34,0.22,1.35,-9999,3.96,-9999,0.922,0.885,0.696,-9999,1.509
75258,-9999.00,13.92,8.04,-0.01,1.71,-0.61,1.00,-9999.00,8.42,0.20,1.32,-9999,3.92,-9999,0.912,0.872,0.691,-9999,1.509
75259,-9999.00,15.20,7.67,0.45,0.16,-0.20,-0.27,-9999.00,8.42,0.22,1.35,-9999,3.89,-9999,0.911,0.868,0.695,-9999,1.510
75260,-9999.00,16.82,7.30,0.91,0.62,1.65,1.06,-9999.00,9.85,0.21,1.34,-9999,3.85,-9999,0.916,0.869,0.705,-9999,1.510
75261,-9999.00,16.26,7.05,2.49,1.28,1.73,0.38,-9999.00,9.65,0.20,1.32,-9999,3.86,-9999,0.916,0.865,0.693,-9999,1.506
75262,-9999.00,15.72,6.93,4.25,1.58,0.77,-0.59,-9999.00,8.56,0.30,1.52,-9999,3.93,-9999,0.913,0.870,0.671,-9999,1.505
75263,-9999.00,17.55,6.32,2.53,1.83,0.38,0.45,-9999.00,7.50,0.33,1.57,-9999,4.05,-9999,0.927,0.888,0.683,-9999,1.507
75264,-9999.00,19.16,5.86,4.26,-0.65,-0.02,2.16,-9999.00,6.58,0.36,1.64,-9999,4.11,-9999,-9999,-9999,-9999,-9999,1.507
75265,-9999.00,20.75,5.49,6.12,-2.10,0.54,-0.31,-9999.00,6.71,0.38,1.69,-9999,4.08,-9999,-9999,-9999,-9999,-9999,1.506
75266,-9999.00,16.08,7.63,3.65,1.58,1.37,-2.12,-9999.00,9.94,0.23,1.37,-9999,3.98,-9999,-9999,-9999,-9999,-9999,1.504
75267,-9999.00,19.67,9.33,5.23,2.65,1.53,1.84,-9999.00,12.01,0.11,1.17,-9999,3.86,-9999,-9999,-9999,-9999,-9999,1.505
75268,-9999.00,14.82,9.51,3.79,-0.31,0.84,2.30,-9999.00,11.52,0.10,1.15,-9999,3.77,-9999,-9999,-9999,-9999,-9999,1.509
75269,-9999.00,14.22,9.44,2.69,-0.72,-0.24,-0.74,-9999.00,10.35,0.12,1.18,-9999,3.72,-9999,-9999,-9999,-9999,-9999,1.503
75270,-9999.00,13.59,9.57,1.58,1.23,-0.25,2.35,-9999.00,10.51,0.10,1.14,-9999,3.76,-9999,-9999,-9999,-9999,-9999,1.510
75271,-9999.00,14.66,7.21,3.18,0.89,0.49,4.07,-9999.00,8.61,0.26,1.43,-9999,3.89,-9999,-9999,-9999,-9999,-9999,1.510
75272,-9999.00,20.14,7.94,0.71,1.19,1.70,-0.51,-9999.00,10.65,0.17,1.26,-9999,3.94,-9999,-9999,-9999,-9999,-9999,1.507
75273,-9999.00,20.83,8.42,2.79,3.56,2.45,-1.06,-9999.00,11.93,0.23,1.38,-9999,3.93,-9999,-9999,-9999,-9999,-9999,1.511
75274,-9999.00,19.80,8.75,3.19,2.43,1.20,2.06,-9999.00,11.04,0.14,1.22,-9999,3.83,-9999,-9999,-9999,-9999,-9999,1.512
75275,-9999.00,18.77,9.08,3.59,0.94,0.71,0.55,-9999.00,10.90,0.17,1.27,-9999,3.73,-9999,-9999,-9999,-9999,-9999,1.510
75276,-9999.00,18.27,9.05,3.51,0.45,0.92,0.68,-9999.00,11.05,0.17,1.27,-9999,3.66,-9999,-9999,-9999,-9999,-9999,1.511
75277,-9999.00,17.80,9.02,3.43,0.46,-0.10,3.36,-9999.00,9.99,0.18,1.28,-9999,3.69,-9999,-9999,-9999,-9999,-9999,1.505
75278,-9999.00,18.75,8.44,1.40,-0.28,0.80,1.87,-9999.00,10.25,0.06,1.09,-9999,3.74,-9999,-9999,-9999,-9999,-9999,1.508
75279,-9999.00,14.71,9.20,3.65,-0.60,1.81,-0.45,-9999.00,12.10,0.05,1.07,-9999,3.71,-9999,-9999,-9999,-9999,-9999,1.510
75280,-9999.00,14.69,8.87,3.97,0.90,0.18,-1.36,-9999.00,10.09,0.13,1.20,-9999,3.66,-9999,-9999,-9999,-9999,-9999,1.511
75281,-9999.00,14.66,8.53,4.33,0.47,-0.61,-0.66,-9999.00,8.88,0.21,1.34,-9999,3.73,-9999,-9999,-9999,-9999,-9999,1.508
75282,-9999.00,17.25,9.45,6.95,-0.53,0.11,0.38,-9999.00,10.62,0.03,1.04,-9999,3.85,-9999,-9999,-9999,-9999,-9999,1.513
75283,-9999.00,16.58,9.00,6.16,0.35,0.18,0.60,-9999.00,10.18,0.09,1.13,-9999,3.97,-9999,-9999,-9999,-9999,-9999,1.513
75284,-9999.00,15.45,9.02,5.65,0.09,0.52,0.48,-9999.00,10.56,0.14,1.21,-9999,4.10,-9999,-9999,-9999,-9999,-9999,1.513
75285,-9999.00,17.26,8.04,1.26,-0.89,-0.00,-0.67,-9999.00,8.97,0.25,1.41,-9999,4.22,-9999,-9999,-9999,-9999,-9999,1.510
75286,-9999.00,19.66,7.51,-2.85,-0.59,-1.32,0.36,-9999.00,7.07,0.33,1.57,-9999,4.27,-9999,-9999,-9999,-9999,-9999,1.510
75287,-9999.00,15.07,8.04,-0.00,-0.05,0.06,1.92,-9999.00,9.04,0.20,1.32,-9999,4.33,-9999,-9999,-9999,-9999,-9999,1.515
75288,-9999.00,12.32,8.58,2.85,2.53,2.72,1.11,-9999.00,12.30,0.16,1.25,-9999,4.35,-9999,-9999,-9999,-9999,-9999,1.511
75289,-9999.00,12.87,9.45,3.79,3.84,2.70,1.62,-9999.00,13.23,0.11,1.17,-9999,4.39,-9999,-9999,-9999,-9999,-9999,1.510
75290,-9999.00,13.41,10.61,4.74,1.72,0.36,0.37,-9999.00,12.15,0.05,1.08,-9999,4.42,-9999,-9999,-9999,-9999,-9999,1.512
75291,-9999.00,13.89,8.79,3.03,0.57,-0.22,-1.07,-9999.00,9.51,0.15,1.23,-9999,4.49,-9999,-9999,-9999,-9999,-9999,1.504
75292,-9999.00,15.82,7.81,1.31,1.15,1.02,1.67,-9999.00,9.66,0.19,1.31,-9999,4.58,-9999,-9999,-9999,-9999,-9999,1.510
75293,-9999.00,15.31,6.69,2.14,0.80,1.26,0.73,-9999.00,8.64,0.25,1.41,-9999,4.55,-9999,-9999,-9999,-9999,-9999,1.511
75294,-9999.00,14.86,5.58,3.04,-0.76,1.22,-1.06,-9999.00,7.36,0.37,1.67,-9999,4.39,-9999,-9999,-9999,-9999,-9999,1.511
75295,-9999.00,14.54,5.69,5.64,-0.19,1.64,1.50,-9999.00,7.89,0.35,1.62,-9999,4.25,-9999,-9999,-9999,-9999,-9999,1.508
75296,-9999.00,16.96,8.40,2.22,1.05,0.53,0.66,-9999.00,9.77,0.17,1.27,2.56,4.14,-9999,-9999,-9999,-9999,-9999,1.510
75297,-9999.00,20.08,11.37,-0.63,1.50,-0.63,-0.45,-9999.00,11.88,0.03,1.05,2.29,4.25,-9999,-9999,-9999,-9999,-9999,1.511
75298,-9999.00,19.84,11.22,0.52,2.01,0.39,0.74,-9999.00,12.72,0.07,1.10,2.14,4.37,-9999,-9999,-9999,-9999,-9999,1.509
75299,-9999.00,19.67,9.63,-0.12,1.56,1.31,0.32,-9999.00,11.89,0.12,1.17,2.01,4.39,-9999,-9999,-9999,-9999,-9999,1.515
75300,-9999.00,20.27,8.03,-0.77,0.25,0.13,-0.38,-9999.00,8.96,0.18,1.28,1.92,4.46,-9999,-9999,-9999,-9999,-9999,1.514
75301,-9999.00,15.98,8.31,0.00,-0.14,-0.15,-1.71,-9999.00,8.98,0.17,1.27,1.86,4.45,-9999,-9999,-9999,-9999,-9999,1.512
75302,-9999.00,12.26,8.59,0.77,-0.96,0.79,0.58,-9999.00,10.21,0.17,1.26,1.85,4.36,-9999,-9999,-9999,-9999,-9999,1.510
75303,-9999.00,17.42,6.48,-0.08,-1.74,-0.10,3.07,-9999.00,6.99,0.35,1.63,1.86,4.31,-9999,-9999,-9999,-9999,-9999,1.510
75304,-9999.00,15.87,8.79,0.72,0.15,0.18,-0.02,-9999.00,9.81,0.17,1.27,1.82,4.27,-9999,-9999,-9999,-9999,-9999,1.511
75305,-9999.00,14.82,11.11,1.52,1.35,1.82,-0.98,-9999.00,13.99,0.05,1.07,1.79,4.26,-9999,-9999,-9999,-9999,-9999,1.507
75306,-9999.00,13.49,9.74,0.71,2.03,1.17,0.59,-9999.00,11.84,0.12,1.19,1.76,4.28,-9999,-9999,-9999,-9999,-9999,1.509
75307,-9999.00,12.15,8.36,-0.11,1.69,0.12,2.01,-9999.00,9.29,0.20,1.33,1.76,4.28,-9999,-9999,-9999,-9999,-9999,1.512
75308,-9999.00,15.35,10.94,3.94,1.55,-0.21,1.14,-9999.00,11.79,0.10,1.15,1.75,4.25,-9999,-9999,-9999,-9999,-9999,1.507
75309,-9999.00,13.97,10.29,5.73,1.08,-0.38,0.68,-9999.00,10.90,0.12,1.19,1.75,4.29,-9999,-9999,-9999,-9999,-9999,1.507
75310,-9999.00,12.58,9.48,7.74,-0.69,0.18,0.76,-9999.00,10.56,0.16,1.24,1.76,4.47,-9999,-9999,-9999,-9999,-9999,1.510
75311,16.10,15.35,9.24,7.72,-0.69,1.00,-0.56,18.43,11.10,0.22,1.36,1.78,4.57,-9999,-9999,-9999,-9999,-9999,1.513
75312,12.34,17.49,10.59,0.88,0.27,1.83,0.58,15.20,13.40,0.09,1.13,1.77,4.57,-9999,-9999,-9999,-9999,-9999,1.514
75313,11.02,14.97,8.63,2.84,1.69,1.96,2.21,13.88,11.38,0.15,1.23,1.76,4.46,-9999,-9999,-9999,-9999,-9999,1.511
75314,9.68,12.43,7.07,5.14,3.64,0.37,0.37,10.85,8.08,0.21,1.34,1.75,4.40,-9999,-9999,-9999,-9999,-9999,1.507
75315,8.83,12.63,6.71,2.91,3.63,-0.17,-0.62,9.39,7.14,0.24,1.40,1.75,4.33,-9999,-9999,-9999,-9999,-9999,1.511
75316,9.30,13.57,7.71,1.08,-0.29,0.27,3.16,10.37,8.66,0.19,1.30,1.75,4.26,-9999,-9999,-9999,-9999,-9999,1.510
75317,10.30,14.47,8.76,-0.76,-2.01,0.65,3.07,11.84,10.19,0.19,1.30,1.73,4.26,-9999,-9999,-9999,-9999,-9999,1.511
75318,10.25,14.69,8.72,1.25,0.26,1.13,-1.22,12.29,10.65,0.21,1.34,1.74,4.30,-9999,-9999,-9999,-9999,-9999,1.510
75319,10.02,11.68,8.60,4.01,1.41,1.35,-0.13,12.27,10.73,0.23,1.38,1.76,4.28,-9999,-9999,-9999,-9999,-9999,1.511
75320,9.68,11.82,8.59,3.98,1.12,0.74,2.30,11.29,10.11,0.21,1.34,1.77,4.28,-9999,-9999,-9999,-9999,-9999,1.512
75321,9.58,11.95,8.58,3.95,1.19,-0.01,2.30,10.45,9.38,0.19,1.30,1.79,4.30,-9999,-9999,-9999,-9999,-9999,1.506
75322,8.89,15.02,8.05,3.33,0.24,0.95,1.03,10.65,9.76,0.22,1.35,1.79,4.26,-9999,-9999,-9999,-9999,-9999,1.512
75323,8.57,14.88,7.68,2.05,-0.62,0.75,-1.73,10.11,9.17,0.24,1.40,1.77,4.14,-9999,-9999,-9999,-9999,-9999,1.507
75324,8.32,14.72,7.35,0.77,-0.12,-0.19,-2.25,8.89,7.87,0.33,1.57,1.93,4.06,-9999,-9999,-9999,-9999,-9999,1.511
75325,9.19,16.96,8.49,-1.92,0.41,1.21,0.95,11.23,10.53,0.23,1.38,1.92,4.13,-9999,-9999,-9999,-9999,-9999,1.514
75326,9.91,17.34,9.35,2.97,2.42,1.94,1.11,12.74,12.21,0.15,1.24,1.92,4.34,-9999,-9999,-9999,-9999,-9999,1.511
75327,10.01,15.70,9.55,2.29,4.15,0.63,-0.27,11.58,11.13,0.13,1.20,2.06,4.61,-9999,-9999,-9999,-9999,-9999,1.511
75328,10.15,13.96,9.74,1.61,1.95,0.09,1.72,11.22,10.83,0.11,1.16,2.06,4.67,-9999,-9999,-9999,-9999,-9999,1.510
75329,9.09,14.74,8.64,1.43,-0.82,0.45,2.99,10.44,10.00,0.14,1.21,2.07,4.76,-9999,-9999,-9999,-9999,-9999,1.511
75330,8.13,15.35,7.54,1.25,-1.91,-0.19,0.63,8.75,8.14,0.20,1.33,2.09,4.87,-9999,-9999,-9999,-9999,-9999,1.511
75331,7.56,14.27,6.97,0.47,0.97,-0.38,0.60,7.94,7.33,0.23,1.38,2.11,4.90,-9999,-9999,-9999,-9999,-9999,1.513
75332,7.21,13.18,6.39,-0.31,2.00,1.40,0.67,9.36,8.49,0.34,1.61,2.13,4.85,-9999,-9999,-9999,-9999,-9999,1.514
75333,8.41,16.33,7.65,0.21,-0.65,1.23,-1.53,10.52,9.71,0.25,1.42,2.13,4.76,-9999,-9999,-9999,-9999,-9999,1.510
75334,9.52,19.46,8.90,0.73,0.70,-0.09,-0.15,10.42,9.78,0.18,1.29,2.12,4.73,-9999,-9999,-9999,-9999,-9999,1.511
75335,9.69,19.16,9.04,1.10,1.22,0.92,2.17,11.63,10.96,0.18,1.28,2.14,4.88,-9999,-9999,-9999,-9999,-9999,1.507
75336,9.71,18.86,9.18,1.46,-0.14,0.71,0.42,11.45,10.91,0.16,1.26,2.15,4.88,-9999,-9999,-9999,-9999,-9999,1.515
75337,9.09,15.37,8.51,2.49,0.17,0.39,-1.35,10.44,9.83,0.18,1.29,1.86,4.72,-9999,-9999,-9999,-9999,-9999,1.511
75338,8.83,11.74,8.17,3.54,0.98,1.23,1.36,10.98,10.29,0.18,1.29,1.86,4.68,-9999,-9999,-9999,-9999,-9999,1.505
75339,9.02,14.51,8.49,6.38,1.69,0.34,3.79,10.30,9.76,0.17,1.26,1.85,4.62,-9999,-9999,-9999,-9999,-9999,1.510
75340,9.61,14.21,8.78,3.59,0.92,0.86,2.18,11.49,10.60,0.25,1.42,1.85,4.53,-9999,-9999,-9999,-9999,-9999,1.512
75341,10.01,13.86,9.22,1.25,-0.29,1.67,-2.43,12.72,11.90,0.23,1.38,1.85,4.45,-9999,-9999,-9999,-9999,-9999,1.513
75342,8.66,15.67,7.75,0.25,0.43,-0.27,-2.82,9.30,8.32,0.29,1.50,1.84,4.56,-9999,-9999,-9999,-9999,-9999,1.510
75343,6.97,18.51,6.27,-0.75,-0.06,-0.63,0.28,7.08,6.32,0.27,1.46,1.85,4.68,-9999,-9999,-9999,-9999,-9999,1.508
75344,8.68,18.06,8.03,1.10,0.23,1.70,1.19,11.32,10.60,0.20,1.32,1.86,4.69,-9999,-9999,-9999,-9999,-9999,1.509
75345,10.05,18.15,9.79,2.96,2.12,2.48,1.86,13.62,13.33,0.07,1.10,1.87,4.64,-9999,-9999,-9999,-9999,-9999,1.508
75346,9.28,18.72,8.81,2.95,0.72,0.79,3.66,11.07,10.56,0.14,1.22,1.87,4.52,-9999,-9999,-9999,-9999,-9999,1.512
75347,8.50,19.80,7.83,2.94,-0.45,-0.07,2.90,9.35,8.62,0.21,1.35,1.88,4.41,-9999,-9999,-9999,-9999,-9999,1.508
75348,-9999.00,-9999.00,-9999.00,-9999.00,-9999.00,-9999.00,-9999.00,-9999.00,-9999.00,-9999.00,-9999.00,1.90,4.30,-9999,-9999,-9999,-9999,-9999,1.509
75349,-9999.00,-9999.00,-9999.00,-9999.00,-9999.00,-9999.00,-9999.00,-9999.00,-9999.00,-9999.00,-9999.00,1.90,4.21,-9999,-9999,-9999,-9999,-9999,1.510
75350,9.99,17.47,9.52,1.19,-0.24,0.43,-0.36,11.48,10.97,0.15,1.22,1.88,4.10,-9999,-9999,-9999,-9999,-9999,1.516
75351,10.60,15.11,10.30,4.24,2.06,0.35,-1.43,12.05,11.73,0.08,1.11,1.87,3.99,-9999,-9999,-9999,-9999,-9999,1.511
75352,12.67,14.45,12.62,8.24,2.94,0.61,-2.81,14.59,14.53,0.01,1.01,1.85,3.88,-9999,-9999,-9999,-9999,-9999,1.512
75353,8.41,15.37,7.93,4.33,1.02,1.16,-1.24,10.44,9.90,0.16,1.24,1.85,3.81,-9999,-9999,-9999,-9999,-9999,1.510
75354,8.36,15.06,7.69,3.72,0.95,0.62,2.79,9.86,9.09,0.24,1.39,1.88,3.73,-9999,-9999,-9999,-9999,-9999,1.514
75355,7.91,14.76,7.45,3.14,0.53,-0.46,3.72,8.29,7.74,0.17,1.27,1.63,3.74,-9999,-9999,-9999,-9999,-9999,1.513
75356,-9999.00,16.56,9.21,0.39,-0.65,-0.64,0.12,-9999.00,9.51,-9999.00,-9999.00,1.65,3.73,-9999,-9999,-9999,-9999,-9999,1.510
75357,-9999.00,15.63,9.35,-0.31,0.96,-0.24,-2.81,-9999.00,10.08,-9999.00,-9999.00,1.67,3.71,-9999,-9999,-9999,-9999,-9999,1.510
75358,-9999.00,14.66,9.47,-1.01,1.56,0.30,0.36,-9999.00,10.76,-9999.00,-9999.00,1.68,3.66,-9999,-9999,-9999,-9999,-9999,1.513
75359,-9999.00,14.13,9.58,1.33,-0.36,1.52,3.63,-9999.00,12.08,-9999.00,-9999.00,1.66,3.58,-9999,-9999,-9999,-9999,-9999,1.508
75360,-9999.00,16.14,8.84,2.98,-0.85,1.34,0.23,-9999.00,11.05,-9999.00,-9999.00,1.64,3.56,-9999,-9999,-9999,-9999,-9999,1.510
75361,-9999.00,18.32,8.22,4.80,1.96,-0.21,-1.06,-9999.00,8.82,-9999.00,-9999.00,1.62,3.58,-9999,-9999,-9999,-9999,-9999,1.509
75362,-9999.00,15.92,7.23,3.88,2.23,0.29,2.17,-9999.00,8.23,-9999.00,-9999.00,1.59,3.61,-9999,-9999,-9999,-9999,-9999,1.506
75363,-9999.00,13.52,6.23,2.95,-0.09,0.65,2.48,-9999.00,7.49,-9999.00,-9999.00,1.52,3.62,-9999,-9999,-9999,-9999,-9999,1.509
75364,-9999.00,11.79,6.36,2.59,-0.26,0.38,0.25,-9999.00,7.37,-9999.00,-9999.00,1.52,3.64,-9999,-9999,-9999,-9999,-9999,1.511
75365,-9999.00,12.01,7.44,3.04,0.25,0.97,-0.69,-9999.00,9.16,-9999.00,-9999.00,1.52,3.70,-9999,-9999,-9999,-9999,-9999,1.510
75366,-9999.00,12.17,8.54,3.49,0.90,1.42,-0.70,-9999.00,10.83,-9999.00,-9999.00,1.47,3.69,-9999,-9999,-9999,-9999,-9999,1.512
75367,-9999.00,11.58,8.24,3.97,0.76,1.50,1.62,-9999.00,10.59,-9999.00,-9999.00,1.46,3.77,-9999,-9999,-9999,-9999,-9999,1.510
75368,-9999.00,10.98,7.93,4.48,1.36,0.69,3.31,-9999.00,9.45,-9999.00,-9999.00,-9999,3.95,-9999,-9999,-9999,-9999,-9999,1.510
75369,-9999.00,13.89,9.28,6.77,1.72,0.18,-0.47,-9999.00,10.43,-9999.00,-9999.00,-9999,4.01,-9999,-9999,-9999,-9999,-9999,1.512
75370,-9999.00,13.82,9.17,6.04,-0.79,0.66,-1.42,-9999.00,10.79,-9999.00,-9999.00,-9999,4.08,-9999,-9999,-9999,-9999,-9999,1.510
75371,-9999.00,16.75,8.88,4.37,-0.66,-0.02,1.60,-9999.00,9.78,-9999.00,-9999.00,-9999,4.07,-9999,-9999,-9999,-9999,-9999,1.509
