NASA Intern/Datasets/LARGE/SASA-LARGE-MICROPHYSICAL_P3B_20220712_RA_L2.ict
56,1001
Richard Moore, Luke Ziemba, Edward Winstead, Michael Shook, Claire Robinson, John Barrick, Bruce Anderson, and Ali Omar
NASA Langley
In-situ microphysical aerosol measurements from the NASA P3B
NASA SASA
1,1
2022,07,12,2022,07,13
1.0
Time_Mid,Secs after midnight,Time of acquisition
9
1,1,1,1,1,1,1,1,1
-9999,-9999,-9999,-9999,-9999,-9999,-9999,-9999,-9999
CNgt3nm, #/cm3, AerMP_NumConc_InSitu_RHd_None_Bulk_STP, Number concentration of particles with diameters greater than 3nm
CNgt10nm, #/cm3, AerMP_NumConc_InSitu_RHd_None_Bulk_STP, Number concentration of particles with diameters greater than 10nm
IntegN_100to1000nm_UHSAS, #/cm3, Number concentration of particles with diameters between 100 and 1000nm (inclusive) as measured by the UHSAS
IntegS_100to1000nm_UHSAS, um2/cm3, Surface area concentration of particles with diameters between 100 and 1000nm (inclusive) as measured by the UHSAS
IntegV_100to1000nm_UHSAS, um3/cm3, Volume concentration of particles with diameters between 100 and 1000nm (inclusive) as measured by the UHSAS
IntegN_gt1000nm_APS, #/cm3, Number concentration of particles with diameters greater than 1000nm as measured by the APS
IntegS_gt1000nm_APS, um2/cm3, Surface area concentration of particles with diameters greater 1000nm as measured by the APS
IntegV_gt1000nm_APS, um3/cm3, Volume concentration of particles with diameters greater than 1000nm as measured by the APS
stdPT, unitless, None, Conversion factor to convert between ambient and standard pressure and temperature conditions
0
33
******************************************************************************************************************
Langley Aerosol data from the 2022 SASA field campaign
 
PI_CONTACT_INFO: richard.h.moore@nasa.gov
PLATFORM: NASA P3B aircraft
LOCATION: Latitude, Longitude, and Altitude included in MetNav files
ASSOCIATED_DATA: None
INSTRUMENT_INFO: Flagged data are due to missing data or to instrument issues.
CN statistics: TSI Condensation Particle Counters
	- CNgt3nm is measured with a TSI CPC-3776
	- CNgt10nm is measured with a TSI CPC-3772
	- The CPC-3772 data are corrected for coincidence errors when the aerosol concentrations exceed 10,000 cm-3
	- Due to flow irregularities and response times differences, there will be times where CNgt10nm > CNgt3nm
UHSAS statistics: Optical Size Distribution Data from the DMT Ultra-High Sensitivity Aerosol Spectrometer (UHSAS)
   - Data are processed with respect to mid-point polystyrene-latex-equivalent optical diameters and are rebinned to a standard binning scheme
APS statistics: Aerodynamic Size Distribution Data From the TSI Aerodynamic Particle Sizer (APS), Model 3321
   - Data are processed with respect to mid-point polystyrene-latex-equivalent aerodynamic diameters (assuming spherical particles with a density of 1 g/cm3) and are rebinned to a standard binning scheme
DATA_INFO: Aerosol measurements are reported at standard temperature and pressure (0 deg C, 1013 mb)
   - Concentrations can be converted back to ambient conditions by dividing by the stdPT conversion factor
   - Integrated surface areas and volumes are calculated by assuming spherical particles
UNCERTAINTY: CPC data is 10%, UHSAS is 20%, APS is 20%
ULOD_FLAG: -7777
ULOD_VALUE: N/A
LLOD_FLAG: -8888
LLOD_VALUE: N/A
DM_CONTACT_INFO: Michael Shook (michael.shook@nasa.gov)
PROJECT_INFO: SARP 2022
STIPULATIONS_ON_USE: This is FIELD data. Please consult the PI and/or DM prior to use.
OTHER_COMMENTS: none
REVISION: RA
RA: None
******************************************************************************************************************
Time_Mid,CNgt3nm,CNgt10nm,IntegN_100to1000nm_UHSAS,IntegS_100to1000nm_UHSAS,IntegV_100to1000nm_UHSAS,IntegN_gt1000nm_APS,IntegS_gt1000nm_APS,IntegV_gt1000nm_APS,stdPT
[from data line 8392]
75187,2188.78,1903.94,289.82,22.62,0.67,-9999.00,-9999.00,-9999.00,1.511
75188,2158.06,1963.23,349.68,29.15,1.12,-9999.00,-9999.00,-9999.00,1.509
75189,2218.70,1933.86,287.08,24.65,0.84,-9999.00,-9999.00,-9999.00,1.508
75190,2144.04,1934.13,332.02,29.95,1.10,-9999.00,-9999.00,-9999.00,1.508
75191,2084.25,1919.31,321.38,25.15,0.76,-9999.00,-9999.00,-9999.00,1.509
75192,2157.63,1947.86,317.35,25.83,0.82,-9999.00,-9999.00,-9999.00,1.512
75193,2171.37,1931.77,344.82,26.70,0.82,-9999.00,-9999.00,-9999.00,1.516
75194,2066.94,1947.11,335.31,28.96,0.99,-9999.00,-9999.00,-9999.00,1.513
75195,2082.48,1917.68,318.61,25.33,0.78,-9999.00,-9999.00,-9999.00,1.515
75196,2232.36,1932.72,308.99,29.54,1.06,-9999.00,-9999.00,-9999.00,1.509
75197,2263.63,1933.83,311.04,27.06,0.88,-9999.00,-9999.00,-9999.00,1.512
75198,2263.45,1933.68,328.55,28.56,0.96,-9999.00,-9999.00,-9999.00,1.511
75199,2232.49,1947.81,320.76,26.86,0.84,-9999.00,-9999.00,-9999.00,1.509
75200,2231.07,1931.60,313.61,28.35,1.11,-9999.00,-9999.00,-9999.00,1.512
75201,2157.52,1932.78,332.33,28.57,0.97,-9999.00,-9999.00,-9999.00,1.512
75202,2082.11,1932.32,316.66,25.24,0.75,-9999.00,-9999.00,-9999.00,1.510
75203,2142.81,1948.01,335.88,25.92,0.76,-9999.00,-9999.00,-9999.00,1.510
75204,2277.94,1918.27,300.26,23.99,0.73,-9999.00,-9999.00,-9999.00,1.510
75205,2172.80,1978.00,310.89,26.61,0.86,-9999.00,-9999.00,-9999.00,1.511
75206,2322.71,1993.04,325.63,24.58,0.72,-9999.00,-9999.00,-9999.00,1.516
75207,2232.80,1933.10,344.29,29.24,0.96,-9999.00,-9999.00,-9999.00,1.512
75208,2263.51,1963.71,328.28,29.32,0.98,-9999.00,-9999.00,-9999.00,1.508
75209,2084.41,1934.46,340.80,27.59,0.87,-9999.00,-9999.00,-9999.00,1.509
75210,2083.38,1948.49,349.98,29.56,0.95,-9999.00,-9999.00,-9999.00,1.508
75211,2247.26,1932.64,361.47,28.90,0.87,-9999.00,-9999.00,-9999.00,1.511
75212,2158.20,1933.39,371.20,29.03,0.88,-9999.00,-9999.00,-9999.00,1.511
75213,2142.37,1962.59,344.79,26.92,0.80,-9999.00,-9999.00,-9999.00,1.510
75214,2143.15,1963.31,378.23,32.51,1.10,-9999.00,-9999.00,-9999.00,1.512
75215,2158.08,1948.26,368.80,31.72,1.04,-9999.00,-9999.00,-9999.00,1.510
75216,2202.91,1933.16,343.76,28.99,1.01,-9999.00,-9999.00,-9999.00,1.506
75217,2171.98,1962.27,364.50,31.05,1.00,-9999.00,-9999.00,-9999.00,1.507
75218,2142.75,1947.95,339.66,30.85,1.09,-9999.00,-9999.00,-9999.00,1.511
75219,2113.20,1963.33,364.79,28.91,0.88,-9999.00,-9999.00,-9999.00,1.507
75220,2023.50,1948.55,359.76,31.57,1.08,-9999.00,-9999.00,-9999.00,1.512
75221,2098.67,1948.77,360.78,30.80,1.17,-9999.00,-9999.00,-9999.00,1.511
75222,2246.21,1946.71,329.22,25.50,0.77,-9999.00,-9999.00,-9999.00,1.507
75223,2157.77,1918.02,376.97,30.11,0.91,-9999.00,-9999.00,-9999.00,1.510
75224,2231.66,1917.13,341.16,30.79,1.18,-9999.00,-9999.00,-9999.00,1.508
75225,2366.03,1931.76,358.67,31.37,1.05,-9999.00,-9999.00,-9999.00,1.511
75226,2306.86,1962.33,370.38,33.61,1.28,-9999.00,-9999.00,-9999.00,1.507
75227,2278.62,1963.81,344.15,28.03,0.84,-9999.00,-9999.00,-9999.00,1.508
75228,2143.64,1963.76,343.48,28.62,0.90,-9999.00,-9999.00,-9999.00,1.508
75229,2113.44,1978.54,364.86,29.34,0.88,-9999.00,-9999.00,-9999.00,1.515
75230,2128.25,1978.37,379.40,31.21,0.95,-9999.00,-9999.00,-9999.00,1.512
75231,2188.77,1978.89,400.73,32.46,1.02,-9999.00,-9999.00,-9999.00,1.512
75232,2157.82,1963.02,427.66,37.46,1.29,-9999.00,-9999.00,-9999.00,1.506
75233,2038.32,1963.38,395.06,34.11,1.09,-9999.00,-9999.00,-9999.00,1.511
75234,2098.51,1948.62,358.70,32.02,1.08,-9999.00,-9999.00,-9999.00,1.509
75235,2112.85,1977.99,369.28,31.52,1.05,-9999.00,-9999.00,-9999.00,1.511
75236,2203.80,1963.93,431.26,36.06,1.14,-9999.00,-9999.00,-9999.00,1.513
75237,2233.53,1963.71,406.95,36.93,1.51,-9999.00,-9999.00,-9999.00,1.507
75238,2067.98,1978.07,405.30,38.01,1.44,-9999.00,-9999.00,-9999.00,1.508
75239,2038.05,1978.11,378.08,30.59,0.95,-9999.00,-9999.00,-9999.00,1.510
75240,2022.94,1977.99,451.30,40.74,1.34,-9999.00,-9999.00,-9999.00,1.508
75241,2083.27,1963.37,415.86,37.57,1.26,-9999.00,-9999.00,-9999.00,1.507
75242,2053.28,1978.34,391.47,31.92,1.00,-9999.00,-9999.00,-9999.00,1.506
75243,2142.28,1962.51,388.71,31.48,0.98,-9999.00,-9999.00,-9999.00,1.510
75244,2351.82,1992.30,398.00,33.85,1.08,-9999.00,-9999.00,-9999.00,1.511
75245,2307.03,1962.47,409.87,36.38,1.19,-9999.00,-9999.00,-9999.00,1.512
75246,2351.33,1976.92,420.90,37.07,1.24,-9999.00,-9999.00,-9999.00,1.512
75247,2306.91,1947.39,376.87,31.79,1.00,-9999.00,-9999.00,-9999.00,1.508
75248,2501.82,1962.50,407.85,32.54,0.99,-9999.00,-9999.00,-9999.00,1.509
75249,2323.04,1948.35,398.60,32.59,1.00,-9999.00,-9999.00,-9999.00,1.507
75250,2337.67,1963.04,375.81,31.16,0.97,-9999.00,-9999.00,-9999.00,1.512
75251,2231.81,1932.24,429.41,36.61,1.21,-9999.00,-9999.00,-9999.00,1.508
75252,2232.12,1962.46,415.59,35.84,1.11,-9999.00,-9999.00,-9999.00,1.509
75253,2126.95,1977.17,393.40,34.88,1.44,-9999.00,-9999.00,-9999.00,1.510
75254,2172.52,1977.75,395.91,35.00,1.27,-9999.00,-9999.00,-9999.00,1.504
75255,2188.32,1948.50,410.73,36.15,1.19,-9999.00,-9999.00,-9999.00,1.512
75256,2277.21,1962.59,343.49,30.18,0.99,-9999.00,-9999.00,-9999.00,1.505
75257,2247.06,1932.47,365.95,28.57,0.84,-9999.00,-9999.00,-9999.00,1.509
75258,2217.22,1977.52,398.24,31.72,0.98,-9999.00,-9999.00,-9999.00,1.509
75259,2099.03,1979.09,408.74,36.38,1.18,-9999.00,-9999.00,-9999.00,1.510
75260,2160.10,1995.10,390.92,31.55,1.03,-9999.00,-9999.00,-9999.00,1.510
75261,2098.07,1963.19,395.75,35.71,1.27,-9999.00,-9999.00,-9999.00,1.506
75262,2127.39,1962.59,420.24,36.09,1.17,-9999.00,-9999.00,-9999.00,1.505
75263,2158.29,1978.43,405.11,38.14,1.61,-9999.00,-9999.00,-9999.00,1.507
75264,2265.29,1965.25,416.32,34.89,1.15,-9999.00,-9999.00,-9999.00,1.507
75265,2340.01,1935.01,411.40,36.96,1.19,-9999.00,-9999.00,-9999.00,1.506
75266,2189.51,1949.56,395.10,31.54,0.96,-9999.00,-9999.00,-9999.00,1.504
75267,2083.60,1948.69,383.89,31.66,1.03,-9999.00,-9999.00,-9999.00,1.505
75268,2158.82,1918.95,400.88,33.39,1.09,-9999.00,-9999.00,-9999.00,1.509
75269,2084.52,1934.56,408.34,33.11,1.00,-9999.00,-9999.00,-9999.00,1.503
75270,2114.64,1949.66,426.55,38.82,1.48,-9999.00,-9999.00,-9999.00,1.510
75271,1995.22,1950.21,444.86,37.44,1.20,-9999.00,-9999.00,-9999.00,1.510
75272,1981.14,1936.11,422.52,36.09,1.16,-9999.00,-9999.00,-9999.00,1.507
75273,2071.09,1906.00,435.05,38.69,1.31,-9999.00,-9999.00,-9999.00,1.511
75274,2115.98,1920.89,432.48,38.15,1.23,-9999.00,-9999.00,-9999.00,1.512
75275,2190.50,1890.43,442.43,37.23,1.16,-9999.00,-9999.00,-9999.00,1.510
75276,2189.77,1919.80,425.69,36.50,1.18,-9999.00,-9999.00,-9999.00,1.511
75277,2340.06,1935.05,440.72,35.73,1.09,-9999.00,-9999.00,-9999.00,1.505
75278,2280.15,1920.13,433.69,35.47,1.08,-9999.00,-9999.00,-9999.00,1.508
75279,2160.64,1890.56,384.32,31.99,1.03,-9999.00,-9999.00,-9999.00,1.510
75280,2296.26,1891.04,413.20,35.71,1.34,-9999.00,-9999.00,-9999.00,1.511
75281,2235.77,1920.66,423.80,36.94,1.26,-9999.00,-9999.00,-9999.00,1.508
75282,2281.40,1936.19,439.95,35.15,1.06,-9999.00,-9999.00,-9999.00,1.513
75283,2130.19,1920.17,437.19,38.08,1.25,-9999.00,-9999.00,-9999.00,1.513
75284,2130.11,1950.10,433.78,39.48,1.37,-9999.00,-9999.00,-9999.00,1.513
75285,2174.97,1934.97,430.20,37.56,1.23,-9999.00,-9999.00,-9999.00,1.510
75286,2145.77,1950.70,425.47,39.77,1.41,-9999.00,-9999.00,-9999.00,1.510
75287,2144.98,1934.98,416.14,38.41,1.30,-9999.00,-9999.00,-9999.00,1.515
75288,2221.25,1951.10,426.95,36.88,1.21,-9999.00,-9999.00,-9999.00,1.511
75289,2130.52,1965.48,413.55,35.31,1.11,-9999.00,-9999.00,-9999.00,1.510
75290,2205.41,1950.36,460.43,40.80,1.49,-9999.00,-9999.00,-9999.00,1.512
75291,2175.42,1935.38,452.82,37.71,1.16,-9999.00,-9999.00,-9999.00,1.504
75292,2161.30,1936.16,457.81,39.47,1.25,-9999.00,-9999.00,-9999.00,1.510
75293,2160.71,1965.64,428.81,36.70,1.18,-9999.00,-9999.00,-9999.00,1.511
75294,2311.57,1951.32,440.16,34.43,1.03,-9999.00,-9999.00,-9999.00,1.511
75295,2146.53,1936.38,377.27,33.35,1.17,-9999.00,-9999.00,-9999.00,1.508
75296,2176.57,1966.41,448.05,40.02,1.34,-9999.00,-9999.00,-9999.00,1.510
75297,2222.06,1936.80,395.98,31.75,0.96,-9999.00,-9999.00,-9999.00,1.511
75298,2401.30,1966.07,411.97,35.19,1.13,-9999.00,-9999.00,-9999.00,1.509
75299,2296.32,1966.13,457.59,38.59,1.29,-9999.00,-9999.00,-9999.00,1.515
75300,2295.45,1935.38,444.27,36.29,1.11,-9999.00,-9999.00,-9999.00,1.514
75301,2265.29,1935.25,445.21,38.46,1.34,-9999.00,-9999.00,-9999.00,1.512
75302,2280.19,1935.16,446.76,37.21,1.21,-9999.00,-9999.00,-9999.00,1.510
75303,2356.28,1936.05,382.62,34.52,1.18,-9999.00,-9999.00,-9999.00,1.510
75304,2280.67,1935.57,410.34,32.61,0.99,-9999.00,-9999.00,-9999.00,1.511
75305,2205.34,1935.30,409.58,31.65,0.93,-9999.00,-9999.00,-9999.00,1.507
75306,2115.17,1935.16,424.35,37.32,1.22,-9999.00,-9999.00,-9999.00,1.509
75307,2174.61,1949.65,436.52,36.28,1.18,-9999.00,-9999.00,-9999.00,1.512
75308,2054.45,1949.47,462.40,36.71,1.12,-9999.00,-9999.00,-9999.00,1.507
75309,2131.24,1966.14,449.97,38.54,1.29,-9999.00,-9999.00,-9999.00,1.507
75310,2101.34,1981.26,435.50,36.30,1.16,-9999.00,-9999.00,-9999.00,1.510
75311,2160.88,1965.80,421.97,40.45,1.44,-9999.00,-9999.00,-9999.00,1.513
75312,2085.98,1935.91,432.95,34.19,1.03,-9999.00,-9999.00,-9999.00,1.514
75313,2100.53,1965.50,463.94,40.11,1.30,-9999.00,-9999.00,-9999.00,1.511
75314,2010.00,1965.00,470.57,42.43,1.69,-9999.00,-9999.00,-9999.00,1.507
75315,2130.86,1980.80,424.73,34.40,1.08,-9999.00,-9999.00,-9999.00,1.511
75316,2161.39,1996.28,472.40,40.58,1.38,-9999.00,-9999.00,-9999.00,1.510
75317,2101.43,1981.35,430.38,36.26,1.22,-9999.00,-9999.00,-9999.00,1.511
75318,2116.12,1996.06,403.08,33.01,1.05,-9999.00,-9999.00,-9999.00,1.510
75319,2130.66,1995.62,437.55,36.51,1.15,-9999.00,-9999.00,-9999.00,1.511
75320,2026.01,2026.01,440.08,35.46,1.09,-9999.00,-9999.00,-9999.00,1.512
75321,2130.56,2025.54,451.17,40.69,1.43,-9999.00,-9999.00,-9999.00,1.506
75322,2130.02,1995.02,426.54,34.95,1.07,-9999.00,-9999.00,-9999.00,1.512
75323,2100.94,1995.89,454.65,37.45,1.16,-9999.00,-9999.00,-9999.00,1.507
75324,2130.28,2025.27,431.06,36.78,1.18,-9999.00,-9999.00,-9999.00,1.511
75325,2310.47,2025.41,493.59,39.42,1.21,-9999.00,-9999.00,-9999.00,1.514
75326,2205.11,2010.10,424.05,38.63,1.31,-9999.00,-9999.00,-9999.00,1.511
75327,2220.52,1995.47,458.34,36.19,1.10,-9999.00,-9999.00,-9999.00,1.511
75328,2144.43,1994.47,402.90,32.52,0.98,-9999.00,-9999.00,-9999.00,1.510
75329,2369.64,1994.70,427.66,35.56,1.12,-9999.00,-9999.00,-9999.00,1.511
75330,2369.49,2039.56,475.32,39.73,1.26,-9999.00,-9999.00,-9999.00,1.511
75331,2280.33,2010.29,442.21,36.15,1.11,-9999.00,-9999.00,-9999.00,1.513
75332,2204.89,1979.90,476.29,40.07,1.31,-9999.00,-9999.00,-9999.00,1.514
75333,2220.52,2010.47,475.61,42.07,1.38,-9999.00,-9999.00,-9999.00,1.510
75334,2294.38,2009.46,452.14,37.41,1.21,-9999.00,-9999.00,-9999.00,1.511
75335,2219.44,1979.50,451.96,39.11,1.25,-9999.00,-9999.00,-9999.00,1.507
75336,2265.27,2010.24,462.06,39.58,1.29,-9999.00,-9999.00,-9999.00,1.515
75337,2040.17,1950.16,519.17,40.77,1.23,-9999.00,-9999.00,-9999.00,1.511
75338,2009.97,1979.97,459.28,38.15,1.21,-9999.00,-9999.00,-9999.00,1.505
75339,2129.40,1979.44,467.16,43.48,1.60,-9999.00,-9999.00,-9999.00,1.510
75340,2144.73,1964.76,466.68,41.54,1.40,-9999.00,-9999.00,-9999.00,1.512
75341,2188.79,1948.92,463.83,38.21,1.18,-9999.00,-9999.00,-9999.00,1.513
75342,2084.35,1964.39,456.27,36.73,1.11,-9999.00,-9999.00,-9999.00,1.510
75343,2039.51,1979.53,431.48,37.49,1.22,-9999.00,-9999.00,-9999.00,1.508
75344,1993.83,1918.87,419.60,36.58,1.33,-9999.00,-9999.00,-9999.00,1.509
75345,2248.40,1933.63,489.39,39.47,1.22,-9999.00,-9999.00,-9999.00,1.508
75346,2174.99,1964.99,501.28,37.95,1.11,-9999.00,-9999.00,-9999.00,1.512
75347,2248.81,1963.96,433.89,36.64,1.15,-9999.00,-9999.00,-9999.00,1.508
75348,2053.08,1963.17,438.61,34.30,1.06,-9999.00,-9999.00,-9999.00,1.509
75349,2322.85,1978.17,483.31,39.08,1.23,-9999.00,-9999.00,-9999.00,1.510
75350,2337.78,1963.14,417.17,37.40,1.31,-9999.00,-9999.00,-9999.00,1.516
75351,2248.55,1963.73,417.05,38.43,1.38,-9999.00,-9999.00,-9999.00,1.511
75352,2038.98,1979.01,470.75,41.09,1.35,-9999.00,-9999.00,-9999.00,1.512
75353,2203.03,1978.23,438.33,35.87,1.12,-9999.00,-9999.00,-9999.00,1.510
75354,2216.90,1962.26,462.95,40.10,1.31,-9999.00,-9999.00,-9999.00,1.514
75355,2156.17,1961.52,492.79,42.81,1.39,-9999.00,-9999.00,-9999.00,1.513
75356,2097.61,1947.78,478.12,42.33,1.40,-9999.00,-9999.00,-9999.00,1.510
75357,2174.44,1949.50,439.53,35.77,1.11,-9999.00,-9999.00,-9999.00,1.510
75358,2188.18,1978.35,476.79,39.59,1.23,-9999.00,-9999.00,-9999.00,1.513
75359,2156.92,1962.20,435.49,37.61,1.20,-9999.00,-9999.00,-9999.00,1.508
75360,2128.04,1933.22,469.08,40.74,1.33,-9999.00,-9999.00,-9999.00,1.510
75361,2098.42,1948.53,417.84,33.55,1.04,-9999.00,-9999.00,-9999.00,1.509
75362,2128.67,1948.78,455.95,35.97,1.10,-9999.00,-9999.00,-9999.00,1.506
75363,2098.40,1933.52,420.19,34.58,1.05,-9999.00,-9999.00,-9999.00,1.509
75364,2053.57,1948.64,464.77,40.17,1.32,-9999.00,-9999.00,-9999.00,1.511
75365,2128.26,1918.44,488.98,41.21,1.32,-9999.00,-9999.00,-9999.00,1.510
75366,2052.63,1932.77,444.08,38.42,1.34,-9999.00,-9999.00,-9999.00,1.512
75367,2067.68,1932.83,470.15,39.07,1.22,-9999.00,-9999.00,-9999.00,1.510
75368,1947.83,1962.82,442.79,38.03,1.24,-9999.00,-9999.00,-9999.00,1.510
75369,2217.65,1932.95,479.61,38.23,1.15,-9999.00,-9999.00,-9999.00,1.512
75370,2126.88,1932.16,455.74,38.53,1.21,-9999.00,-9999.00,-9999.00,1.510
75371,2157.72,1932.96,430.58,36.40,1.19,-9999.00,-9999.00,-9999.00,1.509
75372,2097.55,1962.71,458.41,40.72,1.53,-9999.00,-9999.00,-9999.00,1.509
75373,2067.15,1962.30,451.79,37.86,1.20,-9999.00,-9999.00,-9999.00,1.506
75374,2261.65,1977.07,457.17,36.51,1.11,-9999.00,-9999.00,-9999.00,1.508
75375,2202.08,1947.42,466.66,40.26,1.34,-9999.00,-9999.00,-9999.00,1.511
75376,2231.54,1932.01,437.05,36.77,1.14,-9999.00,-9999.00,-9999.00,1.510
75377,2231.09,1946.59,385.29,32.80,1.09,-9999.00,-9999.00,-9999.00,1.505
75378,2217.19,1947.53,471.79,42.65,1.48,-9999.00,-9999.00,-9999.00,1.506
75379,2277.83,1918.17,479.40,40.24,1.27,-9999.00,-9999.00,-9999.00,1.508
75380,2293.52,1918.76,433.80,34.95,1.05,-9999.00,-9999.00,-9999.00,1.511
75381,2339.18,1904.33,407.70,33.56,1.06,-9999.00,-9999.00,-9999.00,1.512
75382,2233.67,1918.85,404.95,33.85,1.06,-9999.00,-9999.00,-9999.00,1.508
75383,2444.17,1949.34,453.99,37.59,1.20,-9999.00,-9999.00,-9999.00,1.510
75384,2340.75,1920.61,405.11,34.38,1.14,-9999.00,-9999.00,-9999.00,1.509
75385,2220.92,1920.80,426.61,34.70,1.08,-9999.00,-9999.00,-9999.00,1.506
75386,2236.03,1920.89,451.07,38.76,1.32,-9999.00,-9999.00,-9999.00,1.517
75387,2206.23,1921.07,450.41,37.74,1.23,-9999.00,-9999.00,-9999.00,1.511
75388,2221.66,1906.42,396.11,33.01,1.06,-9999.00,-9999.00,-9999.00,1.511
75389,2311.80,1921.50,408.52,31.66,0.96,-9999.00,-9999.00,-9999.00,1.511
75390,2296.55,1936.30,434.11,35.55,1.11,-9999.00,-9999.00,-9999.00,1.510
75391,2311.90,1921.58,427.12,35.26,1.12,-9999.00,-9999.00,-9999.00,1.510
75392,2297.59,1922.17,462.00,39.12,1.29,-9999.00,-9999.00,-9999.00,1.509
75393,2238.44,1922.96,459.49,34.95,1.02,-9999.00,-9999.00,-9999.00,1.509
75394,2164.20,1923.74,395.23,31.71,0.96,-9999.00,-9999.00,-9999.00,1.510
75395,2133.75,1923.38,400.41,32.40,0.99,-9999.00,-9999.00,-9999.00,1.510
75396,2164.44,1923.95,445.67,36.17,1.09,-9999.00,-9999.00,-9999.00,1.509
75397,2074.99,1924.62,447.81,36.13,1.16,-9999.00,-9999.00,-9999.00,1.508
75398,2045.28,1909.93,410.45,32.38,1.03,-9999.00,-9999.00,-9999.00,1.513
75399,2060.39,1909.99,391.91,31.48,0.95,-9999.00,-9999.00,-9999.00,1.510
75400,2091.20,1910.66,415.73,35.90,1.28,-9999.00,-9999.00,-9999.00,1.509
75401,2091.73,1911.15,367.02,30.78,0.98,-9999.00,-9999.00,-9999.00,1.511
75402,2002.73,1912.38,438.69,38.67,1.24,-9999.00,-9999.00,-9999.00,1.506
75403,2032.64,1912.19,421.22,35.52,1.17,-9999.00,-9999.00,-9999.00,1.506
75404,2138.04,1897.13,396.04,33.10,1.06,-9999.00,-9999.00,-9999.00,1.510
