NASA Intern/Datasets/LARGE/SASA-LARGE-OPTICAL_P3B_20220706_RA.ict
87,1001
Richard Moore, Luke Ziemba, Edward Winstead, Michael Shook, Claire Robinson, John Barrick, Bruce Anderson, and Ali Omar
NASA Langley
In-situ optical aerosol measurements from the NASA P3B
NASA SASA
1,1
2022,07,06,2022,07,7
1.0
Time_Mid,Secs after midnight,Time of acquisition
19
1,1,1,1,1,1,1,1,1,1,1,1,1,1,1,1,1,1,1
-9999,-9999,-9999,-9999,-9999,-9999,-9999,-9999,-9999,-9999,-9999,-9999,-9999,-9999,-9999,-9999,-9999,-9999,-9999
Sc550_total_amb, Mm-1, AerOpt_Scattering_InSitu_Green_RHa_Bulk_STP, scattering coefficient of ambient  particles at 550nm
Sc450_total, Mm-1, AerOpt_Scattering_InSitu_Blue_RHd_Bulk_STP, Dry Scattering at 450nm (Total Aerosols)
Sc550_total, Mm-1, AerOpt_Scattering_InSitu_Green_RHd_Bulk_STP, Dry Scattering at 550nm (Total Aerosols)
Sc700_total, Mm-1, AerOpt_Scattering_InSitu_Red_RHd_Bulk_STP, Dry Scattering at 700nm (Total Aerosols)
Abs470_total, Mm-1, AerOpt_Absorption_InSitu_Blue_RHd_Bulk_STP, Dry absorption at 470nm (Total Aerosols)
Abs532_total, Mm-1, AerOpt_Absorption_InSitu_Green_RHd_Bulk_STP, Dry absorption at 532nm (Total Aerosols)
Abs660_total, Mm-1, AerOpt_Absorption_InSitu_Red_RHd_Bulk_STP, Dry absorption at 660nm (Total Aerosols)
Ext532_total_amb, Mm-1, AerOpt_Extinction_InSitu_Green_RHa_Bulk_STP, extinction coefficient of aerosols at 532nm for AMBIENT relative humidity
Ext532_total_dry, Mm-1, AerOpt_Extinction_InSitu_Green_RHd_Bulk_STP, extinction coefficient of aerosols at 532nm for DRY relative humidity
gamma550, unitless, AerOpt_Gamma_InSitu_Green_None_Bulk_STP, derived hygroscopic growth factor for particles at 550nm
fRH550_RH20to80, unitless, AerOpt_fRHScat_InSitu_Green_RHsp_Bulk_STP, derived hygroscopic growth parameter for particles at 550nm
AEscatAMB_450to700nm,unitless, AerOpt_AngstromExponentScat_InSitu_BluetoRed_RHa_Bulk_STP, derived ambient Angstrom Exponent for scattering coefficient over wavelength range from 450nm to 700nm
AEscatDRY_450to700nm,unitless, AerOpt_AngstromExponentScatInSitu_BluetoRed_RHd_Bulk_STP, derived dry Angstrom Exponent for scattering coefficient over wavelength range from 450nm to 700nm
AEabsDRY_470to660nm,unitless, AerOpt_AngstromExponentAbs_InSitu_BluetoRed_RHd_Bulk_STP, derived dry Angstrom Exponent for absorption coefficient over wavelength range from 450nm to 700nm
SSA_dry_450nm,unitless, AerOpt_SSA_InSitu_Blue_RHd_Bulk_STP, single_scattering_albedo_at_450nm_as_derived_from_dry_scattering_and_absorption
SSA_dry_550nm,unitless, AerOpt_SSA_InSitu_Green_RHd_Bulk_STP, single_scattering_albedo_at_550nm_as_derived_from_dry_scattering_and_absorption
SSA_dry_700nm,unitless, AerOpt_SSA_InSitu_Red_RHd_Bulk_STP, single_scattering_albedo_at_700nm_as_derived_from_dry_scattering_and_absorption
SSA_amb_550nm,unitless, AerOpt_SSA_InSitu_Green_RHa_Bulk_STP, single_scattering_albedo_at_550nm_as_derived_from_ambient_scattering_and_absorption
stdPT,unitless, None, Conversion factor to convert between ambient and standard pressure and temperature conditions
0
54
******************************************************************************************************************
Langley Aerosol data from the 2022 SASA field campaign
 
PI_CONTACT_INFO: richard.h.moore@nasa.gov
PLATFORM: NASA P3B aircraft
LOCATION: Latitude, Longitude, and Altitude included in MetNav files
ASSOCIATED_DATA: N/A
[...]
ANGSTROM EXPONENT AND SSA CALCULATIONS: 
	- The Absorption coefficients were corrected to the wavelengths of the TSI nepholometer using the measured angstrom exponents
	- The scattering and absorption coefficients were smoothed with a 30s running average to compute the SSA and AE
	- Ambient SSA is calculated with ambient scattering and dry absorption
	- SSA is computed only when both scattering and absorption are greater than 1 Mm-1
	- Scattering Angstrom Exponents are computed only when relevant scattering measurements are greater than 1 Mm-1
	- Absorption Angstrom Exponents are computed only when relevant absorption measurements are greater than 2 Mm-1
DATA_INFO: Aerosol measurements are reported at standard temperature and pressure (0 deg C, 1013 mb)
UNCERTAINTY: all data are 5%
ULOD_FLAG: -7777
ULOD_VALUE: N/A
LLOD_FLAG: -8888
LLOD_VALUE: N/A
DM_CONTACT_INFO: Michael Shook (michael.shook@nasa.gov)
PROJECT_INFO: SASA 2022
STIPULATIONS_ON_USE: This is FIELD data. Please consult the PI and/or DM prior to use.
OTHER_COMMENTS: Ambient calculations currently use RH data from field Hsking files. Once available, calculations will be updated with final MetNav data.
REVISION: RA
RA: None
******************************************************************************************************************
Time_Mid,Sc550_total_amb,Sc450_total,Sc550_total,Sc700_total,Abs470_total,Abs532_total,Abs660_total,Ext532_total_amb,Ext532_total_dry,gamma550,fRH550_RH20to80,AEscatAMB_450to700nm,AEscatDRY_450to700nm,AEabsDRY_470to660nm,SSA_dry_450nm,SSA_dry_550nm,SSA_dry_700nm,SSA_amb_550nm,stdPT
[from data line 6972]
60872,-9999.00,45.93,29.07,12.59,3.36,2.30,0.97,-9999.00,33.56,-9999.00,-9999.00,-9999,2.60,-9999,0.949,0.936,0.900,-9999,1.153
60873,-9999.00,49.45,30.16,13.69,2.77,2.21,1.36,-9999.00,34.65,-9999.00,-9999.00,-9999,2.61,-9999,0.948,0.936,0.899,-9999,1.147
60874,-9999.00,49.41,30.28,14.20,1.64,1.37,1.83,-9999.00,33.96,-9999.00,-9999.00,-9999,2.62,-9999,0.947,0.938,0.895,-9999,1.148
60875,-9999.00,47.33,27.48,12.64,0.62,0.86,1.87,-9999.00,30.44,-9999.00,-9999.00,-9999,2.63,-9999,0.945,0.937,0.885,-9999,1.147
60876,-9999.00,45.33,24.75,11.11,0.95,1.12,2.06,-9999.00,27.78,-9999.00,-9999.00,-9999,2.64,-9999,0.945,0.933,0.882,-9999,1.146
60877,-9999.00,45.13,26.02,11.26,2.23,0.47,0.73,-9999.00,28.52,-9999.00,-9999.00,-9999,2.64,-9999,0.947,0.930,0.884,-9999,1.146
60878,-9999.00,44.75,27.22,11.41,1.42,1.07,-0.02,-9999.00,30.46,-9999.00,-9999.00,-9999,2.65,-9999,0.946,0.928,0.884,-9999,1.148
60879,-9999.00,39.91,29.73,10.81,1.61,2.58,1.36,-9999.00,34.73,-9999.00,-9999.00,-9999,2.69,-9999,0.944,0.927,0.880,-9999,1.147
60880,-9999.00,40.57,30.17,11.88,3.41,2.43,2.31,-9999.00,35.13,-9999.00,-9999.00,-9999,2.73,-9999,0.943,0.926,0.877,-9999,1.147
60881,-9999.00,41.16,30.54,12.95,3.32,2.50,1.79,-9999.00,35.60,-9999.00,-9999.00,-9999,2.74,-9999,0.943,0.926,0.875,-9999,1.148
60882,-9999.00,39.59,29.99,12.30,1.62,1.45,1.39,-9999.00,33.93,-9999.00,-9999.00,-9999,2.73,0.62,0.943,0.925,0.871,-9999,1.148
60883,-9999.00,38.97,28.65,12.60,1.02,-0.05,2.36,-9999.00,30.97,-9999.00,-9999.00,-9999,2.74,0.62,0.943,0.923,0.871,-9999,1.152
60884,-9999.00,42.36,25.68,11.83,2.29,1.60,3.24,-9999.00,29.45,-9999.00,-9999.00,2.59,2.77,0.73,0.942,0.923,0.872,0.938,1.146
60885,-9999.00,45.28,22.79,11.05,2.80,2.50,1.01,-9999.00,27.25,-9999.00,-9999.00,2.65,2.79,0.72,0.941,0.923,0.869,0.939,1.148
60886,-9999.00,43.24,23.79,12.84,1.65,2.27,-0.05,-9999.00,28.13,-9999.00,-9999.00,2.63,2.79,0.72,0.940,0.923,0.867,0.942,1.151
60887,-9999.00,41.27,24.86,14.68,3.05,4.57,3.16,-9999.00,31.60,-9999.00,-9999.00,2.63,2.79,0.65,0.940,0.922,0.864,0.941,1.149
60888,-9999.00,41.41,25.06,14.53,5.80,4.71,3.45,-9999.00,31.95,-9999.00,-9999.00,2.63,2.80,0.53,0.940,0.921,0.859,0.940,1.149
60889,-9999.00,41.53,25.24,14.38,5.34,2.32,3.53,-9999.00,29.75,-9999.00,-9999.00,2.63,2.80,0.53,0.941,0.920,0.860,0.940,1.150
60890,-9999.00,42.35,25.03,14.33,4.86,2.68,6.13,-9999.00,29.88,-9999.00,-9999.00,2.63,2.79,0.59,0.941,0.920,0.863,0.940,1.148
60891,-9999.00,43.29,24.90,14.34,3.31,5.00,3.24,-9999.00,32.04,-9999.00,-9999.00,2.47,2.77,0.72,0.941,0.924,0.869,0.944,1.148
60892,-9999.00,43.24,24.88,15.14,0.69,4.06,1.19,-9999.00,31.06,-9999.00,-9999.00,2.47,2.76,-9999,0.943,0.928,0.878,0.947,1.147
60893,-9999.00,46.37,24.65,12.44,3.09,2.25,1.60,-9999.00,29.02,-9999.00,-9999.00,2.48,2.77,-9999,0.944,0.928,0.880,0.947,1.148
60894,-9999.00,49.05,24.32,9.81,4.32,2.53,1.67,-9999.00,28.95,-9999.00,-9999.00,2.55,2.76,-9999,0.945,0.928,0.878,0.947,1.147
60895,-9999.00,48.33,21.00,10.35,2.59,2.11,2.72,-9999.00,24.95,-9999.00,-9999.00,2.55,2.74,-9999,0.948,0.930,0.885,0.949,1.151
60896,-9999.00,46.04,24.64,13.64,3.25,1.76,3.05,-9999.00,28.62,-9999.00,-9999.00,2.49,2.74,-9999,0.952,0.934,0.893,0.953,1.148
60897,-9999.00,44.61,28.41,16.95,2.25,3.55,3.52,-9999.00,34.59,-9999.00,-9999.00,2.49,2.73,-9999,0.954,0.937,0.894,0.955,1.149
60898,-9999.00,45.84,29.62,14.12,2.31,4.30,2.46,-9999.00,36.70,-9999.00,-9999.00,2.42,2.71,-9999,0.952,0.935,0.891,0.955,1.148
60899,34.14,47.67,29.32,13.47,4.62,2.37,1.43,39.34,34.48,0.07,1.10,2.42,2.70,-9999,0.950,0.929,0.891,0.952,1.151
60900,34.88,46.68,28.15,13.68,3.80,1.48,1.57,39.27,32.29,0.10,1.14,2.42,2.70,-9999,0.950,0.927,0.895,0.950,1.151
60901,39.94,45.72,26.99,13.91,2.00,1.79,2.33,45.07,31.30,0.16,1.25,2.42,2.68,-9999,0.947,0.926,0.891,0.948,1.150
60902,-9999.00,45.82,26.99,13.22,2.00,2.35,4.13,-9999.00,31.86,0.16,1.26,2.40,2.68,-9999,0.944,0.923,0.885,0.946,1.148
60903,-9999.00,45.82,30.53,10.89,2.93,3.77,3.27,-9999.00,37.15,0.11,1.17,2.39,2.68,-9999,0.944,0.925,0.886,0.947,1.147
60904,-9999.00,44.83,29.21,12.31,2.03,3.16,0.77,-9999.00,35.09,0.13,1.20,2.39,2.70,-9999,0.947,0.929,0.889,0.950,1.147
60905,-9999.00,43.98,27.91,14.09,0.92,0.51,-0.08,-9999.00,31.01,0.15,1.23,2.39,2.71,-9999,0.952,0.934,0.896,0.953,1.147
60906,39.97,43.95,27.97,14.11,0.03,-2.41,-1.47,40.93,28.14,0.16,1.24,2.39,2.73,-9999,0.956,0.939,0.909,0.956,1.150
60907,-9999.00,43.57,26.09,12.33,-1.59,-2.85,-2.62,-9999.00,25.64,0.19,1.30,2.39,2.74,-9999,0.960,0.945,0.918,0.961,1.147
60908,35.06,43.15,24.21,10.56,0.46,0.08,-0.27,38.09,26.50,0.17,1.26,2.38,2.75,-9999,0.962,0.950,0.923,0.964,1.150
60909,37.61,42.87,23.76,12.20,0.46,1.28,0.78,42.06,27.17,0.21,1.33,2.37,2.75,-9999,0.963,0.952,0.924,0.966,1.150
60910,-9999.00,42.58,23.26,13.89,-2.76,-0.57,-1.65,-9999.00,24.73,0.19,1.30,2.36,2.72,-9999,0.964,0.952,0.923,0.966,1.146
60911,39.10,42.96,22.11,14.10,-2.27,-1.97,-1.78,40.42,22.06,0.21,1.34,2.36,2.69,-9999,0.964,0.953,0.924,0.966,1.147
60912,-9999.00,43.70,20.93,14.29,0.13,-0.94,1.08,-9999.00,21.80,0.24,1.39,2.35,2.69,-9999,0.965,0.953,0.926,0.966,1.147
60913,42.67,33.36,21.85,15.22,3.82,2.62,3.65,48.81,26.36,0.25,1.42,2.33,2.70,-9999,0.964,0.954,0.929,0.967,1.147
60914,-9999.00,40.71,23.94,14.29,3.82,4.95,2.40,-9999.00,30.94,0.20,1.31,2.33,2.69,-9999,0.963,0.956,-9999.000,0.969,1.146
60915,38.01,42.42,26.99,12.70,3.05,4.29,1.32,45.37,33.59,0.14,1.21,2.30,2.70,-9999,0.968,0.958,-9999.000,0.970,1.148
60916,37.27,46.08,27.88,14.15,6.87,4.05,3.74,44.31,34.33,0.12,1.18,2.29,2.70,-9999,0.971,0.958,-9999.000,0.971,1.149
60917,33.51,49.82,28.85,15.65,7.17,4.75,3.41,40.95,36.06,0.07,1.10,2.27,2.71,-9999,0.970,0.958,-9999.000,0.971,1.149
60918,36.80,49.48,28.84,15.63,3.66,3.53,2.64,43.24,34.82,0.10,1.15,2.28,2.71,-9999,0.971,0.960,-9999.000,0.972,1.148
60919,-9999.00,47.12,29.13,13.98,0.71,0.56,2.12,-9999.00,32.19,0.13,1.19,2.30,2.69,-9999,0.973,-9999.000,-9999.000,-9999.000,1.146
60920,37.75,44.67,29.38,12.36,-1.23,-1.71,-0.71,39.04,30.22,0.10,1.15,2.31,2.67,-9999,0.974,-9999.000,-9999.000,-9999.000,1.148
60921,37.76,42.15,27.27,11.81,-1.41,-1.81,-1.35,38.97,27.85,0.15,1.23,2.31,2.67,-9999,0.975,-9999.000,-9999.000,-9999.000,1.149
60922,42.43,39.65,25.18,11.28,-2.96,-0.61,-1.84,45.20,26.76,0.20,1.31,2.31,2.68,-9999,0.975,-9999.000,-9999.000,-9999.000,1.147
60923,36.47,42.30,27.57,12.13,-2.21,-0.52,-1.80,38.88,29.43,0.13,1.19,2.31,2.67,-9999,0.972,0.960,-9999.000,0.972,1.150
60924,34.03,44.93,29.96,12.98,1.44,0.47,1.03,37.22,32.99,0.06,1.08,2.30,2.66,-9999,0.970,0.956,-9999.000,0.970,1.150
60925,39.54,44.10,27.93,13.31,3.55,2.41,2.77,45.10,32.69,0.15,1.24,2.27,2.65,-9999,0.968,0.957,-9999.000,0.970,1.150
60926,-9999.00,43.23,25.89,13.66,2.80,1.88,2.41,-9999.00,29.94,0.13,1.19,2.28,2.67,-9999,0.964,0.956,0.927,0.970,1.147
60927,39.27,42.03,22.57,13.48,0.99,1.38,2.07,43.80,25.81,0.21,1.33,2.28,2.69,-9999,0.963,0.954,0.924,0.968,1.147
60928,38.33,38.31,24.51,12.71,3.50,2.41,1.53,43.82,28.90,0.18,1.29,2.28,2.71,-9999,0.964,0.953,0.925,0.967,1.149
60929,36.72,34.16,26.53,11.95,2.77,1.95,0.31,41.58,30.63,0.15,1.23,2.29,2.75,-9999,0.966,0.952,0.924,0.967,1.150
60930,39.45,43.30,25.71,10.95,-1.81,0.82,-0.34,43.40,28.64,0.16,1.25,2.27,2.78,-9999,0.965,0.954,0.920,0.968,1.148
60931,38.38,43.55,25.92,12.08,-0.27,1.03,1.89,42.43,29.10,0.17,1.27,2.27,2.80,-9999,0.964,0.956,0.921,0.970,1.149
60932,37.66,40.35,27.02,10.16,2.26,1.71,2.01,42.32,30.98,0.15,1.24,2.25,2.82,-9999,0.967,0.959,-9999.000,0.972,1.151
60933,44.17,41.79,25.52,12.26,1.55,0.90,-0.17,48.51,28.55,0.20,1.32,2.25,2.84,-9999,0.972,-9999.000,-9999.000,-9999.000,1.147
60934,37.26,43.06,23.93,14.64,0.24,-1.06,0.93,39.10,24.85,0.20,1.32,2.26,2.86,-9999,0.974,-9999.000,-9999.000,-9999.000,1.150
60935,35.82,43.35,24.45,14.23,-0.43,-1.68,-0.68,36.93,24.81,0.16,1.24,2.26,2.88,-9999,0.973,-9999.000,-9999.000,-9999.000,1.149
60936,36.42,43.67,24.99,13.84,-0.36,-0.68,-2.16,38.54,26.43,0.16,1.24,2.24,2.88,-9999,0.971,0.961,-9999.000,0.973,1.149
60937,35.27,39.08,25.09,12.29,0.48,1.47,1.19,39.44,28.70,0.16,1.25,2.23,2.89,-9999,0.971,0.958,-9999.000,0.972,1.151
60938,37.94,34.27,25.20,10.77,2.53,3.54,4.14,44.38,30.90,0.15,1.24,2.23,2.90,-9999,0.970,0.957,-9999.000,0.971,1.148
60939,-9999.00,36.71,24.90,10.87,2.93,3.04,3.42,-9999.00,30.09,0.15,1.24,2.21,2.90,-9999,0.967,0.957,0.919,0.971,1.147
60940,40.89,38.73,24.34,11.13,2.36,1.14,0.81,45.06,27.59,0.19,1.30,2.21,2.90,-9999,0.967,0.956,0.918,0.971,1.148
60941,40.44,40.41,25.86,10.86,2.26,0.20,-0.41,43.62,28.32,0.16,1.25,2.21,2.90,-9999,0.969,0.955,0.919,0.970,1.148
60942,-9999.00,42.11,27.38,10.71,0.07,-0.25,-0.73,-9999.00,29.53,0.14,1.21,2.21,2.91,-9999,0.968,0.954,0.918,0.970,1.147
60943,-9999.00,42.05,27.06,9.98,-1.33,0.93,0.22,-9999.00,30.34,0.16,1.25,2.22,2.90,-9999,0.965,0.953,0.914,0.968,1.147
60944,38.92,40.83,24.04,9.56,1.41,2.97,3.47,44.76,29.10,0.22,1.35,2.22,2.91,-9999,0.966,0.954,0.914,0.969,1.150
60945,41.41,39.51,21.05,9.16,4.29,2.90,3.85,47.37,25.80,0.25,1.42,2.22,2.91,-9999,0.967,0.954,0.908,0.969,1.148
60946,-9999.00,40.25,21.05,9.15,4.65,2.32,0.65,-9999.00,25.23,0.25,1.42,2.23,2.89,-9999,0.963,0.951,0.900,0.967,1.146
60947,38.27,43.80,24.64,10.18,3.08,1.26,0.83,42.37,28.06,0.18,1.29,2.23,2.87,-9999,0.961,0.948,0.903,0.966,1.149
60948,-9999.00,47.28,28.23,11.21,0.41,0.63,2.55,-9999.00,31.36,0.12,1.18,2.22,2.84,-9999,0.960,0.947,0.905,0.965,1.147
60949,-9999.00,46.69,27.65,11.41,0.20,2.26,2.19,-9999.00,32.34,0.14,1.21,2.20,2.83,-9999,0.959,0.945,0.900,0.963,1.147
60950,-9999.00,46.11,27.06,11.60,2.22,1.99,1.69,-9999.00,31.41,0.16,1.24,2.17,2.84,-9999,0.957,0.942,0.897,0.961,1.148
60951,38.21,49.04,27.10,12.65,1.48,0.79,0.15,41.84,30.25,0.13,1.20,2.13,2.85,-9999,0.955,0.938,0.893,0.959,1.148
60952,-9999.00,46.07,26.20,11.82,-1.06,0.47,-0.96,-9999.00,28.90,0.14,1.22,2.12,2.86,-9999,0.953,0.934,0.885,0.956,1.146
60953,-9999.00,43.10,25.30,10.99,-0.85,-0.14,-0.87,-9999.00,27.33,0.16,1.25,2.11,2.86,-9999,0.951,0.933,0.878,0.955,1.147
60954,44.39,43.23,25.49,11.80,1.22,-0.28,-0.03,47.20,27.44,0.21,1.33,2.10,2.87,-9999,0.952,0.934,0.879,0.957,1.148
60955,-9999.00,42.77,25.04,12.11,1.07,1.40,1.61,-9999.00,28.66,0.16,1.25,2.10,2.88,-9999,0.953,0.936,0.883,0.958,1.147
60956,-9999.00,42.33,24.59,12.43,1.01,2.69,1.95,-9999.00,29.48,0.21,1.34,2.09,2.87,-9999,0.954,0.937,0.885,0.959,1.146
60957,-9999.00,43.57,26.18,13.45,4.08,2.80,3.20,-9999.00,31.33,0.16,1.25,2.04,2.85,-9999,0.954,0.937,0.885,0.958,1.147
60958,-9999.00,44.82,27.78,14.48,4.83,3.13,3.95,-9999.00,33.41,0.14,1.21,2.04,2.83,-9999,0.953,0.935,0.884,0.957,1.147
60959,39.98,42.06,26.40,13.42,2.30,1.59,1.65,44.15,30.39,0.17,1.27,2.04,2.81,-9999,0.952,0.933,0.883,0.956,1.149
60960,-9999.00,39.37,25.07,12.38,2.04,1.76,2.87,-9999.00,29.10,0.20,1.33,2.01,2.81,-9999,0.953,0.934,0.887,0.957,1.147
60961,-9999.00,42.57,25.75,14.47,3.11,3.46,4.03,-9999.00,31.54,0.20,1.31,2.05,2.79,-9999,0.954,0.935,0.890,0.957,1.145
60962,-9999.00,45.69,26.39,16.57,3.27,3.30,1.09,-9999.00,32.06,-9999.00,-9999.00,2.05,2.78,-9999,0.955,0.935,0.887,0.957,1.148
60963,-9999.00,42.76,26.25,14.97,3.72,3.09,1.20,-9999.00,31.70,-9999.00,-9999.00,2.04,2.78,-9999,0.955,0.935,0.884,0.957,1.146
60964,-9999.00,39.72,26.09,13.38,3.25,2.52,2.77,-9999.00,30.96,-9999.00,-9999.00,2.04,2.78,-9999,0.953,0.934,0.887,0.957,1.146
60965,-9999.00,41.32,25.99,12.59,2.46,1.81,2.16,-9999.00,30.14,-9999.00,-9999.00,2.04,2.77,-9999,0.952,0.935,0.887,0.957,1.146
60966,-9999.00,42.90,25.88,11.81,2.20,2.37,0.92,-9999.00,30.57,-9999.00,-9999.00,2.04,2.75,-9999,0.954,0.937,0.891,0.958,1.146
60967,-9999.00,42.82,30.33,13.28,2.61,3.07,1.85,-9999.00,36.11,-9999.00,-9999.00,2.03,2.74,-9999,0.953,0.937,0.894,0.960,1.145
60968,-9999.00,44.27,27.51,12.62,3.47,3.13,4.66,-9999.00,33.11,-9999.00,-9999.00,2.03,2.73,-9999,0.951,0.935,0.889,0.959,1.145
60969,-9999.00,45.48,24.75,11.96,1.91,2.25,3.89,-9999.00,29.25,-9999.00,-9999.00,2.03,2.75,-9999,0.950,0.932,0.883,0.957,1.145
60970,-9999.00,44.95,24.66,12.78,0.88,0.85,1.25,-9999.00,27.79,-9999.00,-9999.00,2.16,2.77,-9999,0.951,0.930,0.879,0.953,1.147
60971,-9999.00,44.29,24.50,13.57,1.48,0.30,0.61,-9999.00,27.07,-9999.00,-9999.00,2.16,2.76,-9999,0.951,0.930,0.878,0.953,1.147
60972,-9999.00,43.82,25.95,15.49,2.03,0.62,-0.11,-9999.00,28.97,-9999.00,-9999.00,2.16,2.74,-9999,0.951,0.932,0.881,0.954,1.147
60973,-9999.00,44.67,26.72,15.12,2.39,1.73,0.24,-9999.00,30.91,-9999.00,-9999.00,2.16,2.73,-9999,0.954,0.934,0.891,0.956,1.151
60974,-9999.00,44.97,26.61,13.50,0.44,2.36,1.44,-9999.00,31.44,-9999.00,-9999.00,2.16,2.74,-9999,0.956,0.937,0.900,0.958,1.148
60975,-9999.00,45.19,26.42,11.87,0.44,1.93,1.75,-9999.00,30.83,-9999.00,-9999.00,-9999,2.77,-9999,0.957,0.939,0.901,-9999,1.147
60976,-9999.00,48.14,27.94,14.47,2.63,2.33,2.67,-9999.00,32.92,-9999.00,-9999.00,-9999,2.79,-9999,0.959,0.939,0.904,-9999,1.148
60977,-9999.00,46.90,27.24,12.47,3.10,2.91,3.22,-9999.00,32.76,-9999.00,-9999.00,-9999,2.81,-9999,0.961,0.941,0.906,-9999,1.150
60978,-9999.00,45.67,26.50,10.61,3.43,1.92,2.00,-9999.00,30.99,-9999.00,-9999.00,-9999,2.83,-9999,0.961,0.943,0.904,-9999,1.151
60979,-9999.00,45.46,26.34,10.47,3.13,0.94,1.23,-9999.00,29.86,-9999.00,-9999.00,-9999,2.85,-9999,0.961,0.943,0.903,-9999,1.150
60980,-9999.00,45.26,26.74,12.76,1.18,1.09,2.08,-9999.00,30.46,-9999.00,-9999.00,-9999,2.86,-9999,0.962,0.942,0.898,-9999,1.149
60981,-9999.00,45.05,27.06,15.24,0.59,0.81,0.30,-9999.00,30.56,-9999.00,-9999.00,-9999,2.87,-9999,0.964,0.942,0.894,-9999,1.149
60982,-9999.00,45.15,26.89,14.53,1.86,0.60,-1.15,-9999.00,30.18,-9999.00,-9999.00,-9999,2.87,-9999,0.964,0.943,0.895,-9999,1.151
60983,-9999.00,47.89,25.31,12.46,2.01,1.74,1.53,-9999.00,29.62,-9999.00,-9999.00,-9999,2.88,-9999,0.962,0.944,0.899,-9999,1.149
60984,-9999.00,51.13,23.99,10.47,0.52,2.83,2.64,-9999.00,29.27,-9999.00,-9999.00,-9999,2.89,-9999,0.962,0.944,0.905,-9999,1.150
60985,-9999.00,51.11,23.93,11.27,0.37,2.04,1.84,-9999.00,28.42,-9999.00,-9999.00,-9999,2.89,-9999,0.961,0.943,0.904,-9999,1.149
60986,-9999.00,44.89,24.35,13.15,1.17,1.06,2.50,-9999.00,27.90,-9999.00,-9999.00,-9999,2.88,-9999,0.960,0.941,0.900,-9999,1.150
60987,-9999.00,38.93,24.81,15.08,0.62,0.79,0.51,-9999.00,28.11,-9999.00,-9999.00,-9999,2.89,-9999,0.961,0.940,0.898,-9999,1.151
60988,-9999.00,38.77,24.61,14.35,0.78,0.58,-2.42,-9999.00,27.69,-9999.00,-9999.00,-9999,2.90,-9999,0.961,0.938,0.895,-9999,1.148
60989,-9999.00,44.01,25.25,12.31,1.79,0.14,-0.97,-9999.00,27.94,-9999.00,-9999.00,-9999,2.90,-9999,0.961,0.938,0.899,-9999,1.151
60990,-9999.00,49.16,25.82,10.45,0.35,0.11,0.75,-9999.00,28.54,-9999.00,-9999.00,-9999,2.89,-9999,0.959,0.939,0.904,-9999,1.153
60991,-9999.00,49.10,25.87,10.84,-0.83,1.09,1.29,-9999.00,29.57,-9999.00,-9999.00,-9999,2.88,-9999,0.959,0.940,0.904,-9999,1.148
60992,-9999.00,47.68,24.22,12.42,1.18,1.76,2.80,-9999.00,28.43,-9999.00,-9999.00,-9999,2.88,-9999,0.960,0.940,0.904,-9999,1.148
60993,-9999.00,46.57,22.50,14.12,3.15,1.66,1.85,-9999.00,26.42,-9999.00,-9999.00,-9999,2.87,-9999,0.961,0.941,0.906,-9999,1.149
60994,-9999.00,44.58,23.17,12.63,3.57,2.50,1.32,-9999.00,27.99,-9999.00,-9999.00,-9999,2.85,-9999,0.961,0.941,0.902,-9999,1.151
60995,-9999.00,42.89,23.83,11.17,2.11,3.34,4.79,-9999.00,29.55,-9999.00,-9999.00,-9999,2.85,-9999,0.961,0.940,0.898,-9999,1.151
60996,-9999.00,42.78,23.94,12.11,0.25,1.77,4.17,-9999.00,28.12,-9999.00,-9999.00,-9999,2.87,-9999,0.960,0.939,0.896,-9999,1.149
60997,-9999.00,44.51,24.50,12.27,2.23,1.13,0.57,-9999.00,28.08,-9999.00,-9999.00,-9999,2.90,-9999,0.958,0.937,0.888,-9999,1.149
60998,-9999.00,46.17,25.02,12.40,4.46,2.24,-0.17,-9999.00,29.77,-9999.00,-9999.00,-9999,2.92,-9999,0.959,0.935,0.882,-9999,1.152
60999,-9999.00,45.85,24.68,11.39,4.17,2.60,1.56,-9999.00,29.73,-9999.00,-9999.00,-9999,2.90,-9999,0.960,0.935,0.887,-9999,1.150
61000,-9999.00,44.81,25.02,12.14,3.51,3.10,4.31,-9999.00,30.58,-9999.00,-9999.00,-9999,2.88,-9999,0.958,0.937,0.896,-9999,1.151
61001,-9999.00,43.67,25.32,12.86,1.65,2.60,3.28,-9999.00,30.37,-9999.00,-9999.00,-9999,2.86,-9999,0.956,0.936,0.896,-9999,1.149
