NASA Intern/Datasets/LARGE/SASA-LARGE-UHSAS_P3B_20220712_RA_L2.ict
70, 1001
Richard Moore, Luke Ziemba, Edward Winstead, Michael Shook, Claire Robinson, John Barrick, Bruce Anderson, and Ali Omar
NASA Langley
In-situ Submicron  Particle Size Distributions from the DMT UHSAS on the NASA P3B
NASA SASA
1,1
2022,07,12,2022,07,13
1.0
Start_UTC,Secs after midnight,Time of acquisition
29
1,1,1,1,1,1,1,1,1,1,1,1,1,1,1,1,1,1,1,1,1,1,1,1,1,1,1,1,1
-9999,-9999,-9999,-9999,-9999,-9999,-9999,-9999,-9999,-9999,-9999,-9999,-9999,-9999,-9999,-9999,-9999,-9999,-9999,-9999,-9999,-9999,-9999,-9999,-9999,-9999,-9999,-9999,-9999
nUHSAS_PSL, #/cm3, integrated UHSAS Dry Aerosol Number Concentration (PSL optical diameter)
sUHSAS_PSL, um2/cm3, integrated UHSAS Dry Aerosol Surface Area Concentration (PSL optical diameter)
vUHSAS_PSL, um3/cm3, integrated UHSAS Dry Aerosol Volume Concentration (PSL optical diameter)
UHSAS_Bin01, #/cm3, Binned UHSAS Dry Aerosol Number Size Distribution (dNdlogD, PSL optical diameter) at bin center 63 nm
UHSAS_Bin02, #/cm3, Binned UHSAS Dry Aerosol Number Size Distribution (dNdlogD, PSL optical diameter) at bin center 71 nm
UHSAS_Bin03, #/cm3, Binned UHSAS Dry Aerosol Number Size Distribution (dNdlogD, PSL optical diameter) at bin center 79 nm
UHSAS_Bin04, #/cm3, Binned UHSAS Dry Aerosol Number Size Distribution (dNdlogD, PSL optical diameter) at bin center 89 nm
UHSAS_Bin05, #/cm3, Binned UHSAS Dry Aerosol Number Size Distribution (dNdlogD, PSL optical diameter) at bin center 100 nm
UHSAS_Bin06, #/cm3, Binned UHSAS Dry Aerosol Number Size Distribution (dNdlogD, PSL optical diameter) at bin center 112 nm
UHSAS_Bin07, #/cm3, Binned UHSAS Dry Aerosol Number Size Distribution (dNdlogD, PSL optical diameter) at bin center 126 nm
UHSAS_Bin08, #/cm3, Binned UHSAS Dry Aerosol Number Size Distribution (dNdlogD, PSL optical diameter) at bin center 141 nm
UHSAS_Bin09, #/cm3, Binned UHSAS Dry Aerosol Number Size Distribution (dNdlogD, PSL optical diameter) at bin center 158 nm
UHSAS_Bin10, #/cm3, Binned UHSAS Dry Aerosol Number Size Distribution (dNdlogD, PSL optical diameter) at bin center 178 nm
UHSAS_Bin11, #/cm3, Binned UHSAS Dry Aerosol Number Size Distribution (dNdlogD, PSL optical diameter) at bin center 200 nm
UHSAS_Bin12, #/cm3, Binned UHSAS Dry Aerosol Number Size Distribution (dNdlogD, PSL optical diameter) at bin center 224 nm
UHSAS_Bin13, #/cm3, Binned UHSAS Dry Aerosol Number Size Distribution (dNdlogD, PSL optical diameter) at bin center 251 nm
UHSAS_Bin14, #/cm3, Binned UHSAS Dry Aerosol Number Size Distribution (dNdlogD, PSL optical diameter) at bin center 282 nm
UHSAS_Bin15, #/cm3, Binned UHSAS Dry Aerosol Number Size Distribution (dNdlogD, PSL optical diameter) at bin center 316 nm
UHSAS_Bin16, #/cm3, Binned UHSAS Dry Aerosol Number Size Distribution (dNdlogD, PSL optical diameter) at bin center 355 nm
UHSAS_Bin17, #/cm3, Binned UHSAS Dry Aerosol Number Size Distribution (dNdlogD, PSL optical diameter) at bin center 398 nm
UHSAS_Bin18, #/cm3, Binned UHSAS Dry Aerosol Number Size Distribution (dNdlogD, PSL optical diameter) at bin center 447 nm
UHSAS_Bin19, #/cm3, Binned UHSAS Dry Aerosol Number Size Distribution (dNdlogD, PSL optical diameter) at bin center 501 nm
UHSAS_Bin20, #/cm3, Binned UHSAS Dry Aerosol Number Size Distribution (dNdlogD, PSL optical diameter) at bin center 562 nm
[...]
INSTRUMENT_INFO: Size Distribution Data From the DMT Ultra-High Sensitivity Aerosol Spectrometer (UHSAS)
DATA_INFO: UHSAS measurements are reported at standard temperature and pressure (0 deg C, 1013 mb)
  - Flagged data are due to missing data or instrument issues
  - Concentrations can be converted back to ambient conditions by dividing by the stdPT conversion factor
  - Integrated surface areas and volumes are calculated by assuming spherical particles
UNCERTAINTY: all data are 20%
ULOD_FLAG: -7777
ULOD_VALUE: N/A
LLOD_FLAG: -8888
LLOD_VALUE: N/A
DM_CONTACT_INFO: Michael Shook (michael.shook@nasa.gov)
PROJECT_INFO: SASA 2022
STIPULATIONS_ON_USE: STIPULATIONS_ON_USE: This is FIELD data. Please consult the PI and/or DM prior to use.
OTHER_COMMENTS: Data are processed with respect to mid-point polystyrene-latex-equivalent optical diameters and are rebinned to a 20 channels per decade standard binning scheme (dlogD = 0.05)
OTHER_COMMENTS: Mid-point diameters (in nm) are:
        63.1, 70.8, 79.4, 89.1, 100.0, 112.2, 125.9, 141.3, 158.5, 177.8, 199.5, 223.9, 251.2, 281.8, 316.2, 354.8, 398.1, 446.7, 501.2, 562.3, 631.0, 707.9, 794.3, 891.3, 1000.0
REVISION: RA
RA: None
*******************************************************************************************************************************
Start_UTC,nUHSAS_PSL,sUHSAS_PSL,vUHSAS_PSL,UHSAS_Bin01,UHSAS_Bin02,UHSAS_Bin03,UHSAS_Bin04,UHSAS_Bin05,UHSAS_Bin06,UHSAS_Bin07,UHSAS_Bin08,UHSAS_Bin09,UHSAS_Bin10,UHSAS_Bin11,UHSAS_Bin12,UHSAS_Bin13,UHSAS_Bin14,UHSAS_Bin15,UHSAS_Bin16,UHSAS_Bin17,UHSAS_Bin18,UHSAS_Bin19,UHSAS_Bin20,UHSAS_Bin21,UHSAS_Bin22,UHSAS_Bin23,UHSAS_Bin24,UHSAS_Bin25,stdPT
[from data line 2846]
69641,1532.52,109.18,3.54,0.00,1286.20,3373.24,3858.60,3591.65,2378.26,2523.86,3227.64,2378.26,2863.62,1723.02,1286.20,970.72,582.43,291.22,169.88,97.07,48.54,0.00,0.00,0.00,0.00,0.00,0.00,0.00,1.171
69642,1645.20,116.23,3.87,72.93,1507.13,3913.68,3937.99,3865.06,3330.27,2698.25,2844.10,3062.88,1993.30,2139.15,1336.97,704.95,525.07,559.10,243.09,97.23,48.62,24.31,0.00,0.00,0.00,0.00,0.00,0.00,1.174
69643,1788.28,133.93,4.54,48.62,1482.94,4230.03,3597.95,4230.03,3136.06,3063.12,3549.33,2990.19,2625.53,1944.84,2042.08,1093.97,758.49,510.52,218.79,170.17,48.62,24.31,0.00,0.00,0.00,0.00,0.00,0.00,1.177
69644,1715.45,129.24,4.40,24.31,1288.53,4376.15,3598.17,3646.79,3014.68,2917.44,2868.81,3306.43,2844.50,2042.20,1580.28,948.17,953.03,437.62,267.43,145.87,24.31,0.00,24.31,0.00,0.00,0.00,0.00,0.00,1.172
69645,1865.07,137.75,4.65,48.51,1552.41,4220.60,3856.76,4414.66,3589.94,3347.38,3080.56,3032.04,2983.53,2716.71,1746.46,1043.02,795.61,509.38,145.54,121.28,72.77,0.00,0.00,24.26,0.00,0.00,0.00,0.00,1.174
69646,1724.37,127.88,4.38,24.28,1213.83,4005.64,4418.35,3957.09,2986.03,3010.30,3350.17,2500.49,2816.09,2112.07,1310.94,849.68,912.80,534.09,218.49,218.49,24.28,0.00,24.28,0.00,0.00,0.00,0.00,0.00,1.175
69647,1300.06,94.70,3.05,24.33,973.10,2846.31,2894.97,2821.99,2749.01,2116.49,2067.84,2311.11,2432.75,1556.96,1167.72,924.44,603.32,291.93,194.62,24.33,0.00,0.00,0.00,0.00,0.00,0.00,0.00,0.00,1.175
69648,1707.94,122.26,4.10,72.87,1676.12,3716.62,4032.41,3668.03,3279.37,3182.20,3449.41,2890.70,2283.41,2064.79,1603.25,801.62,660.73,267.21,242.92,170.04,72.87,0.00,24.29,0.00,0.00,0.00,0.00,0.00,1.171
69649,1948.35,145.58,4.96,72.87,1676.06,4760.97,4323.74,4007.96,3643.60,3036.33,3959.38,2890.59,3012.04,3060.62,1554.60,947.34,855.03,582.98,364.36,121.45,48.58,48.58,0.00,0.00,0.00,0.00,0.00,0.00,1.176
69650,1698.59,134.09,4.80,0.00,1527.42,3467.00,3806.43,3491.25,2885.13,3224.56,3345.78,2788.15,2642.68,2303.25,1406.20,1091.01,853.42,363.67,509.14,218.20,0.00,0.00,24.24,24.24,0.00,0.00,0.00,0.00,1.172
69651,1710.62,132.03,4.56,0.00,1141.71,3862.37,4008.12,3206.49,3255.08,2963.58,3668.03,2599.20,2404.87,2332.00,1967.62,1093.12,835.63,315.79,267.21,218.62,48.58,0.00,24.29,0.00,0.00,0.00,0.00,0.00,1.172
69652,1792.54,133.27,4.54,72.86,1214.29,3642.87,4420.02,3958.59,4104.30,3011.44,3545.73,2695.73,2452.87,2112.87,1797.15,825.72,1049.15,534.29,194.29,121.43,72.86,0.00,24.29,0.00,0.00,0.00,0.00,0.00,1.174
69653,1723.71,127.00,4.24,24.28,1310.99,3495.97,3835.86,4005.80,3131.81,3471.70,3423.14,2840.48,2549.15,2403.48,1529.49,898.27,582.66,485.55,291.33,145.67,24.28,24.28,0.00,0.00,0.00,0.00,0.00,0.00,1.174
69654,1858.22,135.93,4.56,72.93,1385.64,4302.79,4278.48,4205.55,3549.19,3160.24,3743.67,2941.45,2698.36,2430.95,1580.12,948.07,1089.07,267.40,243.10,194.48,48.62,24.31,0.00,0.00,0.00,0.00,0.00,0.00,1.178
69655,2081.35,156.49,5.27,121.56,1653.21,4011.47,4667.90,5275.70,3962.85,3622.48,3889.91,3087.62,3209.18,2722.94,1944.96,1142.66,1050.28,753.67,316.06,170.18,24.31,0.00,0.00,0.00,0.00,0.00,0.00,0.00,1.173
69656,1683.58,131.23,4.63,24.28,1359.49,3787.15,3811.43,3884.26,2791.81,3083.13,2670.43,2670.43,2524.77,2330.56,1675.09,1189.55,873.96,558.36,242.77,48.55,72.83,24.28,48.55,0.00,0.00,0.00,0.00,0.00,1.172
69657,1498.15,109.28,3.66,72.88,1409.00,3814.01,3328.15,3109.51,2647.94,2647.94,2769.41,2453.60,2356.43,1651.93,1384.71,850.26,641.34,364.40,315.81,121.47,24.29,0.00,0.00,0.00,0.00,0.00,0.00,0.00,1.174
69658,1431.08,105.12,3.42,72.75,1212.58,3104.20,3128.45,2691.92,2691.92,2425.15,2594.91,2449.40,2958.69,2037.13,1382.34,776.05,465.63,291.02,242.52,72.75,24.25,0.00,0.00,0.00,0.00,0.00,0.00,0.00,1.171
69659,1715.43,126.76,4.33,24.30,1166.63,4374.84,3670.01,3499.88,3329.74,2892.26,3645.70,2989.48,2333.25,2284.64,1506.89,923.58,816.64,413.18,267.35,145.83,0.00,0.00,0.00,0.00,24.30,0.00,0.00,0.00,1.175
69660,1999.65,155.32,5.33,48.58,1554.45,4031.85,4396.17,4833.36,3351.78,3570.37,4007.56,2890.30,2963.16,2598.84,1967.35,1311.56,1399.00,582.92,218.59,194.31,72.86,0.00,0.00,0.00,0.00,0.00,0.00,0.00,1.175
69661,1935.09,145.91,4.96,24.30,1360.68,4397.92,4908.18,3693.28,3231.62,3280.22,3887.67,3207.32,2988.64,3012.94,2016.73,777.53,894.16,534.55,194.38,194.38,24.30,72.89,0.00,0.00,0.00,0.00,0.00,0.00,1.174
69662,1622.89,118.54,3.88,48.54,1456.16,3519.06,3591.87,3324.91,3179.29,2596.82,3373.44,2863.79,2524.02,2111.44,1213.47,1310.55,640.71,388.31,194.16,72.81,48.54,0.00,0.00,0.00,0.00,0.00,0.00,0.00,1.173
69663,1360.42,99.40,3.57,72.97,1459.42,2894.51,3113.42,2967.48,2748.57,2724.24,2310.74,2237.77,1897.24,1654.00,1143.21,705.38,719.98,267.56,145.94,48.65,48.65,0.00,0.00,24.32,0.00,24.32,0.00,0.00,1.173
69664,1362.19,98.22,3.34,24.27,1165.09,3204.00,3349.64,3276.82,2718.55,1602.00,2694.28,2475.82,2087.46,1504.91,1213.64,679.64,543.71,388.36,169.91,97.09,0.00,24.27,0.00,24.27,0.00,0.00,0.00,0.00,1.173
69665,1300.25,96.37,3.33,24.24,1091.01,3006.35,2933.62,3176.07,2351.74,2085.05,2666.93,2424.48,1672.89,1551.67,1066.77,484.90,620.67,363.67,218.20,193.96,72.73,0.00,0.00,0.00,0.00,0.00,0.00,0.00,1.172
69666,1801.81,131.82,4.37,24.26,1528.61,3882.17,4027.76,4391.71,3591.01,2814.58,2984.42,3057.21,3081.48,2402.10,1771.24,752.17,757.02,582.33,194.11,145.58,48.53,0.00,0.00,0.00,0.00,0.00,0.00,0.00,1.176
69667,1858.88,139.93,4.88,24.23,1477.99,4337.06,4409.74,4118.99,3440.57,3295.19,3440.57,2859.06,2568.31,2737.92,1477.99,1017.63,833.49,557.28,290.75,169.61,72.69,0.00,48.46,0.00,0.00,0.00,0.00,0.00,1.172
69668,2125.84,155.76,5.13,24.27,1456.22,4368.66,5048.23,4441.47,4684.18,4247.31,3737.63,3519.20,2791.09,2645.47,2548.39,1067.90,796.07,728.11,339.78,48.54,0.00,0.00,24.27,0.00,0.00,0.00,0.00,0.00,1.175
69669,1972.11,154.93,5.86,48.65,1702.82,4062.45,4719.25,3794.86,4013.79,3624.58,3746.21,3040.75,2992.10,2383.95,2043.39,1070.34,1128.73,486.52,218.93,170.28,72.98,24.33,48.65,24.33,0.00,0.00,24.33,0.00,1.172
69670,2069.95,156.45,5.35,24.28,1456.86,4103.49,4734.79,4831.92,3933.52,3545.02,4370.58,3545.02,2962.28,2646.63,1772.51,1481.14,874.12,534.18,339.93,145.69,24.28,48.56,24.28,0.00,0.00,0.00,0.00,0.00,1.171
69671,1289.78,94.75,3.13,0.00,899.06,2891.57,3037.36,2940.16,2308.39,2162.60,2332.69,2575.68,1798.12,1749.52,1190.65,656.07,622.05,461.68,24.30,72.90,72.90,0.00,0.00,0.00,0.00,0.00,0.00,0.00,1.175
69672,1817.48,127.57,4.10,0.00,1290.03,4064.80,4283.86,4016.12,4064.80,3358.93,3383.27,3188.55,2580.05,2068.91,1582.11,705.86,1129.38,389.44,97.36,97.36,48.68,0.00,0.00,0.00,0.00,0.00,0.00,0.00,1.176
69673,1908.97,139.03,4.67,0.00,1722.20,4511.68,4244.86,4050.81,3444.40,3589.94,3832.50,3250.35,2377.12,2643.94,1794.97,897.48,776.20,703.43,169.79,121.28,0.00,24.26,0.00,24.26,0.00,0.00,0.00,0.00,1.175
69674,1813.02,137.38,4.74,24.31,1628.97,3890.07,3622.63,4157.51,3938.69,3112.05,3330.87,2795.99,2820.30,2212.48,1677.59,1167.02,933.62,389.01,316.07,72.94,121.56,48.63,0.00,0.00,0.00,0.00,0.00,0.00,1.175
69675,1357.69,96.48,3.20,0.00,1190.53,3109.95,3134.24,2769.80,2769.80,2648.31,2575.42,2332.46,1943.72,1895.12,971.86,753.19,427.62,340.15,121.48,97.19,48.59,0.00,24.30,0.00,0.00,0.00,0.00,0.00,1.172
69676,1361.58,101.47,3.45,0.00,1409.95,3233.17,3038.69,2868.53,2309.41,2382.33,2795.60,2285.10,1823.22,1507.19,1166.86,850.83,758.46,486.19,194.48,72.93,24.31,24.31,0.00,0.00,0.00,0.00,0.00,0.00,1.170
69677,1484.70,109.43,3.66,24.30,1263.37,3231.30,4033.05,3207.00,2623.91,2186.59,2891.16,2113.71,2599.62,1919.34,1336.25,631.68,758.02,558.80,194.36,72.89,48.59,0.00,0.00,0.00,0.00,0.00,0.00,0.00,1.171
69678,1816.40,139.50,5.01,72.92,1263.92,4132.04,3961.90,4059.13,3694.53,3354.25,3159.80,2697.98,2673.68,2284.78,2211.86,923.63,816.69,510.43,194.45,170.14,97.22,24.31,0.00,0.00,0.00,24.31,0.00,0.00,1.170
69679,1955.06,147.31,5.08,97.18,1530.62,4470.37,4494.67,4446.08,3790.10,2721.10,3474.26,3328.48,3061.23,2599.62,2089.41,1166.18,932.95,340.14,267.25,170.07,72.89,24.30,0.00,24.30,0.00,0.00,0.00,0.00,1.175
69680,1891.36,140.87,4.73,24.32,1410.37,4158.17,4109.54,4036.59,4133.86,2845.07,3769.11,3744.79,2577.58,2212.83,1653.54,1215.84,914.31,632.24,291.80,0.00,72.95,0.00,24.32,0.00,0.00,0.00,0.00,0.00,1.171
69681,1651.46,120.47,3.92,24.26,1188.80,3202.48,3881.79,3614.92,3178.21,3008.39,3420.83,2668.73,2717.25,2329.07,1479.93,921.92,737.54,242.61,291.13,97.04,24.26,0.00,0.00,0.00,0.00,0.00,0.00,0.00,1.175
69682,1948.08,150.97,5.23,72.97,1435.09,4378.25,4037.72,3867.45,3599.89,3526.92,3818.80,3089.10,3210.71,2748.57,1945.89,1289.15,895.11,486.47,267.56,121.62,97.29,72.97,0.00,0.00,0.00,0.00,0.00,0.00,1.170
69683,1750.32,133.23,4.77,24.30,1287.71,3571.58,4349.07,3668.77,3134.24,2964.17,3547.28,3109.95,2672.61,2332.46,1579.27,947.56,894.11,510.23,267.26,72.89,48.59,0.00,0.00,0.00,0.00,0.00,24.30,0.00,1.174
69684,1513.64,105.78,3.35,48.60,1117.79,3572.08,3839.38,3183.28,2867.38,2600.08,2600.08,2672.98,2186.99,2259.89,1385.09,899.09,602.64,267.30,72.90,48.60,48.60,0.00,0.00,0.00,0.00,0.00,0.00,0.00,1.170
69685,1522.87,114.25,4.21,0.00,1336.49,3717.88,3183.28,3134.68,2915.98,2308.49,3280.48,3158.98,2259.89,1798.19,1385.09,558.90,544.32,340.20,267.30,97.20,145.80,0.00,0.00,0.00,0.00,0.00,24.30,0.00,1.170
69686,1859.04,136.82,4.67,0.00,1943.33,4396.78,4275.33,3546.58,4105.28,3109.33,3109.33,2987.87,2599.20,2599.20,1821.87,825.92,913.36,412.96,364.37,48.58,48.58,48.58,24.29,0.00,0.00,0.00,0.00,0.00,1.171
69687,1707.81,126.65,4.19,24.26,1285.89,3615.06,3954.73,4415.71,2838.67,2377.69,3493.75,2959.98,2620.31,2280.64,1455.73,1116.06,892.85,436.72,315.41,48.52,24.26,0.00,0.00,0.00,0.00,0.00,0.00,0.00,1.175
69688,1729.14,130.89,4.49,72.92,1361.14,3451.47,4253.58,4132.04,2722.29,2941.04,3475.78,2989.66,2795.21,1750.04,1968.80,729.18,991.69,437.51,267.37,145.84,48.61,48.61,0.00,0.00,0.00,0.00,0.00,0.00,1.176
69689,1779.53,131.23,4.37,24.29,1481.73,4153.70,3400.69,4177.99,3449.27,2914.88,3862.21,2720.55,2599.10,2380.48,1748.93,1020.21,757.87,510.10,267.20,72.87,24.29,0.00,24.29,0.00,0.00,0.00,0.00,0.00,1.172
69690,1741.36,133.04,4.69,48.56,1286.84,3860.52,3884.80,3617.72,3642.00,3107.84,3253.52,2695.08,2889.32,2112.36,1383.96,1116.88,835.23,704.12,169.96,145.68,24.28,0.00,24.28,0.00,24.28,0.00,0.00,0.00,1.173
69691,1739.32,123.69,4.07,24.25,1406.59,3516.47,4850.31,4050.00,2837.43,2934.43,3758.99,3055.69,2546.41,1915.87,1527.85,703.29,737.25,557.79,291.02,24.25,24.25,0.00,24.25,0.00,0.00,0.00,0.00,0.00,1.177
69692,1495.95,113.19,3.81,24.31,972.34,3305.97,3233.04,3646.29,2917.03,1993.30,2819.79,2552.40,2528.09,2090.54,1482.82,875.11,700.09,437.55,194.47,72.93,48.62,24.31,0.00,0.00,0.00,0.00,0.00,0.00,1.173
69693,1681.97,130.45,4.74,0.00,1602.80,3448.45,3327.02,3472.73,3399.88,3497.02,2914.18,3181.31,2015.64,2282.78,1675.65,1117.10,854.83,315.70,315.70,97.14,72.85,0.00,0.00,24.28,0.00,24.28,0.00,0.00,1.173
69694,1965.52,143.89,4.85,72.91,1555.50,4156.10,4860.94,4763.72,3475.57,3451.27,3451.27,3135.31,3111.00,2673.52,1749.94,996.49,738.86,704.84,267.35,97.22,0.00,24.30,0.00,24.30,0.00,0.00,0.00,0.00,1.172
69695,1742.09,131.57,4.52,97.04,1261.51,3833.04,3905.82,3420.62,3566.18,2765.61,3638.96,3032.47,2814.13,2207.64,1770.96,946.13,659.86,412.42,121.30,218.34,145.56,24.26,0.00,0.00,0.00,0.00,0.00,0.00,1.175
69696,1616.83,117.29,3.87,0.00,1456.16,3227.83,3786.02,3616.14,3033.67,3179.29,3276.37,2718.17,2281.32,1990.09,1334.82,970.78,640.71,388.31,242.69,194.16,0.00,0.00,0.00,0.00,0.00,0.00,0.00,0.00,1.172
69697,1477.10,116.20,4.23,24.31,1118.46,3063.61,3549.90,3355.38,2698.90,2601.64,2869.10,2163.98,2066.72,1750.64,1580.43,1094.15,680.80,437.66,291.77,72.94,48.63,0.00,24.31,48.63,0.00,0.00,0.00,0.00,1.172
69698,1619.99,116.35,3.80,48.63,1386.06,4158.17,3501.62,3598.89,2699.17,2310.10,3452.99,2918.02,2480.31,2188.51,1361.74,924.04,641.96,462.02,121.58,72.95,72.95,0.00,0.00,0.00,0.00,0.00,0.00,0.00,1.175
69699,1601.08,118.56,3.93,24.29,1433.01,3788.96,3206.05,3546.08,2793.15,2720.28,2841.72,2695.99,2793.15,2307.38,1603.02,777.22,738.36,485.76,97.15,72.86,97.15,0.00,0.00,0.00,0.00,0.00,0.00,0.00,1.172
69700,2035.96,145.24,4.82,72.84,2282.41,4467.70,4467.70,3860.68,4370.58,3569.30,3933.52,3569.30,3253.65,2573.78,1626.83,971.24,776.99,461.34,194.25,169.97,48.56,24.28,24.28,0.00,0.00,0.00,0.00,0.00,1.175
69701,1641.97,122.89,4.26,24.27,1504.61,3300.44,3785.80,3737.26,3009.22,2329.72,3179.10,2766.54,3057.76,1941.43,1917.17,922.18,757.16,218.41,169.88,169.88,24.27,0.00,0.00,0.00,0.00,24.27,0.00,0.00,1.175
69702,1928.02,142.10,4.78,48.63,1701.91,4424.95,4424.95,3963.01,3671.25,2795.99,4303.39,3014.80,3355.18,2406.98,1628.97,923.89,875.27,461.95,218.82,291.76,48.63,0.00,0.00,0.00,0.00,0.00,0.00,0.00,1.175
69703,1905.41,141.63,4.73,0.00,1529.18,3956.46,4199.19,4102.10,3543.82,3349.64,4005.01,3228.28,3155.46,2451.55,1747.64,1165.09,679.64,509.73,267.00,145.64,48.55,24.27,0.00,0.00,0.00,0.00,0.00,0.00,1.171
69704,1731.05,131.34,4.60,72.90,1725.22,3596.23,4130.81,4155.11,2891.57,2915.87,3474.74,2356.99,2381.29,2089.70,1676.62,1214.94,991.39,583.17,194.39,72.90,72.90,0.00,0.00,0.00,24.30,0.00,0.00,0.00,1.176
69705,1926.89,143.00,4.85,72.85,1457.00,4346.73,4468.15,4638.13,3666.79,3132.56,3545.38,2986.86,2719.74,2646.89,1724.12,1238.45,971.34,437.10,267.12,121.42,72.85,0.00,24.28,0.00,0.00,0.00,0.00,0.00,1.172
69706,2088.25,155.15,5.65,97.20,1968.21,4884.07,5029.87,4325.20,3790.63,3814.92,3669.13,3328.95,3426.14,2672.88,1725.22,1214.94,797.00,461.68,218.69,170.09,48.60,48.60,48.60,0.00,0.00,0.00,24.30,0.00,1.176
69707,1305.72,94.01,3.09,24.28,1578.42,3108.27,3035.42,2476.91,2185.51,2088.37,2525.47,2015.52,2306.92,1869.82,1019.90,777.07,543.95,267.12,169.98,97.13,0.00,24.28,0.00,0.00,0.00,0.00,0.00,0.00,1.176
69708,1336.33,101.75,3.66,48.54,1164.98,3276.50,3106.60,3009.52,2402.76,1941.63,2451.31,2402.76,1504.76,1820.28,1456.22,655.30,563.07,533.95,291.24,72.81,0.00,0.00,0.00,0.00,0.00,24.27,0.00,0.00,1.175
69709,1462.78,113.66,4.04,0.00,874.46,3522.14,3643.60,3206.37,3084.91,2283.32,2477.65,2380.48,2064.71,1870.38,1165.95,655.85,835.60,655.85,291.49,121.45,121.45,0.00,0.00,0.00,0.00,0.00,0.00,0.00,1.172
69710,1796.41,135.81,4.59,24.34,1849.96,4138.07,3432.16,3383.48,3675.58,3383.48,3188.74,3115.72,2507.18,2434.16,1630.88,1436.15,876.30,389.46,219.07,170.39,73.02,0.00,0.00,0.00,0.00,0.00,0.00,0.00,1.171
69711,1695.34,127.84,4.25,0.00,1624.30,3612.26,3272.85,3539.53,3006.17,3272.85,3030.42,3030.42,2957.69,2278.87,1697.03,800.03,911.55,484.87,242.43,121.22,24.24,0.00,0.00,0.00,0.00,0.00,0.00,0.00,1.173
69712,1678.46,123.29,4.25,72.82,1844.73,3422.46,3932.19,3495.28,3543.82,3373.91,3082.64,2475.82,2305.91,2184.55,1213.64,776.73,776.73,558.27,315.55,97.09,48.55,24.27,24.27,0.00,0.00,0.00,0.00,0.00,1.175
69713,1889.57,139.42,4.57,97.16,1651.76,4420.90,3983.67,4080.83,3376.40,3230.66,3327.82,3279.24,2890.59,2477.65,2016.12,1093.08,1088.22,510.10,145.74,97.16,24.29,0.00,0.00,0.00,0.00,0.00,0.00,0.00,1.175
69714,1851.26,134.54,4.55,24.26,1576.88,3954.34,4245.45,4657.87,3444.88,3153.76,3881.56,2789.87,2741.35,2450.23,1576.88,800.57,756.90,460.93,194.08,121.30,194.08,0.00,0.00,0.00,0.00,0.00,0.00,0.00,1.173
69715,1953.07,146.75,4.94,24.33,1435.72,4404.50,4331.50,3650.14,4477.51,3017.45,3431.13,3528.47,3358.13,2506.43,1825.07,1119.38,1051.24,438.02,243.34,97.34,97.34,24.33,0.00,0.00,0.00,0.00,0.00,0.00,1.175
69716,1899.11,143.17,5.11,24.26,1431.18,4390.57,4148.00,4681.66,3444.54,2886.62,3978.20,2813.85,2741.08,2619.79,1916.33,1043.06,892.67,436.63,363.86,97.03,48.51,0.00,0.00,0.00,0.00,0.00,24.26,0.00,1.173
69717,1509.87,111.05,3.74,24.29,1433.35,3474.05,3206.81,3328.28,2769.52,2648.05,3085.34,2405.11,2405.11,1676.29,1457.64,898.88,583.06,413.00,170.06,121.47,97.18,0.00,0.00,0.00,0.00,0.00,0.00,0.00,1.174
69718,1601.37,117.71,4.05,24.33,1216.67,4063.66,4088.00,3552.66,3017.33,2311.66,2968.66,2676.66,2311.66,2092.66,1216.67,827.33,661.87,511.00,267.67,146.00,0.00,73.00,0.00,0.00,0.00,0.00,0.00,0.00,1.174
