NASA Intern/Datasets/LARGE/SASA-LARGE-UHSAS_P3B_20220712_RA_L1.ict
70, 1001
Richard Moore, Luke Ziemba, Edward Winstead, Michael Shook, Claire Robinson, John Barrick, Bruce Anderson, and Ali Omar
NASA Langley
In-situ Submicron  Particle Size Distributions from the DMT UHSAS on the NASA P3B
NASA SASA
1,1
2022,07,12,2022,07,13
1.0
Start_UTC,Secs after midnight,Time of acquisition
29
1,1,1,1,1,1,1,1,1,1,1,1,1,1,1,1,1,1,1,1,1,1,1,1,1,1,1,1,1
-9999,-9999,-9999,-9999,-9999,-9999,-9999,-9999,-9999,-9999,-9999,-9999,-9999,-9999,-9999,-9999,-9999,-9999,-9999,-9999,-9999,-9999,-9999,-9999,-9999,-9999,-9999,-9999,-9999
nUHSAS_PSL, #/cm3, integrated UHSAS Dry Aerosol Number Concentration (PSL optical diameter)
sUHSAS_PSL, um2/cm3, integrated UHSAS Dry Aerosol Surface Area Concentration (PSL optical diameter)
vUHSAS_PSL, um3/cm3, integrated UHSAS Dry Aerosol Volume Concentration (PSL optical diameter)
UHSAS_Bin01, #/cm3, Binned UHSAS Dry Aerosol Number Size Distribution (dNdlogD, PSL optical diameter) at bin center 63 nm
UHSAS_Bin02, #/cm3, Binned UHSAS Dry Aerosol Number Size Distribution (dNdlogD, PSL optical diameter) at bin center 71 nm
UHSAS_Bin03, #/cm3, Binned UHSAS Dry Aerosol Number Size Distribution (dNdlogD, PSL optical diameter) at bin center 79 nm
UHSAS_Bin04, #/cm3, Binned UHSAS Dry Aerosol Number Size Distribution (dNdlogD, PSL optical diameter) at bin center 89 nm
UHSAS_Bin05, #/cm3, Binned UHSAS Dry Aerosol Number Size Distribution (dNdlogD, PSL optical diameter) at bin center 100 nm
UHSAS_Bin06, #/cm3, Binned UHSAS Dry Aerosol Number Size Distribution (dNdlogD, PSL optical diameter) at bin center 112 nm
UHSAS_Bin07, #/cm3, Binned UHSAS Dry Aerosol Number Size Distribution (dNdlogD, PSL optical diameter) at bin center 126 nm
UHSAS_Bin08, #/cm3, Binned UHSAS Dry Aerosol Number Size Distribution (dNdlogD, PSL optical diameter) at bin center 141 nm
UHSAS_Bin09, #/cm3, Binned UHSAS Dry Aerosol Number Size Distribution (dNdlogD, PSL optical diameter) at bin center 158 nm
UHSAS_Bin10, #/cm3, Binned UHSAS Dry Aerosol Number Size Distribution (dNdlogD, PSL optical diameter) at bin center 178 nm
UHSAS_Bin11, #/cm3, Binned UHSAS Dry Aerosol Number Size Distribution (dNdlogD, PSL optical diameter) at bin center 200 nm
UHSAS_Bin12, #/cm3, Binned UHSAS Dry Aerosol Number Size Distribution (dNdlogD, PSL optical diameter) at bin center 224 nm
UHSAS_Bin13, #/cm3, Binned UHSAS Dry Aerosol Number Size Distribution (dNdlogD, PSL optical diameter) at bin center 251 nm
UHSAS_Bin14, #/cm3, Binned UHSAS Dry Aerosol Number Size Distribution (dNdlogD, PSL optical diameter) at bin center 282 nm
UHSAS_Bin15, #/cm3, Binned UHSAS Dry Aerosol Number Size Distribution (dNdlogD, PSL optical diameter) at bin center 316 nm
UHSAS_Bin16, #/cm3, Binned UHSAS Dry Aerosol Number Size Distribution (dNdlogD, PSL optical diameter) at bin center 355 nm
UHSAS_Bin17, #/cm3, Binned UHSAS Dry Aerosol Number Size Distribution (dNdlogD, PSL optical diameter) at bin center 398 nm
UHSAS_Bin18, #/cm3, Binned UHSAS Dry Aerosol Number Size Distribution (dNdlogD, PSL optical diameter) at bin center 447 nm
UHSAS_Bin19, #/cm3, Binned UHSAS Dry Aerosol Number Size Distribution (dNdlogD, PSL optical diameter) at bin center 501 nm
UHSAS_Bin20, #/cm3, Binned UHSAS Dry Aerosol Number Size Distribution (dNdlogD, PSL optical diameter) at bin center 562 nm
[...]
INSTRUMENT_INFO: Size Distribution Data From the DMT Ultra-High Sensitivity Aerosol Spectrometer (UHSAS)
DATA_INFO: UHSAS measurements are reported at standard temperature and pressure (0 deg C, 1013 mb)
  - Flagged data are due to missing data or instrument issues
  - Concentrations can be converted back to ambient conditions by dividing by the stdPT conversion factor
  - Integrated surface areas and volumes are calculated by assuming spherical particles
UNCERTAINTY: all data are 20%
ULOD_FLAG: -7777
ULOD_VALUE: N/A
LLOD_FLAG: -8888
LLOD_VALUE: N/A
DM_CONTACT_INFO: Michael Shook (michael.shook@nasa.gov)
PROJECT_INFO: SASA 2022
STIPULATIONS_ON_USE: STIPULATIONS_ON_USE: This is FIELD data. Please consult the PI and/or DM prior to use.
OTHER_COMMENTS: Data are processed with respect to mid-point polystyrene-latex-equivalent optical diameters and are rebinned to a 20 channels per decade standard binning scheme (dlogD = 0.05)
OTHER_COMMENTS: Mid-point diameters (in nm) are:
        63.1, 70.8, 79.4, 89.1, 100.0, 112.2, 125.9, 141.3, 158.5, 177.8, 199.5, 223.9, 251.2, 281.8, 316.2, 354.8, 398.1, 446.7, 501.2, 562.3, 631.0, 707.9, 794.3, 891.3, 1000.0
REVISION: RA
RA: None
*******************************************************************************************************************************
Start_UTC,nUHSAS_PSL,sUHSAS_PSL,vUHSAS_PSL,UHSAS_Bin01,UHSAS_Bin02,UHSAS_Bin03,UHSAS_Bin04,UHSAS_Bin05,UHSAS_Bin06,UHSAS_Bin07,UHSAS_Bin08,UHSAS_Bin09,UHSAS_Bin10,UHSAS_Bin11,UHSAS_Bin12,UHSAS_Bin13,UHSAS_Bin14,UHSAS_Bin15,UHSAS_Bin16,UHSAS_Bin17,UHSAS_Bin18,UHSAS_Bin19,UHSAS_Bin20,UHSAS_Bin21,UHSAS_Bin22,UHSAS_Bin23,UHSAS_Bin24,UHSAS_Bin25,stdPT
[from data line 1837]
51177,1225.62,113.33,4.34,48.51,1018.73,2182.98,2255.75,2061.71,2182.98,1649.37,2231.50,2037.45,2280.01,2037.45,1722.13,921.70,620.94,509.36,339.58,266.81,97.02,48.51,0.00,0.00,0.00,0.00,0.00,0.00,1.263
51178,1230.07,122.22,4.85,48.74,1145.49,2120.38,1901.03,1852.29,1852.29,2096.01,2266.62,2071.64,1852.29,2047.27,1803.54,974.89,1130.87,658.05,365.58,243.72,73.12,97.49,0.00,0.00,0.00,0.00,0.00,0.00,1.260
51179,1240.09,117.30,4.47,24.33,1167.60,2262.23,1824.38,1970.33,2262.23,1727.08,2140.60,2043.30,2383.86,2091.95,1654.10,1021.65,914.62,681.10,389.20,145.95,48.65,24.33,24.33,0.00,0.00,0.00,0.00,0.00,1.263
51180,1323.33,122.73,4.68,48.54,1334.74,2475.33,2499.60,2038.51,1771.56,2208.38,2038.51,2523.86,2159.85,2378.26,1650.22,849.38,1300.76,558.16,364.02,145.61,72.80,0.00,48.54,0.00,0.00,0.00,0.00,0.00,1.262
51181,1326.57,125.09,4.81,72.87,971.66,2356.29,2380.58,2186.25,2502.04,1870.45,2161.95,1870.45,2283.41,2599.20,2089.08,947.37,1049.40,583.00,267.21,145.75,121.46,24.29,48.58,0.00,0.00,0.00,0.00,0.00,1.263
51182,1320.29,129.00,5.01,0.00,1189.89,2306.92,1845.54,2161.22,2234.07,2379.77,2306.92,1821.25,2622.61,1894.10,1748.40,1214.17,1223.88,607.08,509.95,169.98,145.70,24.28,0.00,0.00,0.00,0.00,0.00,0.00,1.260
51183,1202.51,113.63,4.35,24.28,1044.19,1966.96,2525.47,2064.09,1821.25,1821.25,2282.64,1748.40,2015.52,1918.39,1578.42,898.49,932.48,582.80,534.23,242.83,48.57,0.00,0.00,0.00,0.00,0.00,0.00,0.00,1.264
51184,1259.60,123.32,4.87,24.30,1069.11,2016.73,2332.60,1870.94,2259.71,2041.02,1895.24,2162.51,2235.41,1943.83,1603.66,1190.60,1088.55,753.24,364.47,267.28,24.30,24.30,0.00,0.00,24.30,0.00,0.00,0.00,1.260
51185,1421.95,132.98,5.00,72.63,1210.58,2227.46,2493.79,2275.89,2348.52,2057.98,2687.48,2348.52,2711.70,2493.79,2082.19,1016.89,1007.20,726.35,387.39,169.48,96.85,0.00,24.21,0.00,0.00,0.00,0.00,0.00,1.260
51186,1233.37,115.94,4.41,72.79,1116.17,2523.51,2159.55,2038.22,1892.64,1771.31,2183.81,1844.11,2086.75,1795.58,1674.25,1116.17,1106.46,679.41,339.70,194.12,48.53,24.26,0.00,0.00,0.00,0.00,0.00,0.00,1.258
51187,1366.19,133.26,5.17,72.73,1357.71,2109.30,2594.19,2351.74,2036.56,1721.38,2472.97,2254.76,2085.05,2327.50,2060.81,1115.26,1163.75,775.83,436.41,266.69,96.98,24.24,0.00,0.00,0.00,0.00,0.00,0.00,1.261
51188,1383.94,128.25,4.84,97.15,1238.70,2501.69,2598.84,2307.38,2331.67,2088.79,2331.67,2015.92,2404.54,2088.79,2088.79,1262.99,913.24,704.36,388.61,218.59,72.86,24.29,0.00,0.00,0.00,0.00,0.00,0.00,1.257
51189,1399.01,136.13,5.33,48.50,1139.78,2716.06,2473.56,2158.30,1988.55,1915.79,3055.57,2376.55,2061.30,2206.80,1818.79,1115.53,1183.43,800.27,509.26,242.51,145.50,24.25,0.00,0.00,0.00,0.00,0.00,0.00,1.256
51190,1369.71,119.90,4.38,48.61,1069.51,2430.71,2625.17,2698.09,2163.33,2552.25,2430.71,2284.87,2236.25,1871.65,1944.57,850.75,972.28,631.98,413.22,72.92,72.92,24.31,0.00,0.00,0.00,0.00,0.00,0.00,1.256
51191,1387.86,133.13,5.17,24.21,1428.28,2106.11,2783.94,2566.07,2033.49,1815.61,2541.86,2323.99,2396.61,1839.82,1742.99,1283.03,1491.22,581.00,435.75,193.67,121.04,48.42,0.00,0.00,0.00,0.00,0.00,0.00,1.257
51192,1345.81,125.72,4.65,121.44,1287.28,1894.48,2015.92,1918.77,2040.21,2550.26,2720.28,2453.11,2307.38,2234.52,1967.35,995.82,1243.56,680.07,218.59,194.31,48.58,24.29,0.00,0.00,0.00,0.00,0.00,0.00,1.258
51193,1326.66,124.79,4.71,0.00,895.74,2469.33,2638.80,2081.99,2299.87,2033.57,2033.57,2541.96,2203.03,1960.94,1573.60,1113.62,1258.88,726.27,484.18,169.46,48.42,0.00,0.00,0.00,0.00,0.00,0.00,0.00,1.254
51194,1297.72,116.99,4.50,72.86,995.82,2598.84,2380.25,2161.65,1943.06,2113.08,2841.72,2234.52,2137.36,2283.09,1335.85,728.65,816.08,607.21,340.04,194.31,97.15,48.58,0.00,24.29,0.00,0.00,0.00,0.00,1.256
51195,1279.36,126.73,5.11,97.27,924.08,2091.33,2504.73,2358.82,2115.65,1823.83,2139.96,2188.60,2188.60,1799.52,1434.75,972.71,1245.07,778.17,632.26,170.22,24.32,48.64,24.32,24.32,0.00,0.00,0.00,0.00,1.257
51196,1308.08,118.50,4.45,97.04,1285.77,2644.31,2474.49,2110.60,1795.22,1843.74,1965.04,2789.87,2353.19,2256.15,1431.32,946.13,834.53,582.23,509.45,121.30,97.04,24.26,0.00,0.00,0.00,0.00,0.00,0.00,1.257
51197,1267.56,119.52,4.44,24.32,1313.03,1653.44,2869.21,1799.34,2066.80,1580.50,2164.07,2066.80,2285.64,1872.28,2018.17,1434.61,1108.78,656.51,267.47,72.95,97.26,0.00,0.00,0.00,0.00,0.00,0.00,0.00,1.255
51198,1282.40,117.83,4.36,72.96,1094.41,2650.90,2334.74,1751.05,1921.30,1556.49,2432.02,2091.54,2748.18,1896.98,1945.62,1070.09,1011.72,462.08,437.76,97.28,24.32,48.64,0.00,0.00,0.00,0.00,0.00,0.00,1.255
51199,1289.68,131.78,5.51,0.00,923.63,2357.70,2114.63,2066.02,2211.86,1531.29,2479.23,1968.80,2430.61,2163.25,1871.57,875.02,1244.47,631.96,510.43,194.45,145.84,0.00,24.31,24.31,0.00,24.31,0.00,0.00,1.254
51200,1308.22,129.39,5.03,72.87,874.41,2307.47,2186.03,1991.71,1943.14,2137.45,2380.34,2258.90,1991.71,2598.94,1530.22,1141.59,1243.61,582.94,655.81,145.74,72.87,48.58,0.00,0.00,0.00,0.00,0.00,0.00,1.253
51201,1350.13,127.53,4.89,48.55,970.97,2233.23,2742.99,2233.23,2233.23,2208.95,2063.31,2354.60,2354.60,2014.76,1917.66,1189.44,1126.32,679.68,242.74,218.47,145.65,0.00,24.27,0.00,0.00,0.00,0.00,0.00,1.250
51202,1382.35,135.66,5.24,48.53,1043.38,2741.89,2499.25,1868.37,2062.49,1819.84,2232.34,2644.84,2474.98,2159.55,1916.90,1310.29,1319.99,776.47,291.17,339.70,72.79,24.26,0.00,0.00,0.00,0.00,0.00,0.00,1.251
51203,1362.01,128.84,5.09,96.89,1186.88,2567.55,2179.99,2640.21,1961.99,2349.55,2349.55,2252.66,2422.21,1986.22,1695.55,993.11,1007.64,750.89,411.78,193.78,121.11,24.22,24.22,24.22,0.00,0.00,0.00,0.00,1.253
51204,1270.63,118.70,4.50,24.27,1043.69,2233.01,2475.72,2063.10,2233.01,1966.02,2135.92,2087.37,2233.01,1966.02,1480.58,970.87,1067.96,800.97,364.08,194.17,48.54,24.27,0.00,0.00,0.00,0.00,0.00,0.00,1.252
51205,1258.68,119.85,4.58,24.28,971.20,1796.72,2258.04,2185.20,1845.28,2063.80,2452.28,2088.08,2282.32,2233.76,1748.16,1068.32,990.62,485.60,364.20,194.24,48.56,48.56,24.28,0.00,0.00,0.00,0.00,0.00,1.252
51206,1447.79,135.22,5.12,97.20,1093.49,2648.68,2697.28,2138.39,2186.99,2162.69,2770.18,2357.09,2964.58,2114.09,2114.09,996.29,1302.47,680.40,291.60,218.70,48.60,48.60,24.30,0.00,0.00,0.00,0.00,0.00,1.249
51207,1361.46,127.89,4.81,24.26,970.39,2620.05,2571.53,2013.56,1965.04,1940.78,2668.57,2377.45,2523.01,1989.30,1916.52,1164.47,1125.65,752.05,339.64,194.08,24.26,48.52,0.00,0.00,0.00,0.00,0.00,0.00,1.248
51208,1354.50,128.74,4.84,48.64,802.49,2383.14,2723.59,1921.10,2212.92,1896.79,2358.82,2553.37,2723.59,2212.92,1361.80,1094.30,1264.52,899.76,462.04,121.59,24.32,24.32,0.00,0.00,0.00,0.00,0.00,0.00,1.246
51209,1263.49,120.95,4.68,24.23,1090.47,2108.25,2423.27,2059.78,1768.99,2084.01,2108.25,2350.57,2205.18,1865.92,1744.76,1066.24,988.70,654.28,363.49,218.09,121.16,0.00,24.23,0.00,0.00,0.00,0.00,0.00,1.247
51210,1228.15,112.33,4.26,48.52,1043.27,2086.54,2329.17,2377.69,2086.54,1989.50,2110.81,2062.28,2086.54,1674.09,1698.35,558.03,1222.81,606.55,145.57,363.93,48.52,24.26,0.00,0.00,0.00,0.00,0.00,0.00,1.244
51211,1163.44,109.83,4.52,72.88,850.29,2429.40,2162.17,1870.64,1554.82,2064.99,2089.29,2016.41,1967.82,1919.23,1506.23,947.47,602.49,340.12,461.59,291.53,97.18,0.00,0.00,0.00,0.00,0.00,24.29,0.00,1.245
51212,1222.74,112.15,4.19,48.57,1044.25,2282.78,2452.77,1651.37,1869.93,2161.35,2015.64,2234.21,1894.22,1942.79,1627.08,1165.67,1068.53,509.98,267.13,97.14,72.85,48.57,0.00,0.00,0.00,0.00,0.00,0.00,1.243
51213,1346.84,131.27,5.07,48.54,922.33,2427.18,2330.09,2160.19,2281.55,1553.40,2597.08,2257.28,2766.98,1820.38,1796.11,1432.04,990.29,728.15,436.89,291.26,72.82,24.27,0.00,0.00,0.00,0.00,0.00,0.00,1.248
51214,1380.61,126.10,4.79,48.60,1360.68,2429.79,2697.07,2235.41,2113.92,1870.94,2697.07,2599.88,2672.77,1433.58,1846.64,1287.79,1127.42,607.45,242.98,218.68,72.89,24.30,0.00,24.30,0.00,0.00,0.00,0.00,1.245
51215,1401.12,128.95,4.80,24.28,1286.76,2573.53,2864.87,2087.96,2015.12,2185.07,2597.81,2233.63,2209.35,2379.30,1845.17,1262.49,1145.95,631.24,461.29,145.67,72.84,0.00,0.00,0.00,0.00,0.00,0.00,0.00,1.247
51216,1207.42,113.42,4.23,24.33,778.51,2140.90,1970.60,2116.58,2359.86,1508.36,2262.55,2140.90,1921.95,1873.29,1702.99,1046.12,1109.38,705.53,316.27,97.31,72.99,0.00,0.00,0.00,0.00,0.00,0.00,0.00,1.242
51217,1253.59,115.46,4.33,72.91,753.42,2211.64,2430.37,1992.91,1992.91,1871.39,2211.64,2454.68,2551.89,2017.21,1458.22,802.02,1108.25,607.59,315.95,121.52,24.30,48.61,24.30,0.00,0.00,0.00,0.00,0.00,1.239
51218,1307.10,118.53,4.55,24.32,1435.04,2797.10,2578.20,2043.10,2237.68,2018.78,2164.71,2286.33,1824.20,1921.49,1386.39,826.97,1186.94,729.68,316.19,218.90,121.61,24.32,0.00,0.00,0.00,0.00,0.00,0.00,1.242
51219,1265.98,116.02,4.34,0.00,1066.49,2254.18,2229.94,2084.51,2108.75,1914.84,2326.90,2423.85,2181.47,2229.94,1478.55,751.39,911.37,702.92,436.29,169.67,24.24,0.00,24.24,0.00,0.00,0.00,0.00,0.00,1.245
51220,1364.00,126.93,4.74,48.72,950.10,2801.57,2484.87,1948.92,2241.26,1778.39,2728.49,2655.40,2216.90,1924.56,1680.94,1193.71,1286.29,657.76,511.59,97.45,73.08,0.00,0.00,0.00,0.00,0.00,0.00,0.00,1.241
51221,1301.64,119.18,4.42,97.19,1239.19,2599.88,1725.15,2211.11,2041.02,2065.32,2478.39,2211.11,1895.24,2356.90,1798.05,1214.90,933.04,631.75,364.47,97.19,48.60,0.00,24.30,0.00,0.00,0.00,0.00,0.00,1.242
51222,1293.29,116.94,4.49,48.58,1384.62,2259.12,2186.25,2283.41,2234.83,2089.08,2550.62,2186.25,2234.83,2089.08,1190.29,850.21,991.10,583.00,388.67,145.75,121.46,0.00,48.58,0.00,0.00,0.00,0.00,0.00,1.242
51223,1261.29,112.90,4.13,24.29,1262.99,2161.65,2258.81,2258.81,2234.52,1870.19,2331.67,2210.23,1748.75,1821.62,1675.89,1433.01,913.24,510.05,315.75,145.73,48.58,0.00,0.00,0.00,0.00,0.00,0.00,0.00,1.240
51224,1188.45,103.78,3.86,72.69,1332.61,2422.94,2277.56,1696.06,2253.33,1865.66,1986.81,2035.27,2011.04,1792.97,1090.32,1114.55,872.26,339.21,290.75,193.83,121.15,0.00,0.00,0.00,0.00,0.00,0.00,0.00,1.240
51225,1173.84,106.84,4.04,0.00,1068.90,2162.08,2064.91,2210.67,2356.43,1676.22,2137.79,1943.45,1676.22,1481.88,1627.64,1020.31,932.85,510.15,194.34,364.40,48.59,0.00,0.00,0.00,0.00,0.00,0.00,0.00,1.242
51226,1166.46,97.36,3.43,24.25,1042.57,2133.62,2254.85,2206.36,2157.87,1939.66,2473.07,1697.20,1721.45,1672.96,1648.71,678.88,853.45,557.65,96.98,121.23,48.49,0.00,0.00,0.00,0.00,0.00,0.00,0.00,1.241
51227,1129.38,93.19,3.33,72.85,1044.14,1966.88,2501.09,2233.98,1966.88,1918.31,1918.31,1796.90,2112.57,1554.08,1165.56,898.45,660.48,437.08,145.69,121.41,24.28,48.56,0.00,0.00,0.00,0.00,0.00,0.00,1.238
51228,1152.47,105.56,3.96,24.31,1020.96,2017.61,1798.83,2382.24,1847.45,1823.14,2382.24,1531.44,1750.22,2041.92,1555.75,948.03,855.66,510.48,291.70,170.16,72.93,24.31,0.00,0.00,0.00,0.00,0.00,0.00,1.240
51229,1099.31,99.17,3.90,0.00,947.05,2258.36,2501.19,2234.07,1869.82,1287.02,1651.27,2185.51,1796.97,1384.15,1311.30,655.65,738.22,485.67,267.12,194.27,169.98,24.28,24.28,0.00,0.00,0.00,0.00,0.00,1.238
51230,1163.08,100.65,3.66,72.72,1309.01,2157.44,1939.27,1915.03,2108.96,2060.48,1963.51,1987.76,2205.92,1769.59,1042.36,872.67,717.53,727.23,218.17,145.45,48.48,0.00,0.00,0.00,0.00,0.00,0.00,0.00,1.236
51231,1029.33,91.82,3.46,0.00,948.58,2091.75,2043.10,2018.78,1580.97,1386.39,1945.81,1799.87,1556.65,1605.29,972.91,851.29,739.41,608.07,170.26,170.26,72.97,24.32,0.00,0.00,0.00,0.00,0.00,0.00,1.237
51232,1040.87,83.73,3.13,24.33,778.59,2603.40,2214.11,2141.12,1678.83,1873.48,1727.49,1727.49,1581.51,1484.18,1216.54,535.28,622.87,218.98,218.98,97.32,24.33,0.00,0.00,24.33,24.33,0.00,0.00,0.00,1.237
51233,1159.00,96.93,3.49,48.56,1165.56,2039.72,2403.96,2015.44,2136.85,1675.49,2306.83,1991.16,1918.31,1796.90,1384.10,898.45,718.76,267.11,169.98,121.41,72.85,48.56,0.00,0.00,0.00,0.00,0.00,0.00,1.237
51234,1224.56,102.54,3.67,48.54,1019.25,2475.33,2353.99,2305.45,2111.31,2256.92,2281.19,2062.77,1674.49,1771.56,1456.08,970.72,854.23,533.89,145.61,48.54,97.07,24.27,0.00,0.00,0.00,0.00,0.00,0.00,1.236
51235,1236.37,110.34,4.24,24.32,948.62,2237.77,2529.65,2189.12,1872.92,2091.83,2699.92,2018.86,2189.12,1556.71,1289.15,851.33,1109.16,681.06,267.56,121.62,0.00,24.32,0.00,0.00,0.00,24.32,0.00,0.00,1.231
51236,1043.17,81.58,2.81,72.83,995.34,1917.85,2257.73,2160.62,1650.81,1845.02,2039.24,1990.68,1529.43,1650.81,1019.62,485.53,640.90,364.15,97.11,97.11,24.28,24.28,0.00,0.00,0.00,0.00,0.00,0.00,1.233
51237,1101.01,86.24,2.93,24.27,1189.37,1674.82,2330.19,2160.28,2208.82,1723.37,2548.64,1820.46,1796.18,1504.91,1019.46,728.18,757.31,242.73,145.64,121.36,24.27,0.00,0.00,0.00,0.00,0.00,0.00,0.00,1.232
51238,1081.87,91.85,3.46,72.92,1020.86,2187.55,1652.82,1993.10,2041.72,1968.80,2090.33,2017.41,1579.90,1336.84,1239.61,996.55,758.35,340.29,243.06,24.31,24.31,24.31,0.00,0.00,0.00,24.31,0.00,0.00,1.231
51239,996.93,79.05,2.74,72.80,994.99,1625.95,2426.79,2256.92,1698.76,1625.95,1601.68,1577.42,1553.15,1771.56,873.65,582.43,621.26,388.29,169.88,48.54,48.54,0.00,0.00,0.00,0.00,0.00,0.00,0.00,1.233
51240,1114.18,95.67,3.48,24.26,1310.23,2135.20,2232.25,1868.30,1844.03,1722.71,1844.03,1795.51,2062.41,1771.24,1310.23,703.64,640.56,509.54,315.43,145.58,48.53,0.00,0.00,0.00,0.00,0.00,0.00,0.00,1.231
51241,1114.15,91.34,3.26,24.32,826.92,1824.09,2456.44,2261.87,2115.94,1970.01,2018.66,1945.69,1945.69,1556.55,1361.99,705.31,564.25,267.53,218.89,121.61,48.64,48.64,0.00,0.00,0.00,0.00,0.00,0.00,1.232
51242,1137.63,90.74,3.22,97.13,1189.84,2233.98,2258.27,2355.40,2039.72,2428.24,1821.18,1869.75,1529.79,1505.51,1286.97,728.47,582.78,437.08,194.26,121.41,48.56,24.28,0.00,0.00,0.00,0.00,0.00,0.00,1.232
51243,1117.27,92.70,3.35,48.62,996.69,2309.41,2285.10,1847.52,2236.48,1896.14,1920.45,2090.62,1871.83,1288.41,1312.71,802.21,466.74,486.19,243.10,170.17,72.93,0.00,0.00,0.00,0.00,0.00,0.00,0.00,1.231
51244,1046.31,82.75,2.88,24.25,1261.20,1746.28,2231.36,2134.35,2037.33,1722.03,2231.36,1625.01,1503.74,1430.98,848.89,751.87,698.51,363.81,194.03,72.76,48.51,0.00,0.00,0.00,0.00,0.00,0.00,0.00,1.230
51245,1095.53,91.72,3.24,24.30,534.52,2040.90,1943.72,2259.57,2186.68,1797.94,2186.68,1968.01,1846.53,1579.27,1360.60,777.49,796.92,267.26,218.67,48.59,48.59,0.00,24.30,0.00,0.00,0.00,0.00,0.00,1.231
51246,1117.65,95.08,3.59,48.54,1262.06,2087.25,2475.58,2596.93,1626.11,1965.90,1723.19,1771.74,1771.74,1164.98,1383.41,752.38,776.65,315.51,339.78,194.16,48.54,24.27,24.27,0.00,0.00,0.00,0.00,0.00,1.230
51247,1067.77,89.99,3.32,97.11,801.19,2185.07,1966.56,2257.91,2403.58,1772.34,1699.50,1578.11,1432.44,1553.83,1262.49,776.91,718.65,412.74,315.62,48.56,48.56,0.00,0.00,24.28,0.00,0.00,0.00,0.00,1.228
51248,1097.85,89.80,3.20,97.33,1216.59,1849.22,2189.87,2238.53,1849.22,2287.19,2165.53,1532.91,1849.22,1386.92,948.94,754.29,642.36,486.64,316.31,121.66,24.33,0.00,0.00,0.00,0.00,0.00,0.00,0.00,1.232
51249,1078.53,88.38,3.21,48.60,1093.60,1919.88,2187.20,2430.23,2114.30,1433.83,2114.30,1871.27,1603.95,1482.44,1020.70,729.07,816.56,364.53,170.12,121.51,0.00,24.30,0.00,24.30,0.00,0.00,0.00,0.00,1.230
51250,1204.14,97.52,3.43,48.64,924.20,2480.76,2626.69,2140.26,2261.87,2018.66,2383.47,2091.62,1605.20,1702.48,1434.95,802.60,758.82,486.42,267.53,0.00,0.00,24.32,24.32,0.00,0.00,0.00,0.00,0.00,1.231
51251,946.56,75.90,2.77,0.00,1094.15,1993.78,1483.18,2163.98,1726.32,1799.26,1799.26,1604.75,1337.29,1312.98,972.58,486.29,525.19,267.46,145.89,72.94,72.94,72.94,0.00,0.00,0.00,0.00,0.00,0.00,1.229
51252,1040.90,82.74,2.93,24.37,1072.33,2169.04,2558.98,1900.96,1681.62,2193.41,1852.21,1364.79,1437.90,1145.45,1364.79,731.14,662.90,341.20,146.23,121.86,24.37,24.37,0.00,0.00,0.00,0.00,0.00,0.00,1.229
51253,1054.81,82.04,2.91,24.29,1117.48,2550.77,2089.20,2575.07,1676.22,1724.81,1797.69,1627.64,1676.22,1044.60,1409.00,558.74,544.16,315.81,170.05,121.47,24.29,48.59,0.00,0.00,0.00,0.00,0.00,0.00,1.228
51254,1092.63,90.44,3.58,48.60,1069.30,2260.11,2430.23,2065.69,2138.60,1822.67,2065.69,1798.37,1458.14,1288.02,1312.32,656.16,661.02,388.84,145.81,145.81,24.30,48.60,0.00,0.00,0.00,0.00,24.30,0.00,1.228
