NASA Intern/Datasets/LARGE/SASA-LARGE-MICROPHYSICAL_P3B_20220706_RA.ict
56,1001
Richard Moore, Luke Ziemba, Edward Winstead, Michael Shook, Claire Robinson, John Barrick, Bruce Anderson, and Ali Omar
NASA Langley
In-situ microphysical aerosol measurements from the NASA P3B
NASA SASA
1,1
2022,07,06,2022,07,7
1.0
Time_Mid,Secs after midnight,Time of acquisition
9
1,1,1,1,1,1,1,1,1
-9999,-9999,-9999,-9999,-9999,-9999,-9999,-9999,-9999
CNgt3nm, #/cm3, AerMP_NumConc_InSitu_RHd_None_Bulk_STP, Number concentration of particles with diameters greater than 3nm
CNgt10nm, #/cm3, AerMP_NumConc_InSitu_RHd_None_Bulk_STP, Number concentration of particles with diameters greater than 10nm
IntegN_100to1000nm_UHSAS, #/cm3, Number concentration of particles with diameters between 100 and 1000nm (inclusive) as measured by the UHSAS
IntegS_100to1000nm_UHSAS, um2/cm3, Surface area concentration of particles with diameters between 100 and 1000nm (inclusive) as measured by the UHSAS
IntegV_100to1000nm_UHSAS, um3/cm3, Volume concentration of particles with diameters between 100 and 1000nm (inclusive) as measured by the UHSAS
IntegN_gt1000nm_APS, #/cm3, Number concentration of particles with diameters greater than 1000nm as measured by the APS
IntegS_gt1000nm_APS, um2/cm3, Surface area concentration of particles with diameters greater 1000nm as measured by the APS
IntegV_gt1000nm_APS, um3/cm3, Volume concentration of particles with diameters greater than 1000nm as measured by the APS
stdPT, unitless, None, Conversion factor to convert between ambient and standard pressure and temperature conditions
0
33
******************************************************************************************************************
Langley Aerosol data from the 2022 SASA field campaign
 
PI_CONTACT_INFO: richard.h.moore@nasa.gov
PLATFORM: NASA P3B aircraft
LOCATION: Latitude, Longitude, and Altitude included in MetNav files
ASSOCIATED_DATA: None
INSTRUMENT_INFO: Flagged data are due to missing data or to instrument issues.
CN statistics: TSI Condensation Particle Counters
	- CNgt3nm is measured with a TSI CPC-3776
	- CNgt10nm is measured with a TSI CPC-3772
	- The CPC-3772 data are corrected for coincidence errors when the aerosol concentrations exceed 10,000 cm-3
	- Due to flow irregularities and response times differences, there will be times where CNgt10nm > CNgt3nm
UHSAS statistics: Optical Size Distribution Data from the DMT Ultra-High Sensitivity Aerosol Spectrometer (UHSAS)
   - Data are processed with respect to mid-point polystyrene-latex-equivalent optical diameters and are rebinned to a standard binning scheme
APS statistics: Aerodynamic Size Distribution Data From the TSI Aerodynamic Particle Sizer (APS), Model 3321
   - Data are processed with respect to mid-point polystyrene-latex-equivalent aerodynamic diameters (assuming spherical particles with a density of 1 g/cm3) and are rebinned to a standard binning scheme
DATA_INFO: Aerosol measurements are reported at standard temperature and pressure (0 deg C, 1013 mb)
   - Concentrations can be converted back to ambient conditions by dividing by the stdPT conversion factor
   - Integrated surface areas and volumes are calculated by assuming spherical particles
UNCERTAINTY: CPC data is 10%, UHSAS is 20%, APS is 20%
ULOD_FLAG: -7777
ULOD_VALUE: N/A
LLOD_FLAG: -8888
LLOD_VALUE: N/A
DM_CONTACT_INFO: Michael Shook (michael.shook@nasa.gov)
PROJECT_INFO: SARP 2022
STIPULATIONS_ON_USE: This is FIELD data. Please consult the PI and/or DM prior to use.
OTHER_COMMENTS: none
REVISION: RA
RA: None
******************************************************************************************************************
Time_Mid,CNgt3nm,CNgt10nm,IntegN_100to1000nm_UHSAS,IntegS_100to1000nm_UHSAS,IntegV_100to1000nm_UHSAS,IntegN_gt1000nm_APS,IntegS_gt1000nm_APS,IntegV_gt1000nm_APS,stdPT
[from data line 5552]
59452,3073.85,2609.46,260.57,31.10,1.22,0.00,0.00,0.00,1.154
59453,3284.91,2942.04,255.43,29.89,1.13,0.00,0.00,0.00,1.152
59454,2599.11,3362.25,257.63,27.94,1.04,0.00,0.00,0.00,1.152
59455,2509.73,3217.32,267.30,31.67,1.23,0.00,0.00,0.00,1.152
59456,2663.80,2752.22,248.07,27.35,1.02,0.00,0.00,0.00,1.152
59457,2908.69,2676.44,240.19,28.27,1.11,0.00,0.00,0.00,1.155
59458,3043.03,2932.38,230.32,29.01,1.23,0.00,0.00,0.00,1.151
59459,2820.34,3196.38,257.19,26.84,0.99,0.00,0.00,0.00,1.153
59460,2521.18,3151.47,237.19,28.11,1.08,0.00,0.00,0.00,1.152
59461,2309.48,2861.99,286.65,34.10,1.28,0.00,0.00,0.00,1.153
59462,2719.45,2509.42,274.19,29.81,1.10,0.00,0.00,0.00,1.154
59463,3041.39,2576.88,248.57,27.89,1.07,0.00,0.00,0.00,1.152
59464,3516.83,2919.63,263.24,30.59,1.18,0.00,0.00,0.00,1.150
59465,3373.09,3594.27,235.80,25.32,0.91,0.00,0.00,0.00,1.154
59466,3263.33,3584.13,280.06,31.54,1.20,0.00,0.00,0.00,1.153
59467,2909.69,3440.73,259.10,31.80,1.28,0.00,0.00,0.00,1.151
59468,2931.53,3296.59,263.04,30.92,1.19,0.00,0.00,0.00,1.151
59469,2901.35,3178.19,245.89,25.42,0.91,0.00,0.00,0.00,1.150
59470,2911.05,3110.29,251.22,30.38,1.19,0.00,0.00,0.00,1.157
59471,3352.49,3031.63,254.07,27.25,0.99,0.00,0.00,0.00,1.154
59472,2842.99,3119.54,256.65,27.84,1.01,0.00,0.00,0.00,1.153
59473,2820.21,3306.84,304.24,32.55,1.20,0.00,0.00,0.00,1.151
59474,2975.70,3042.08,275.24,29.36,1.07,0.00,0.00,0.00,1.150
59475,3183.68,2951.54,300.31,34.41,1.37,0.00,0.00,0.00,1.153
59476,3569.63,3381.76,288.06,31.43,1.16,0.00,0.00,0.00,1.151
59477,3425.87,3746.36,314.15,34.42,1.26,0.00,0.00,0.00,1.151
59478,3503.99,3780.33,294.56,33.60,1.26,0.00,0.00,0.00,1.151
59479,3713.86,3603.33,291.73,31.52,1.17,0.00,0.00,0.00,1.153
59480,4987.63,3903.85,300.46,33.99,1.27,0.00,0.00,0.00,1.150
59481,4345.40,4467.03,284.79,30.74,1.14,0.00,0.00,0.00,1.149
59482,4089.42,4719.41,360.29,39.10,1.43,0.00,0.00,0.00,1.151
59483,4323.18,4444.81,302.33,33.19,1.27,0.00,0.00,0.00,1.150
59484,3668.62,4364.77,334.87,37.96,1.43,0.00,0.00,0.00,1.152
59485,3302.49,4009.38,304.56,35.58,1.35,0.00,0.00,0.00,1.152
59486,2949.82,3645.84,340.40,38.43,1.43,0.00,0.00,0.00,1.153
59487,4930.11,3194.62,320.56,35.97,1.35,0.00,0.00,0.00,1.151
59488,5329.63,3991.69,290.97,31.95,1.22,0.00,0.00,0.00,1.155
59489,5304.13,5414.64,305.09,34.32,1.32,0.00,0.00,0.00,1.150
59490,4717.04,5600.79,337.78,36.03,1.32,0.00,0.00,0.00,1.153
59491,5170.63,5148.53,339.93,36.88,1.35,0.00,0.00,0.00,1.153
59492,5158.13,5180.22,342.31,38.10,1.47,0.00,0.00,0.00,1.154
59493,5925.27,5483.09,322.78,37.72,1.46,0.00,0.00,0.00,1.150
59494,5767.64,5833.94,317.14,35.57,1.36,0.00,0.00,0.00,1.150
59495,4985.45,6245.63,340.62,38.87,1.49,0.00,0.00,0.00,1.150
59496,5124.74,5456.08,370.28,45.01,1.80,0.00,0.00,0.00,1.153
59497,5664.40,5355.24,422.96,48.26,1.89,0.00,0.00,0.00,1.150
59498,5663.66,5774.06,333.78,40.19,1.62,0.00,0.00,0.00,1.151
59499,7905.43,5354.94,386.49,45.27,1.73,0.00,0.00,0.00,1.151
59500,8613.24,7343.34,303.09,36.91,1.47,0.00,0.00,0.00,1.149
59501,8347.49,8457.90,358.58,37.74,1.41,0.00,0.00,0.00,1.149
59502,8016.03,8799.96,342.19,37.80,1.40,0.00,0.00,0.00,1.150
59503,7466.13,8570.59,301.83,31.93,1.20,0.00,0.00,0.00,1.150
59504,7041.35,8133.98,346.54,37.40,1.37,0.00,0.00,0.00,1.150
59505,6732.63,7737.00,338.85,43.69,1.99,0.00,0.00,0.00,1.150
59506,7306.01,7096.32,361.68,38.04,1.49,0.00,0.00,0.00,1.152
59507,7461.61,7516.80,367.85,41.71,1.61,0.00,0.00,0.00,1.150
59508,8025.77,7926.41,399.71,44.61,1.68,0.00,0.00,0.00,1.150
59509,8291.33,8136.76,385.47,41.22,1.57,0.00,0.00,0.00,1.154
59510,8254.69,8850.61,367.80,39.58,1.47,0.00,0.00,0.00,1.154
59511,7629.24,8799.57,331.96,36.78,1.35,0.00,0.00,0.00,1.151
59512,7413.21,8428.12,358.48,40.05,1.53,0.00,0.00,0.00,1.151
59513,6687.62,8166.40,399.09,40.45,1.46,0.00,0.00,0.00,1.151
59514,7128.72,7658.40,398.69,39.85,1.38,0.00,0.00,0.00,1.152
59515,7273.57,7361.87,395.16,46.42,1.81,0.00,0.00,0.00,1.154
59516,5838.26,7968.29,393.24,45.58,1.76,0.00,0.00,0.00,1.153
59517,7075.52,6689.18,379.47,41.99,1.56,0.00,0.00,0.00,1.150
59518,6835.58,7211.04,387.01,44.17,1.69,0.00,0.00,0.00,1.149
59519,7287.25,7430.79,382.37,42.05,1.57,0.00,0.00,0.00,1.152
59520,6933.09,7507.17,382.27,39.04,1.36,0.00,0.00,0.00,1.154
59521,6465.20,7778.10,421.34,51.34,2.13,0.00,0.00,0.00,1.153
59522,6455.12,7304.77,466.23,50.04,1.83,0.00,0.00,0.00,1.151
59523,6673.10,6673.10,464.60,54.50,2.15,0.00,0.00,0.00,1.150
59524,7354.85,6660.16,500.14,53.73,1.95,0.00,0.00,0.00,1.151
59525,7490.17,7225.43,397.00,42.77,1.59,0.00,0.00,0.00,1.152
59526,7228.00,7702.51,405.16,45.19,1.72,0.00,0.00,0.00,1.149
59527,6688.23,7802.94,441.38,51.11,1.95,0.00,0.00,0.00,1.151
59528,6786.83,7316.54,390.09,40.88,1.50,0.00,0.00,0.00,1.153
59529,7296.95,7142.40,432.15,50.74,2.00,0.00,0.00,0.00,1.153
59530,6733.55,7384.82,396.71,44.34,1.65,0.00,0.00,0.00,1.153
59531,6623.76,7308.21,375.38,40.75,1.54,0.00,0.00,0.00,1.150
59532,6632.09,7128.67,388.40,45.57,1.76,0.00,0.00,0.00,1.153
59533,6255.49,7116.04,385.99,42.55,1.65,0.00,0.00,0.00,1.150
59534,5994.16,6815.58,331.52,38.18,1.46,0.00,0.00,0.00,1.151
59535,4874.41,6760.89,0.00,0.00,0.00,0.00,0.00,0.00,1.147
59536,2535.40,5984.02,0.00,0.00,0.00,0.00,0.00,0.00,1.153
59537,3885.69,5493.56,0.00,0.00,0.00,0.00,0.00,0.00,1.151
59538,2284.63,5306.23,0.00,0.00,0.00,0.00,0.00,0.00,1.150
59539,822.26,3148.29,0.00,0.00,0.00,0.00,0.00,0.00,1.153
59540,599.70,651.74,0.00,0.00,0.00,0.00,0.00,0.00,1.152
59541,478.25,193.78,0.00,0.00,0.00,0.00,0.00,0.00,1.151
59542,347.30,98.34,0.00,0.00,0.00,0.00,0.00,0.00,1.152
59543,296.81,56.74,1.21,0.10,0.00,0.00,0.00,0.00,1.149
59544,353.67,48.11,1.21,0.12,0.00,0.00,0.00,0.00,1.149
59545,356.71,44.81,2.44,0.20,0.01,0.00,0.00,0.00,1.154
59546,403.26,43.46,1.21,0.06,0.00,0.00,0.00,0.00,1.150
59547,357.10,44.10,2.18,0.62,0.03,0.00,0.00,0.00,1.150
59548,450.14,49.15,6.07,0.58,0.02,0.00,0.00,0.00,1.150
59549,356.38,44.17,9.69,1.12,0.04,0.00,0.00,0.00,1.152
59550,307.58,43.56,21.59,1.72,0.05,0.00,0.00,0.00,1.152
59551,305.37,49.64,30.04,2.71,0.09,0.00,0.00,0.00,1.150
59552,364.39,49.51,27.63,2.84,0.10,0.00,0.00,0.00,1.153
59553,354.36,48.13,46.83,4.87,0.19,0.00,0.00,0.00,1.152
59554,360.86,48.91,60.14,5.78,0.21,0.00,0.00,0.00,1.153
59555,393.40,44.24,89.92,9.75,0.35,0.00,0.00,0.00,1.151
59556,328.13,45.38,150.77,15.31,0.55,0.00,0.00,0.00,1.151
59557,344.52,45.77,219.26,25.70,0.99,0.00,0.00,0.00,1.152
59558,300.47,44.76,250.91,25.89,0.94,0.00,0.00,0.00,1.154
59559,308.04,45.89,277.37,29.17,1.05,0.00,0.00,0.00,1.152
59560,374.79,48.92,238.89,23.65,0.85,0.00,0.00,0.00,1.152
59561,325.72,54.20,192.20,21.52,0.82,0.00,0.00,0.00,1.153
59562,354.59,51.55,200.03,24.29,0.97,0.00,0.00,0.00,1.153
59563,384.73,51.17,200.38,21.03,0.75,0.00,0.00,0.00,1.150
59564,401.18,51.44,159.68,15.44,0.52,0.00,0.00,0.00,1.151
59565,389.84,50.93,158.71,18.91,0.73,0.00,0.00,0.00,1.150
59566,306.83,49.55,141.18,15.74,0.57,0.00,0.00,0.00,1.150
59567,329.46,47.03,142.55,15.36,0.58,0.00,0.00,0.00,1.150
59568,353.48,48.05,115.76,11.90,0.42,0.00,0.00,0.00,1.151
59569,325.85,48.44,106.61,11.98,0.47,0.00,0.00,0.00,1.152
59570,400.03,50.07,120.72,11.00,0.36,0.00,0.00,0.00,1.151
59571,371.25,47.44,86.50,8.30,0.28,0.00,0.00,0.00,1.152
59572,352.42,50.09,74.06,7.62,0.27,0.00,0.00,0.00,1.150
59573,372.47,46.94,77.21,9.38,0.35,0.00,0.00,0.00,1.150
59574,294.46,50.71,62.97,5.47,0.17,0.00,0.00,0.00,1.151
59575,364.88,45.80,73.35,8.36,0.34,0.00,0.00,0.00,1.149
59576,320.63,50.04,47.12,3.81,0.12,0.00,0.00,0.00,1.149
59577,381.51,46.56,63.48,7.63,0.30,0.00,0.00,0.00,1.153
59578,369.97,48.41,50.95,6.28,0.25,0.00,0.00,0.00,1.150
59579,399.85,47.51,43.30,5.09,0.19,0.00,0.00,0.00,1.149
59580,330.77,51.37,38.82,3.41,0.11,0.00,0.00,0.00,1.149
59581,340.75,54.25,34.82,3.98,0.16,0.00,0.00,0.00,1.150
59582,346.85,50.21,45.28,4.91,0.18,0.00,0.00,0.00,1.149
59583,257.91,51.96,32.49,2.67,0.08,0.00,0.00,0.00,1.149
59584,314.28,54.09,20.33,1.96,0.06,0.00,0.00,0.00,1.149
59585,291.73,53.09,26.39,2.31,0.07,0.00,0.00,0.00,1.152
59586,334.34,50.59,24.03,3.26,0.14,0.00,0.00,0.00,1.151
59587,323.07,50.09,23.07,1.92,0.06,0.00,0.00,0.00,1.151
59588,309.33,53.35,29.19,3.30,0.12,0.00,0.00,0.00,1.152
59589,333.04,52.46,24.34,2.03,0.06,0.00,0.00,0.00,1.151
59590,394.36,52.21,12.14,0.76,0.02,0.00,0.00,0.00,1.150
59591,301.40,50.23,17.99,1.70,0.05,0.00,0.00,0.00,1.149
59592,329.47,46.65,15.78,1.76,0.06,0.00,0.00,0.00,1.153
59593,347.31,50.33,11.88,1.49,0.06,0.00,0.00,0.00,1.149
59594,365.09,54.26,9.72,0.69,0.02,0.00,0.00,0.00,1.150
59595,404.23,50.75,18.24,1.66,0.05,0.00,0.00,0.00,1.150
59596,333.58,51.11,15.58,1.68,0.06,0.00,0.00,0.00,1.149
59597,618.08,48.09,17.97,1.78,0.06,0.00,0.00,0.00,1.151
59598,355.08,45.33,14.56,1.35,0.05,0.00,0.00,0.00,1.149
59599,407.95,49.23,14.30,1.15,0.03,0.00,0.00,0.00,1.151
59600,400.45,47.10,12.12,1.64,0.08,0.00,0.00,0.00,1.150
59601,372.84,45.09,17.97,2.04,0.07,0.00,0.00,0.00,1.149
59602,439.70,47.75,11.63,1.66,0.07,0.00,0.00,0.00,1.149
59603,389.07,55.02,8.53,0.61,0.02,0.00,0.00,0.00,1.151
59604,366.69,51.29,4.84,0.42,0.01,0.00,0.00,0.00,1.150
59605,384.27,53.42,8.47,0.84,0.03,0.00,0.00,0.00,1.151
59606,351.46,51.02,14.53,1.26,0.04,0.00,0.00,0.00,1.154
59607,398.00,49.62,16.99,1.67,0.05,0.00,0.00,0.00,1.153
59608,431.99,45.97,7.29,0.55,0.01,0.00,0.00,0.00,1.151
59609,289.79,46.37,6.06,0.51,0.02,0.00,0.00,0.00,1.153
59610,367.91,43.85,3.64,0.22,0.01,0.00,0.00,0.00,1.151
59611,326.42,42.98,8.50,0.77,0.02,0.00,0.00,0.00,1.151
59612,354.00,40.94,9.67,1.06,0.04,0.00,0.00,0.00,1.151
59613,360.29,42.08,16.69,1.56,0.05,0.00,0.00,0.00,1.150
59614,366.52,44.97,4.61,0.78,0.04,0.00,0.00,0.00,1.152
59615,395.46,46.98,8.50,0.62,0.02,0.00,0.00,0.00,1.149
59616,376.59,45.59,7.26,0.64,0.02,0.00,0.00,0.00,1.150
59617,384.09,42.19,3.39,0.37,0.01,0.00,0.00,0.00,1.150
59618,419.43,47.11,7.27,0.74,0.02,0.00,0.00,0.00,1.152
59619,313.67,48.00,4.85,0.27,0.01,0.00,0.00,0.00,1.151
59620,362.82,45.48,6.07,0.35,0.01,0.00,0.00,0.00,1.149
59621,309.97,49.01,6.06,0.40,0.01,0.00,0.00,0.00,1.149
59622,386.92,50.92,7.26,0.50,0.01,0.00,0.00,0.00,1.150
59623,428.46,47.51,5.83,0.47,0.02,0.00,0.00,0.00,1.150
59624,355.34,49.14,5.84,0.56,0.02,0.00,0.00,0.00,1.150
59625,364.24,45.50,3.63,0.29,0.01,0.00,0.00,0.00,1.152
59626,427.06,48.25,2.42,0.25,0.01,0.00,0.00,0.00,1.148
59627,401.82,47.74,1.21,0.08,0.00,0.00,0.00,0.00,1.149
59628,343.81,45.59,8.48,0.40,0.01,0.00,0.00,0.00,1.151
59629,272.05,50.13,3.64,0.64,0.03,0.00,0.00,0.00,1.151
59630,317.47,46.61,4.84,0.31,0.01,0.00,0.00,0.00,1.152
59631,286.06,44.48,6.06,0.34,0.01,0.00,0.00,0.00,1.150
59632,328.88,44.99,1.21,0.05,0.00,0.00,0.00,0.00,1.152
59633,393.18,42.97,3.64,0.38,0.01,0.00,0.00,0.00,1.150
59634,359.16,43.35,10.92,0.69,0.02,0.00,0.00,0.00,1.151
59635,384.45,39.33,8.47,0.86,0.03,0.00,0.00,0.00,1.151
59636,346.63,42.86,3.63,0.27,0.01,0.00,0.00,0.00,1.150
59637,284.77,40.45,4.84,0.46,0.02,0.00,0.00,0.00,1.149
59638,364.19,43.73,4.85,0.24,0.01,0.00,0.00,0.00,1.150
59639,346.99,40.13,15.87,1.51,0.06,0.00,0.00,0.00,1.152
59640,693.68,41.30,42.41,3.37,0.10,0.00,0.00,0.00,1.150
59641,6248.88,42.15,22.94,1.59,0.04,0.00,0.00,0.00,1.149
59642,5367.07,2265.10,127.50,14.27,0.55,0.00,0.00,0.00,1.151
59643,5083.41,5405.99,417.78,49.23,1.98,0.00,0.00,0.00,1.151
59644,4923.57,5089.91,457.14,51.15,2.00,0.00,0.00,0.00,1.152
59645,4816.94,5625.30,506.46,57.69,2.23,0.00,0.00,0.00,1.153
59646,4141.25,5126.73,492.39,54.89,2.21,0.00,0.00,0.00,1.153
59647,4006.54,5113.32,498.68,50.82,1.78,0.00,0.00,0.00,1.151
59648,4919.70,4820.20,472.13,52.89,2.05,0.00,0.00,0.00,1.150
59649,5116.98,4940.15,476.43,51.61,1.95,0.00,0.00,0.00,1.150
59650,4786.18,5537.82,456.28,54.90,2.33,0.00,0.00,0.00,1.152
59651,4122.40,5382.33,465.50,53.94,2.12,0.00,0.00,0.00,1.150
59652,3915.92,4999.98,427.67,50.02,1.95,0.00,0.00,0.00,1.150
59653,4038.87,4271.24,403.90,41.71,1.51,0.00,0.00,0.00,1.150
59654,3704.02,4323.20,411.80,45.18,1.73,0.00,0.00,0.00,1.150
59655,3722.52,4175.40,470.43,54.40,2.11,0.00,0.00,0.00,1.148
59656,3753.81,4051.90,457.06,51.36,1.99,0.00,0.00,0.00,1.151
59657,3798.09,4040.99,463.74,50.30,1.89,0.00,0.00,0.00,1.153
59658,3878.04,4121.11,435.25,45.91,1.68,0.00,0.00,0.00,1.153
59659,3734.60,4264.96,410.36,42.01,1.52,0.00,0.00,0.00,1.151
59660,3834.15,4331.37,405.87,48.62,1.96,0.00,0.00,0.00,1.152
59661,4495.04,4174.76,422.14,47.82,1.84,0.00,0.00,0.00,1.152
59662,4171.50,4579.82,460.99,48.40,1.72,0.00,0.00,0.00,1.151
59663,4008.19,4604.45,388.23,40.59,1.47,0.00,0.00,0.00,1.148
59664,3633.76,4440.03,378.02,42.96,1.70,0.00,0.00,0.00,1.153
59665,3601.84,4242.65,416.44,44.49,1.69,0.00,0.00,0.00,1.152
59666,3481.18,3967.43,434.20,46.56,1.74,0.00,0.00,0.00,1.149
59667,3468.04,3799.38,424.38,49.01,2.10,0.00,0.00,0.00,1.148
59668,3433.52,3930.33,431.66,47.20,1.76,0.00,0.00,0.00,1.150
59669,3623.37,3877.44,441.42,47.13,1.71,0.00,0.00,0.00,1.149
59670,3679.00,3899.96,410.88,46.66,1.94,0.00,0.00,0.00,1.150
59671,3933.05,3977.24,472.84,49.50,1.77,0.00,0.00,0.00,1.149
59672,3846.15,4056.14,456.91,49.22,1.83,0.00,0.00,0.00,1.149
59673,3842.60,4096.56,480.03,53.77,2.08,0.00,0.00,0.00,1.151
59674,4030.43,4096.68,473.54,49.44,1.77,0.00,0.00,0.00,1.155
59675,3833.68,4187.22,477.85,56.05,2.22,0.00,0.00,0.00,1.149
59676,3820.09,4206.51,471.52,51.79,2.02,0.00,0.00,0.00,1.151
59677,3599.68,4240.12,482.73,48.80,1.72,0.00,0.00,0.00,1.151
59678,3622.76,4053.51,415.49,46.31,1.76,0.00,0.00,0.00,1.151
59679,3533.62,4041.57,478.58,49.55,1.80,0.00,0.00,0.00,1.148
59680,3465.08,3928.57,459.10,50.11,1.88,0.00,0.00,0.00,1.149
59681,3366.12,3708.25,462.88,46.62,1.64,0.00,0.00,0.00,1.151
59682,3418.33,3727.08,552.00,58.31,2.14,0.00,0.00,0.00,1.150
59683,3519.10,3662.51,481.91,51.71,1.91,0.00,0.00,0.00,1.149
59684,3385.05,3726.86,526.16,57.22,2.19,0.00,0.00,0.00,1.149
59685,3789.37,3690.23,560.03,60.78,2.32,0.00,0.00,0.00,1.149
59686,3739.27,3838.54,471.75,54.56,2.14,0.00,0.00,0.00,1.150
59687,3650.63,3948.42,452.89,51.64,2.02,0.00,0.00,0.00,1.148
59688,3838.74,3949.05,453.86,44.75,1.59,0.00,0.00,0.00,1.148
59689,4006.78,4073.01,471.37,48.72,1.78,0.00,0.00,0.00,1.146
59690,3850.65,4192.68,481.33,55.13,2.43,0.00,0.00,0.00,1.147
59691,4081.02,4224.40,516.75,52.66,1.88,0.00,0.00,0.00,1.149
59692,3782.01,4167.93,501.81,53.55,2.00,0.00,0.00,0.00,1.150
59693,3882.08,4246.03,446.33,44.37,1.54,0.00,0.00,0.00,1.150
59694,3959.86,4180.47,458.65,51.60,2.09,0.00,0.00,0.00,1.150
59695,3799.98,4153.47,442.60,50.82,2.07,0.00,0.00,0.00,1.149
59696,3666.03,4107.72,480.78,54.86,2.16,0.00,0.00,0.00,1.150
59697,3686.18,3984.16,471.72,53.26,2.07,0.00,0.00,0.00,1.151
59698,3660.69,4079.68,529.14,54.99,2.03,0.00,0.00,0.00,1.152
59699,3308.67,4014.51,503.80,52.18,1.89,0.00,0.00,0.00,1.149
59700,3331.17,3882.69,512.10,53.29,1.92,0.00,0.00,0.00,1.150
59701,3564.88,3774.58,542.22,62.71,2.67,0.00,0.00,0.00,1.150
59702,3576.57,3918.78,551.16,54.56,2.01,0.00,0.00,0.00,1.150
59703,3473.39,4046.77,610.55,58.06,1.97,0.00,0.00,0.00,1.149
59704,3682.52,4002.27,570.27,63.82,2.80,0.00,0.00,0.00,1.147
59705,3452.93,3927.29,639.15,69.10,2.87,0.00,0.00,0.00,1.146
59706,3484.75,3947.91,611.14,64.99,2.49,0.00,0.00,0.00,1.147
59707,3477.73,3764.78,568.00,59.35,2.23,0.00,0.00,0.00,1.148
59708,3588.08,3775.76,581.12,62.10,2.32,0.00,0.00,0.00,1.147
59709,3542.45,3884.55,592.02,61.61,2.29,0.00,0.00,0.00,1.148
59710,3586.16,3817.88,624.00,64.32,2.33,0.00,0.00,0.00,1.148
59711,3620.66,3819.35,546.30,59.64,2.29,0.00,0.00,0.00,1.149
59712,3523.79,3844.14,573.61,60.14,2.23,0.00,0.00,0.00,1.147
59713,3515.02,3857.68,524.74,55.55,2.07,0.00,0.00,0.00,1.148
59714,3490.74,3866.32,562.84,62.98,2.47,0.00,0.00,0.00,1.152
59715,3509.44,3862.60,662.66,67.29,2.44,0.00,0.00,0.00,1.148
59716,3518.72,3849.63,652.18,69.89,2.69,0.00,0.00,0.00,1.149
59717,3395.69,3825.66,670.14,65.87,2.30,0.00,0.00,0.00,1.148
59718,3428.24,3836.11,599.61,61.81,2.34,0.00,0.00,0.00,1.150
59719,3583.43,3848.05,595.94,69.66,2.90,0.00,0.00,0.00,1.148
59720,3376.18,3949.91,601.68,62.18,2.33,0.00,0.00,0.00,1.147
59721,3385.09,3914.36,589.97,60.44,2.32,0.00,0.00,0.00,1.149
