NASA Intern/Datasets/LARGE/SASA-LARGE-UHSAS_P3B_20220706_RA.ict
70, 1001
Richard Moore, Luke Ziemba, Edward Winstead, Michael Shook, Claire Robinson, John Barrick, Bruce Anderson, and Ali Omar
NASA Langley
In-situ Submicron  Particle Size Distributions from the DMT UHSAS on the NASA P3B
NASA SASA
1,1
2022,07,06,2022,07,7
1.0
Start_UTC,Secs after midnight,Time of acquisition
29
1,1,1,1,1,1,1,1,1,1,1,1,1,1,1,1,1,1,1,1,1,1,1,1,1,1,1,1,1
-9999,-9999,-9999,-9999,-9999,-9999,-9999,-9999,-9999,-9999,-9999,-9999,-9999,-9999,-9999,-9999,-9999,-9999,-9999,-9999,-9999,-9999,-9999,-9999,-9999,-9999,-9999,-9999,-9999
nUHSAS_PSL, #/cm3, integrated UHSAS Dry Aerosol Number Concentration (PSL optical diameter)
sUHSAS_PSL, um2/cm3, integrated UHSAS Dry Aerosol Surface Area Concentration (PSL optical diameter)
vUHSAS_PSL, um3/cm3, integrated UHSAS Dry Aerosol Volume Concentration (PSL optical diameter)
UHSAS_Bin01, #/cm3, Binned UHSAS Dry Aerosol Number Size Distribution (dNdlogD, PSL optical diameter) at bin center 63 nm
UHSAS_Bin02, #/cm3, Binned UHSAS Dry Aerosol Number Size Distribution (dNdlogD, PSL optical diameter) at bin center 71 nm
UHSAS_Bin03, #/cm3, Binned UHSAS Dry Aerosol Number Size Distribution (dNdlogD, PSL optical diameter) at bin center 79 nm
UHSAS_Bin04, #/cm3, Binned UHSAS Dry Aerosol Number Size Distribution (dNdlogD, PSL optical diameter) at bin center 89 nm
UHSAS_Bin05, #/cm3, Binned UHSAS Dry Aerosol Number Size Distribution (dNdlogD, PSL optical diameter) at bin center 100 nm
UHSAS_Bin06, #/cm3, Binned UHSAS Dry Aerosol Number Size Distribution (dNdlogD, PSL optical diameter) at bin center 112 nm
UHSAS_Bin07, #/cm3, Binned UHSAS Dry Aerosol Number Size Distribution (dNdlogD, PSL optical diameter) at bin center 126 nm
UHSAS_Bin08, #/cm3, Binned UHSAS Dry Aerosol Number Size Distribution (dNdlogD, PSL optical diameter) at bin center 141 nm
UHSAS_Bin09, #/cm3, Binned UHSAS Dry Aerosol Number Size Distribution (dNdlogD, PSL optical diameter) at bin center 158 nm
UHSAS_Bin10, #/cm3, Binned UHSAS Dry Aerosol Number Size Distribution (dNdlogD, PSL optical diameter) at bin center 178 nm
UHSAS_Bin11, #/cm3, Binned UHSAS Dry Aerosol Number Size Distribution (dNdlogD, PSL optical diameter) at bin center 200 nm
UHSAS_Bin12, #/cm3, Binned UHSAS Dry Aerosol Number Size Distribution (dNdlogD, PSL optical diameter) at bin center 224 nm
UHSAS_Bin13, #/cm3, Binned UHSAS Dry Aerosol Number Size Distribution (dNdlogD, PSL optical diameter) at bin center 251 nm
UHSAS_Bin14, #/cm3, Binned UHSAS Dry Aerosol Number Size Distribution (dNdlogD, PSL optical diameter) at bin center 282 nm
UHSAS_Bin15, #/cm3, Binned UHSAS Dry Aerosol Number Size Distribution (dNdlogD, PSL optical diameter) at bin center 316 nm
UHSAS_Bin16, #/cm3, Binned UHSAS Dry Aerosol Number Size Distribution (dNdlogD, PSL optical diameter) at bin center 355 nm
UHSAS_Bin17, #/cm3, Binned UHSAS Dry Aerosol Number Size Distribution (dNdlogD, PSL optical diameter) at bin center 398 nm
UHSAS_Bin18, #/cm3, Binned UHSAS Dry Aerosol Number Size Distribution (dNdlogD, PSL optical diameter) at bin center 447 nm
UHSAS_Bin19, #/cm3, Binned UHSAS Dry Aerosol Number Size Distribution (dNdlogD, PSL optical diameter) at bin center 501 nm
UHSAS_Bin20, #/cm3, Binned UHSAS Dry Aerosol Number Size Distribution (dNdlogD, PSL optical diameter) at bin center 562 nm
[...]
INSTRUMENT_INFO: Size Distribution Data From the DMT Ultra-High Sensitivity Aerosol Spectrometer (UHSAS)
DATA_INFO: UHSAS measurements are reported at standard temperature and pressure (0 deg C, 1013 mb)
  - Flagged data are due to missing data or instrument issues
  - Concentrations can be converted back to ambient conditions by dividing by the stdPT conversion factor
  - Integrated surface areas and volumes are calculated by assuming spherical particles
UNCERTAINTY: all data are 20%
ULOD_FLAG: -7777
ULOD_VALUE: N/A
LLOD_FLAG: -8888
LLOD_VALUE: N/A
DM_CONTACT_INFO: Michael Shook (michael.shook@nasa.gov)
PROJECT_INFO: SASA 2022
STIPULATIONS_ON_USE: STIPULATIONS_ON_USE: This is FIELD data. Please consult the PI and/or DM prior to use.
OTHER_COMMENTS: Data are processed with respect to mid-point polystyrene-latex-equivalent optical diameters and are rebinned to a 20 channels per decade standard binning scheme (dlogD = 0.05)
OTHER_COMMENTS: Mid-point diameters (in nm) are:
        63.1, 70.8, 79.4, 89.1, 100.0, 112.2, 125.9, 141.3, 158.5, 177.8, 199.5, 223.9, 251.2, 281.8, 316.2, 354.8, 398.1, 446.7, 501.2, 562.3, 631.0, 707.9, 794.3, 891.3, 1000.0
REVISION: RA
RA: None
*******************************************************************************************************************************
Start_UTC,nUHSAS_PSL,sUHSAS_PSL,vUHSAS_PSL,UHSAS_Bin01,UHSAS_Bin02,UHSAS_Bin03,UHSAS_Bin04,UHSAS_Bin05,UHSAS_Bin06,UHSAS_Bin07,UHSAS_Bin08,UHSAS_Bin09,UHSAS_Bin10,UHSAS_Bin11,UHSAS_Bin12,UHSAS_Bin13,UHSAS_Bin14,UHSAS_Bin15,UHSAS_Bin16,UHSAS_Bin17,UHSAS_Bin18,UHSAS_Bin19,UHSAS_Bin20,UHSAS_Bin21,UHSAS_Bin22,UHSAS_Bin23,UHSAS_Bin24,UHSAS_Bin25,stdPT
[from data line 4780]
58680,821.32,58.03,1.99,242.56,2158.82,2207.33,1989.02,1479.64,1212.82,946.00,970.25,1091.54,848.97,848.97,751.95,630.67,659.77,218.31,97.03,72.77,0.00,0.00,0.00,0.00,0.00,0.00,0.00,0.00,1.164
58681,807.13,57.58,2.36,169.01,2052.24,2776.56,2221.25,1376.21,893.33,941.62,893.33,989.90,869.18,845.04,724.32,434.59,618.09,144.86,72.43,24.14,48.29,0.00,24.14,0.00,0.00,0.00,24.14,0.00,1.163
58682,871.51,58.83,1.98,243.17,1969.66,2626.22,2334.41,1531.96,1313.11,972.67,1167.21,1045.62,1142.89,729.50,972.67,510.65,505.79,218.85,48.63,48.63,48.63,0.00,0.00,0.00,0.00,0.00,0.00,0.00,1.168
58683,874.96,63.15,2.23,291.33,1869.37,2670.54,1893.65,1408.10,1359.55,1286.71,1165.32,1116.77,1068.21,873.99,946.83,388.44,699.19,218.50,121.39,48.56,48.56,24.28,0.00,0.00,0.00,0.00,0.00,0.00,1.167
58684,874.42,56.90,1.83,315.15,2012.12,2666.66,1987.87,1575.75,1527.27,1066.66,1042.42,1163.63,945.45,1066.66,945.45,412.12,446.06,242.42,48.48,0.00,24.24,0.00,0.00,0.00,0.00,0.00,0.00,0.00,1.165
58685,868.33,58.30,1.94,412.22,1697.37,2497.56,2182.33,1721.62,1285.15,1285.15,1285.15,872.93,872.93,969.93,1066.92,387.97,271.58,460.71,48.50,24.25,24.25,0.00,0.00,0.00,0.00,0.00,0.00,0.00,1.167
58686,819.47,55.03,1.83,461.74,1944.18,2454.53,1749.76,1774.07,1093.60,801.97,1045.00,899.18,1069.30,1069.30,777.67,388.84,544.37,145.81,121.51,24.30,24.30,0.00,0.00,0.00,0.00,0.00,0.00,0.00,1.163
58687,832.36,57.14,2.02,145.52,2352.54,2473.80,1964.49,1576.44,1309.66,1042.88,873.11,921.61,945.87,824.60,776.10,557.82,446.25,169.77,169.77,48.51,24.25,0.00,24.25,0.00,0.00,0.00,0.00,0.00,1.165
58688,791.44,57.04,2.00,243.07,1725.81,2066.10,1920.26,1555.66,1336.89,899.36,1069.51,1045.21,899.36,972.28,607.68,510.45,369.47,340.30,170.15,72.92,24.31,0.00,0.00,0.00,0.00,0.00,0.00,0.00,1.168
58689,869.71,69.06,3.37,314.94,2034.98,2277.24,2107.66,1647.37,1211.30,1187.07,944.81,1017.49,993.27,1283.98,799.46,557.20,484.52,266.49,145.36,48.45,24.23,0.00,0.00,0.00,0.00,0.00,0.00,48.45,1.166
58690,785.18,53.62,1.83,217.77,2032.52,2153.50,1790.55,1645.37,1088.85,919.47,1161.44,774.29,943.67,967.87,967.87,193.57,483.93,193.57,48.39,48.39,72.59,0.00,0.00,0.00,0.00,0.00,0.00,0.00,1.161
58691,763.15,53.13,1.83,290.54,1936.93,2203.25,1622.17,1380.06,992.67,1016.89,1089.52,992.67,992.67,871.62,532.65,411.60,348.65,411.60,121.06,24.21,24.21,0.00,0.00,0.00,0.00,0.00,0.00,0.00,1.161
58692,824.11,58.82,2.35,267.02,2257.50,2281.78,1723.47,1359.36,1432.18,1140.89,1019.52,1043.79,970.97,801.05,873.87,558.31,291.29,267.02,97.10,24.27,24.27,24.27,0.00,0.00,0.00,0.00,24.27,0.00,1.165
58693,852.24,55.64,1.80,193.58,2008.40,2637.54,2032.60,1379.27,1451.86,1330.87,967.91,1137.29,871.11,1185.68,604.94,338.77,542.03,217.78,145.19,0.00,0.00,0.00,0.00,0.00,0.00,0.00,0.00,0.00,1.161
58694,759.99,49.56,1.59,413.30,1701.84,2090.83,2066.52,1410.09,1045.41,705.05,1069.73,972.48,996.79,899.54,777.98,316.06,466.79,243.12,0.00,24.31,0.00,0.00,0.00,0.00,0.00,0.00,0.00,0.00,1.161
58695,812.18,60.06,2.12,266.37,1864.59,2058.31,1646.65,1380.28,1307.63,1017.05,1307.63,895.97,1210.77,1041.26,871.75,314.80,503.68,314.80,169.51,24.22,24.22,24.22,0.00,0.00,0.00,0.00,0.00,0.00,1.166
58696,812.01,57.95,1.97,169.57,2034.86,2180.21,1986.41,1380.80,1187.00,920.53,1017.43,1114.33,896.31,872.08,944.76,557.16,639.53,145.35,145.35,48.45,0.00,0.00,0.00,0.00,0.00,0.00,0.00,0.00,1.163
58697,768.44,53.53,1.91,315.93,1725.46,2551.74,1628.25,1385.23,1190.81,1117.90,801.97,1069.30,947.79,583.25,753.37,388.84,447.16,243.02,72.91,97.21,24.30,0.00,24.30,0.00,0.00,0.00,0.00,0.00,1.165
58698,778.67,60.19,2.28,243.11,1653.11,2066.39,1410.01,1264.15,1507.25,996.73,1021.04,1021.04,996.73,1069.66,1069.66,364.66,427.86,194.48,121.55,0.00,97.24,0.00,24.31,24.31,0.00,0.00,0.00,0.00,1.161
58699,736.07,52.80,1.82,218.49,2063.51,1772.19,1602.26,1068.17,1092.45,1116.72,873.96,1043.90,849.68,1068.17,631.19,412.70,543.80,194.21,72.83,72.83,24.28,0.00,0.00,0.00,0.00,0.00,0.00,0.00,1.162
58700,704.10,51.99,1.89,339.33,1648.15,2084.43,1502.73,1551.20,1017.98,702.89,775.60,824.08,775.60,654.41,654.41,581.70,484.75,121.19,266.61,72.71,24.24,0.00,0.00,0.00,0.00,0.00,0.00,0.00,1.166
58701,777.57,55.27,1.94,194.33,1967.62,2307.70,1749.00,1603.25,1020.25,1068.83,874.50,777.33,801.62,728.75,971.66,558.71,563.57,170.04,97.17,72.87,0.00,24.29,0.00,0.00,0.00,0.00,0.00,0.00,1.162
58702,729.32,51.77,1.80,363.93,1698.35,1649.83,1892.45,1285.89,873.44,1043.27,1188.84,800.65,970.49,1067.53,558.03,315.41,465.83,218.36,121.31,24.26,24.26,24.26,0.00,0.00,0.00,0.00,0.00,0.00,1.161
58703,755.47,47.99,1.65,291.50,2259.12,2210.54,2186.25,1481.79,898.79,947.37,850.21,655.87,825.92,923.08,461.54,461.54,291.50,218.62,48.58,24.29,24.29,48.58,0.00,0.00,0.00,0.00,0.00,0.00,1.160
58704,871.17,55.60,1.77,194.02,1915.98,2934.61,2013.00,1673.46,1455.18,1212.65,945.87,994.37,1212.65,824.60,776.10,533.57,446.25,218.28,48.51,24.25,0.00,0.00,0.00,0.00,0.00,0.00,0.00,0.00,1.165
58705,864.43,59.94,2.13,266.65,2351.37,2254.41,1915.03,1818.07,1721.11,824.19,1187.81,945.40,1115.08,727.23,654.50,363.61,562.39,218.17,218.17,96.96,48.48,0.00,0.00,0.00,0.00,0.00,0.00,0.00,1.161
58706,884.18,62.41,2.16,413.96,2045.47,2313.33,1850.66,1655.85,1436.70,1144.49,1290.59,1120.14,949.68,1071.44,827.93,633.12,467.54,243.51,146.10,48.70,0.00,0.00,24.35,0.00,0.00,0.00,0.00,0.00,1.166
58707,883.16,61.50,2.17,340.05,2283.18,2526.08,2258.90,1311.62,1481.64,1214.46,1068.72,995.86,874.41,922.99,752.97,437.21,660.67,315.76,145.74,48.58,0.00,0.00,24.29,0.00,0.00,0.00,0.00,0.00,1.165
58708,964.49,64.91,2.37,364.88,2773.06,3064.96,2116.28,1873.03,1240.58,1410.85,1191.93,1289.23,900.03,778.40,681.10,486.50,486.50,291.90,194.60,72.98,24.33,24.33,0.00,24.33,0.00,0.00,0.00,0.00,1.162
58709,953.84,62.41,2.20,339.36,2642.16,3320.87,2157.36,1502.88,1454.40,1381.68,1333.20,848.40,1090.80,921.12,606.00,460.56,484.80,242.40,145.44,48.48,72.72,0.00,24.24,0.00,0.00,0.00,0.00,0.00,1.163
58710,936.48,65.45,2.29,364.20,2549.40,2719.36,1796.72,1578.20,1408.24,1238.28,995.48,1335.40,1214.00,1092.60,849.80,631.28,543.87,194.24,97.12,72.84,0.00,24.28,24.28,0.00,0.00,0.00,0.00,0.00,1.162
58711,960.55,62.09,2.07,411.74,2736.83,2882.15,2470.41,1671.16,1089.89,1404.74,1210.99,993.01,1041.45,1017.23,823.47,532.83,465.02,242.20,145.32,48.44,24.22,0.00,0.00,0.00,0.00,0.00,0.00,0.00,1.162
58712,895.28,61.53,2.15,459.86,2710.78,2299.32,2033.09,1306.98,1742.64,847.12,1210.17,992.34,919.73,1137.56,895.53,193.63,600.24,290.44,169.42,48.41,24.20,24.20,0.00,0.00,0.00,0.00,0.00,0.00,1.162
58713,905.28,61.02,2.09,291.09,2765.33,2522.76,2255.93,1503.95,1455.44,849.01,970.29,1043.06,1164.35,1067.32,727.72,388.12,640.39,291.09,97.03,24.26,24.26,24.26,0.00,0.00,0.00,0.00,0.00,0.00,1.161
58714,895.23,60.38,2.23,386.40,2849.67,2535.72,1907.83,1473.13,1135.04,1110.89,1231.64,1183.34,990.14,845.24,941.84,482.99,444.35,217.35,72.45,48.30,24.15,0.00,0.00,0.00,0.00,24.15,0.00,0.00,1.163
58715,953.30,56.78,1.84,439.09,3000.42,3463.90,1927.10,1658.77,1414.83,1292.86,1170.90,1048.93,902.57,780.60,683.02,536.66,429.33,146.36,48.79,97.57,24.39,0.00,0.00,0.00,0.00,0.00,0.00,0.00,1.160
58716,944.59,66.20,2.31,486.03,2673.14,2794.65,2089.91,1482.38,1579.58,972.05,1044.96,972.05,899.15,1044.96,923.45,826.24,544.35,413.12,48.60,48.60,48.60,0.00,0.00,0.00,0.00,0.00,0.00,0.00,1.162
58717,1041.99,65.09,2.06,437.00,3058.98,3204.64,2354.93,1675.15,1456.66,1286.71,1335.27,1165.32,1432.38,995.38,1141.05,582.66,349.60,242.78,97.11,24.28,0.00,0.00,0.00,0.00,0.00,0.00,0.00,0.00,1.162
58718,996.74,61.50,2.00,243.23,2578.20,3234.91,2505.23,2018.78,1337.74,1580.97,1532.33,1045.87,899.94,851.29,632.39,559.42,525.37,194.58,121.61,48.65,24.32,0.00,0.00,0.00,0.00,0.00,0.00,0.00,1.165
58719,1083.27,73.10,2.53,437.78,2821.26,3210.39,2383.47,2261.87,1629.52,1167.42,1507.91,1459.27,948.53,1143.10,826.92,656.67,603.17,291.85,243.21,0.00,48.64,24.32,0.00,0.00,0.00,0.00,0.00,0.00,1.162
58720,937.81,59.77,1.98,291.02,2643.42,3128.45,2134.13,1576.35,1600.60,1212.58,970.06,1261.08,873.05,776.05,751.80,630.54,543.23,194.01,97.01,48.50,24.25,0.00,0.00,0.00,0.00,0.00,0.00,0.00,1.165
58721,928.07,61.92,2.15,485.01,2788.81,2667.56,2134.05,1624.79,1212.53,1285.28,1236.78,1018.52,776.02,921.52,921.52,460.76,543.21,242.51,121.25,24.25,97.00,0.00,0.00,0.00,0.00,0.00,0.00,0.00,1.161
58722,989.28,66.23,2.36,363.26,3027.17,3172.47,2276.43,1913.17,1380.39,992.91,1162.43,968.69,1186.65,920.26,823.39,411.69,581.22,266.39,193.74,72.65,24.22,48.43,0.00,0.00,0.00,0.00,0.00,0.00,1.164
58723,1050.79,67.94,2.33,340.22,2989.06,2891.85,2770.35,1871.20,1773.99,1336.57,1458.08,1093.56,947.75,1093.56,923.45,437.42,699.88,145.81,145.81,72.90,0.00,0.00,0.00,24.30,0.00,0.00,0.00,0.00,1.162
58724,926.00,62.12,2.10,363.23,2542.62,2591.05,2348.89,1695.08,1210.77,1041.26,1404.49,823.32,1210.77,823.32,871.75,629.60,503.68,266.37,121.08,48.43,24.22,0.00,0.00,0.00,0.00,0.00,0.00,0.00,1.163
58725,953.09,62.08,2.08,314.63,3146.32,3218.92,2008.80,1234.32,1355.34,992.30,1306.93,1113.31,1016.50,1089.11,750.28,629.26,425.96,169.42,242.02,24.20,24.20,0.00,0.00,0.00,0.00,0.00,0.00,0.00,1.162
58726,893.68,60.12,2.05,267.13,2331.35,3084.18,1651.37,1602.80,1384.24,1117.10,1238.53,898.54,1092.82,947.11,947.11,315.70,485.70,339.99,97.14,0.00,72.85,0.00,0.00,0.00,0.00,0.00,0.00,0.00,1.162
58727,1009.95,64.38,2.12,412.52,3033.25,3057.52,2644.99,1577.29,1480.23,1334.63,1189.03,922.11,1067.70,946.37,1019.17,485.32,640.62,169.86,194.13,0.00,24.27,0.00,0.00,0.00,0.00,0.00,0.00,0.00,1.162
58728,943.05,64.38,2.21,508.97,2375.19,3005.34,1745.03,1866.22,1333.01,1333.01,1139.12,1187.59,1017.94,799.81,896.75,387.79,659.24,412.02,145.42,24.24,24.24,0.00,0.00,0.00,0.00,0.00,0.00,0.00,1.162
58729,1070.37,79.02,3.70,461.37,3059.59,2962.46,2428.24,1845.46,1602.64,1481.23,1286.97,1384.10,1092.71,1019.86,1019.86,558.50,621.63,291.39,121.41,97.13,0.00,24.28,0.00,0.00,0.00,0.00,0.00,48.56,1.163
58730,1089.38,65.79,2.09,412.74,3156.21,3399.00,2694.92,2063.68,1675.22,1068.26,1383.88,1408.16,1408.16,1092.54,655.52,437.01,543.84,242.79,97.11,24.28,24.28,0.00,0.00,0.00,0.00,0.00,0.00,0.00,1.162
58731,1068.26,72.22,2.57,364.18,3083.38,3326.16,2379.30,2063.68,1456.71,1359.60,1383.88,922.59,1238.21,1238.21,898.31,364.18,679.80,339.90,97.11,72.84,48.56,24.28,24.28,0.00,0.00,0.00,0.00,0.00,1.162
58732,1017.99,62.33,2.03,605.08,2783.39,3219.05,2589.76,2154.10,1403.80,1428.00,847.12,1064.95,1113.36,1064.95,653.49,314.64,755.15,169.42,145.22,24.20,24.20,0.00,0.00,0.00,0.00,0.00,0.00,0.00,1.163
58733,1011.36,64.49,2.13,461.26,3180.24,3495.83,2330.56,1165.28,1238.11,1286.66,1335.21,1310.94,1068.17,898.24,873.96,631.19,563.22,169.94,169.94,24.28,24.28,0.00,0.00,0.00,0.00,0.00,0.00,0.00,1.162
58734,1035.51,65.42,2.16,606.55,3348.18,3129.82,2329.17,1819.66,1213.11,1334.42,1261.63,1116.06,1285.89,897.70,873.44,315.41,621.11,388.19,121.31,48.52,0.00,0.00,0.00,0.00,0.00,0.00,0.00,0.00,1.164
58735,1067.13,66.45,2.18,485.83,3425.12,3255.08,2842.12,1651.83,1408.91,1093.12,1117.41,1481.79,1190.29,1020.25,995.96,388.67,524.70,267.21,97.17,72.87,24.29,0.00,0.00,0.00,0.00,0.00,0.00,0.00,1.162
58736,1007.78,65.96,2.26,411.14,2974.71,3313.30,2321.73,1862.22,1547.82,943.20,1039.94,1426.90,967.39,846.46,822.28,507.88,638.48,193.48,241.85,72.55,24.18,0.00,0.00,0.00,0.00,0.00,0.00,0.00,1.163
58737,960.44,61.64,2.05,510.23,2453.94,2842.69,2308.16,2138.09,1384.90,1044.75,1287.71,996.15,898.97,1044.75,1020.45,364.45,427.62,267.26,145.78,48.59,24.30,0.00,0.00,0.00,0.00,0.00,0.00,0.00,1.161
58738,952.07,58.70,1.88,486.12,2673.68,2746.59,2357.70,1555.59,1336.84,1458.37,1142.39,1506.98,875.02,899.33,826.41,388.90,447.23,194.45,72.92,48.61,24.31,0.00,0.00,0.00,0.00,0.00,0.00,0.00,1.166
58739,1065.44,71.05,2.45,388.94,3257.35,3184.42,2382.24,1774.53,1604.37,1361.28,1312.66,1118.19,1288.35,948.03,996.65,461.86,622.30,388.94,97.23,48.62,48.62,24.31,0.00,0.00,0.00,0.00,0.00,0.00,1.162
58740,1056.13,63.76,2.01,411.42,3000.92,3702.75,2710.51,1887.68,1645.67,871.24,1064.84,1210.05,1476.26,798.63,895.44,484.02,600.18,338.81,0.00,24.20,0.00,0.00,0.00,0.00,0.00,0.00,0.00,0.00,1.164
58741,939.60,60.90,2.07,315.06,3077.86,2787.04,2568.92,1357.17,1381.40,945.17,1163.29,1042.11,896.70,848.23,945.17,460.47,542.87,290.82,96.94,24.24,24.24,24.24,0.00,0.00,0.00,0.00,0.00,0.00,1.167
58742,1042.50,65.96,2.17,290.26,3337.95,3120.26,2297.86,2104.36,1330.34,1233.59,1475.47,1112.65,991.71,1233.59,846.58,556.32,483.76,193.50,145.13,96.75,0.00,0.00,0.00,0.00,0.00,0.00,0.00,0.00,1.165
58743,1060.58,69.56,2.34,508.15,2782.73,3363.47,2710.13,1645.44,1451.86,1282.47,1427.66,1185.68,992.10,1258.28,992.10,508.15,619.46,338.77,24.20,96.79,0.00,24.20,0.00,0.00,0.00,0.00,0.00,0.00,1.163
58744,1069.26,72.56,2.50,556.66,3170.52,2807.48,3001.10,1790.98,1476.35,1306.93,1016.50,1234.32,943.89,1185.92,1016.50,459.85,619.58,532.45,242.02,24.20,0.00,0.00,0.00,0.00,0.00,0.00,0.00,0.00,1.164
58745,1129.81,70.79,2.39,460.65,3491.25,3176.07,3079.09,1891.09,1891.09,1454.69,1575.91,1115.26,1212.24,606.12,945.55,557.63,678.85,121.22,169.71,145.47,0.00,24.24,0.00,0.00,0.00,0.00,0.00,0.00,1.163
58746,1073.28,81.04,3.32,533.25,3247.96,3369.15,2278.42,1551.26,1575.50,1090.73,1018.02,1454.31,1260.40,1042.26,969.54,605.96,620.51,339.34,218.15,96.95,96.95,48.48,24.24,0.00,0.00,24.24,0.00,0.00,1.165
58747,929.06,57.47,1.90,460.53,2932.86,2981.34,2060.27,1769.41,1478.55,945.30,969.54,1284.64,751.39,945.30,775.63,290.86,426.60,266.62,193.91,48.48,0.00,0.00,0.00,0.00,0.00,0.00,0.00,0.00,1.166
58748,973.30,66.80,2.32,461.97,2212.61,3014.98,2334.18,1580.43,1629.06,1507.49,1021.20,1045.52,948.26,1045.52,1021.20,632.17,525.19,218.83,121.57,97.26,24.31,24.31,0.00,0.00,0.00,0.00,0.00,0.00,1.163
58749,988.85,64.01,2.14,460.50,2787.21,2884.15,2447.90,1745.03,1357.25,1187.59,1139.12,1284.54,1066.41,1139.12,896.75,484.73,484.73,218.13,96.95,48.47,24.24,24.24,0.00,0.00,0.00,0.00,0.00,0.00,1.161
58750,1012.75,65.28,2.20,316.41,3115.41,3115.41,2652.97,1849.77,1216.96,1289.97,1265.63,1192.62,949.23,730.17,803.19,657.16,564.67,267.73,194.71,73.02,0.00,0.00,0.00,0.00,0.00,0.00,0.00,0.00,1.163
58751,1016.68,69.02,2.67,412.20,2836.92,3443.10,2424.72,1648.81,1527.57,1115.37,1212.36,1188.11,1188.11,848.65,969.89,484.94,523.74,266.72,72.74,48.49,72.74,0.00,0.00,24.25,0.00,24.25,0.00,0.00,1.163
58752,1128.06,71.25,2.43,436.29,3902.40,3320.68,2520.81,1914.84,1696.70,1672.46,1211.93,1018.02,1284.64,1090.73,921.06,436.29,698.07,145.43,145.43,72.72,24.24,48.48,0.00,0.00,0.00,0.00,0.00,0.00,1.159
58753,1058.58,73.93,2.58,365.53,3411.63,2997.36,2339.40,1754.55,1194.07,1559.60,1389.02,1096.60,852.91,1072.23,1072.23,657.96,701.82,414.27,194.95,97.48,0.00,0.00,0.00,0.00,0.00,0.00,0.00,0.00,1.165
58754,1043.20,69.65,2.42,559.42,3210.59,3259.23,2043.10,1872.84,1629.62,1021.55,1362.07,1118.84,1045.87,1070.20,924.26,656.71,505.91,291.87,145.94,97.29,24.32,24.32,0.00,0.00,0.00,0.00,0.00,0.00,1.161
58755,1077.02,69.96,2.34,460.27,3076.52,2906.95,2592.03,1841.07,1623.04,1235.45,1719.94,1283.90,1332.35,968.98,847.86,605.61,562.01,387.59,24.22,24.22,24.22,0.00,24.22,0.00,0.00,0.00,0.00,0.00,1.166
58756,1044.10,71.27,2.83,411.54,3195.48,3292.31,2372.40,1936.66,1476.70,1234.62,1355.66,895.70,1040.95,1210.41,871.50,581.00,426.06,338.91,121.04,24.21,0.00,24.21,24.21,0.00,24.21,24.21,0.00,0.00,1.166
58757,994.94,62.48,2.09,606.96,3083.38,2986.26,2282.18,1748.06,1408.16,1165.37,1213.93,1238.21,1116.81,655.52,995.42,461.29,524.42,242.79,97.11,48.56,0.00,0.00,24.28,0.00,0.00,0.00,0.00,0.00,1.163
58758,998.78,65.95,2.25,460.16,3269.53,2542.97,2373.44,1574.22,1380.47,1356.25,1428.91,1283.60,799.22,1089.84,799.22,508.59,600.63,266.41,96.88,121.09,24.22,0.00,0.00,0.00,0.00,0.00,0.00,0.00,1.163
58759,1065.04,70.55,2.66,362.50,3504.21,3310.87,2610.03,2030.02,1691.69,1256.68,1087.51,990.84,918.34,1015.01,990.84,555.84,348.00,193.34,169.17,96.67,96.67,24.17,24.17,24.17,0.00,0.00,0.00,0.00,1.162
