NASA Intern/Datasets/LARGE/SASA-LARGE-UHSAS_P3B_20220712_RA_L2.ict
70, 1001
Richard Moore, Luke Ziemba, Edward Winstead, Michael Shook, Claire Robinson, John Barrick, Bruce Anderson, and Ali Omar
NASA Langley
In-situ Submicron  Particle Size Distributions from the DMT UHSAS on the NASA P3B
NASA SASA
1,1
2022,07,12,2022,07,13
1.0
Start_UTC,Secs after midnight,Time of acquisition
29
1,1,1,1,1,1,1,1,1,1,1,1,1,1,1,1,1,1,1,1,1,1,1,1,1,1,1,1,1
-9999,-9999,-9999,-9999,-9999,-9999,-9999,-9999,-9999,-9999,-9999,-9999,-9999,-9999,-9999,-9999,-9999,-9999,-9999,-9999,-9999,-9999,-9999,-9999,-9999,-9999,-9999,-9999,-9999
nUHSAS_PSL, #/cm3, integrated UHSAS Dry Aerosol Number Concentration (PSL optical diameter)
sUHSAS_PSL, um2/cm3, integrated UHSAS Dry Aerosol Surface Area Concentration (PSL optical diameter)
vUHSAS_PSL, um3/cm3, integrated UHSAS Dry Aerosol Volume Concentration (PSL optical diameter)
UHSAS_Bin01, #/cm3, Binned UHSAS Dry Aerosol Number Size Distribution (dNdlogD, PSL optical diameter) at bin center 63 nm
UHSAS_Bin02, #/cm3, Binned UHSAS Dry Aerosol Number Size Distribution (dNdlogD, PSL optical diameter) at bin center 71 nm
UHSAS_Bin03, #/cm3, Binned UHSAS Dry Aerosol Number Size Distribution (dNdlogD, PSL optical diameter) at bin center 79 nm
UHSAS_Bin04, #/cm3, Binned UHSAS Dry Aerosol Number Size Distribution (dNdlogD, PSL optical diameter) at bin center 89 nm
UHSAS_Bin05, #/cm3, Binned UHSAS Dry Aerosol Number Size Distribution (dNdlogD, PSL optical diameter) at bin center 100 nm
UHSAS_Bin06, #/cm3, Binned UHSAS Dry Aerosol Number Size Distribution (dNdlogD, PSL optical diameter) at bin center 112 nm
UHSAS_Bin07, #/cm3, Binned UHSAS Dry Aerosol Number Size Distribution (dNdlogD, PSL optical diameter) at bin center 126 nm
UHSAS_Bin08, #/cm3, Binned UHSAS Dry Aerosol Number Size Distribution (dNdlogD, PSL optical diameter) at bin center 141 nm
UHSAS_Bin09, #/cm3, Binned UHSAS Dry Aerosol Number Size Distribution (dNdlogD, PSL optical diameter) at bin center 158 nm
UHSAS_Bin10, #/cm3, Binned UHSAS Dry Aerosol Number Size Distribution (dNdlogD, PSL optical diameter) at bin center 178 nm
UHSAS_Bin11, #/cm3, Binned UHSAS Dry Aerosol Number Size Distribution (dNdlogD, PSL optical diameter) at bin center 200 nm
UHSAS_Bin12, #/cm3, Binned UHSAS Dry Aerosol Number Size Distribution (dNdlogD, PSL optical diameter) at bin center 224 nm
UHSAS_Bin13, #/cm3, Binned UHSAS Dry Aerosol Number Size Distribution (dNdlogD, PSL optical diameter) at bin center 251 nm
UHSAS_Bin14, #/cm3, Binned UHSAS Dry Aerosol Number Size Distribution (dNdlogD, PSL optical diameter) at bin center 282 nm
UHSAS_Bin15, #/cm3, Binned UHSAS Dry Aerosol Number Size Distribution (dNdlogD, PSL optical diameter) at bin center 316 nm
UHSAS_Bin16, #/cm3, Binned UHSAS Dry Aerosol Number Size Distribution (dNdlogD, PSL optical diameter) at bin center 355 nm
UHSAS_Bin17, #/cm3, Binned UHSAS Dry Aerosol Number Size Distribution (dNdlogD, PSL optical diameter) at bin center 398 nm
UHSAS_Bin18, #/cm3, Binned UHSAS Dry Aerosol Number Size Distribution (dNdlogD, PSL optical diameter) at bin center 447 nm
UHSAS_Bin19, #/cm3, Binned UHSAS Dry Aerosol Number Size Distribution (dNdlogD, PSL optical diameter) at bin center 501 nm
UHSAS_Bin20, #/cm3, Binned UHSAS Dry Aerosol Number Size Distribution (dNdlogD, PSL optical diameter) at bin center 562 nm
[...]
INSTRUMENT_INFO: Size Distribution Data From the DMT Ultra-High Sensitivity Aerosol Spectrometer (UHSAS)
DATA_INFO: UHSAS measurements are reported at standard temperature and pressure (0 deg C, 1013 mb)
  - Flagged data are due to missing data or instrument issues
  - Concentrations can be converted back to ambient conditions by dividing by the stdPT conversion factor
  - Integrated surface areas and volumes are calculated by assuming spherical particles
UNCERTAINTY: all data are 20%
ULOD_FLAG: -7777
ULOD_VALUE: N/A
LLOD_FLAG: -8888
LLOD_VALUE: N/A
DM_CONTACT_INFO: Michael Shook (michael.shook@nasa.gov)
PROJECT_INFO: SASA 2022
STIPULATIONS_ON_USE: STIPULATIONS_ON_USE: This is FIELD data. Please consult the PI and/or DM prior to use.
OTHER_COMMENTS: Data are processed with respect to mid-point polystyrene-latex-equivalent optical diameters and are rebinned to a 20 channels per decade standard binning scheme (dlogD = 0.05)
OTHER_COMMENTS: Mid-point diameters (in nm) are:
        63.1, 70.8, 79.4, 89.1, 100.0, 112.2, 125.9, 141.3, 158.5, 177.8, 199.5, 223.9, 251.2, 281.8, 316.2, 354.8, 398.1, 446.7, 501.2, 562.3, 631.0, 707.9, 794.3, 891.3, 1000.0
REVISION: RA
RA: None
*******************************************************************************************************************************
Start_UTC,nUHSAS_PSL,sUHSAS_PSL,vUHSAS_PSL,UHSAS_Bin01,UHSAS_Bin02,UHSAS_Bin03,UHSAS_Bin04,UHSAS_Bin05,UHSAS_Bin06,UHSAS_Bin07,UHSAS_Bin08,UHSAS_Bin09,UHSAS_Bin10,UHSAS_Bin11,UHSAS_Bin12,UHSAS_Bin13,UHSAS_Bin14,UHSAS_Bin15,UHSAS_Bin16,UHSAS_Bin17,UHSAS_Bin18,UHSAS_Bin19,UHSAS_Bin20,UHSAS_Bin21,UHSAS_Bin22,UHSAS_Bin23,UHSAS_Bin24,UHSAS_Bin25,stdPT
[from data line 3004]
69799,1494.41,107.29,3.53,24.35,1850.66,3725.67,3214.31,3263.01,2508.13,2337.68,2849.04,2094.17,2435.08,1923.71,1631.50,706.17,545.46,487.02,194.81,48.70,48.70,0.00,0.00,0.00,0.00,0.00,0.00,0.00,1.173
69800,1487.49,114.56,4.08,24.25,1697.78,3371.30,3371.30,3031.74,2692.19,2279.87,2619.43,2352.63,2522.41,2013.08,1358.22,824.63,620.90,436.57,242.54,145.52,72.76,48.51,24.25,0.00,0.00,0.00,0.00,0.00,1.175
69801,1754.21,134.77,5.13,97.20,2138.39,4228.17,4033.77,3499.18,2697.28,2454.28,3256.18,3110.38,2940.28,2454.28,1409.39,1142.09,797.04,364.50,145.80,145.80,72.90,0.00,24.30,24.30,0.00,48.60,0.00,0.00,1.175
69802,2173.03,164.45,5.55,96.99,2158.00,4800.94,4437.23,4461.48,4219.01,3297.62,4388.74,3200.63,3685.57,3055.15,2085.26,1212.36,1319.05,533.44,315.21,145.48,0.00,48.49,0.00,0.00,0.00,0.00,0.00,0.00,1.178
69803,1894.90,140.65,4.67,97.20,2186.99,4398.27,3960.88,3693.58,3839.38,2843.08,3207.58,3013.18,3158.98,2624.38,1919.69,971.99,913.67,704.70,243.00,121.50,0.00,0.00,0.00,0.00,0.00,0.00,0.00,0.00,1.172
69804,1733.47,124.17,4.17,48.66,2165.32,4452.28,3503.44,3771.06,3357.46,2530.26,3381.79,2870.87,2530.26,1873.37,1703.06,827.20,778.54,486.59,194.64,121.65,48.66,0.00,24.33,0.00,0.00,0.00,0.00,0.00,1.173
69805,1449.83,109.09,3.76,121.18,1599.61,3829.38,3174.99,2908.39,2714.50,2205.53,2181.29,2375.19,1890.45,2035.87,1333.01,1090.65,736.79,363.55,290.84,72.71,48.47,24.24,0.00,0.00,0.00,0.00,0.00,0.00,1.173
69806,1682.50,125.26,4.23,0.00,1776.69,4064.47,4283.52,3261.31,2823.23,2847.56,2896.24,2677.20,2433.82,2117.42,1508.97,973.53,1012.47,608.45,243.38,97.35,24.34,0.00,0.00,0.00,0.00,0.00,0.00,0.00,1.172
69807,2027.66,152.91,5.15,48.62,2552.50,4740.36,3889.53,3840.91,3962.45,3111.62,4059.69,2698.36,2965.76,3306.10,2187.86,1215.48,855.70,607.74,340.33,97.24,72.93,0.00,0.00,0.00,0.00,0.00,0.00,0.00,1.175
69808,1888.40,139.70,4.81,72.81,2572.55,4222.87,4392.76,3324.91,3567.60,2790.98,4077.26,2572.55,3130.75,2499.75,1601.78,1067.85,854.28,582.47,218.42,97.08,48.54,24.27,48.54,0.00,0.00,0.00,0.00,0.00,1.176
69809,1929.78,142.60,4.80,48.63,2431.68,4984.95,3939.32,3866.37,3234.14,2942.33,3258.45,3185.50,3015.28,2820.75,1872.39,1069.94,1147.75,364.75,194.53,145.90,48.63,0.00,24.32,0.00,0.00,0.00,0.00,0.00,1.170
69810,2175.12,171.90,6.08,24.28,1966.56,3957.41,5171.33,4515.81,4370.14,3350.44,4175.91,3690.34,3423.28,2646.36,2257.91,1359.60,1184.79,728.36,291.34,242.79,72.84,48.56,24.28,0.00,0.00,0.00,0.00,0.00,1.177
69811,2185.71,157.84,5.24,48.52,2498.65,5749.33,4778.98,4415.09,3663.07,3420.49,3663.07,4172.51,3299.19,3008.09,1722.37,1140.16,1164.42,485.18,266.85,121.29,97.04,0.00,0.00,0.00,0.00,0.00,0.00,0.00,1.175
69812,1757.89,132.44,4.56,48.62,1677.42,4546.06,3865.37,3379.16,3233.30,3014.50,3573.64,2455.36,2431.05,2139.32,1847.60,996.73,855.73,583.45,340.35,48.62,97.24,24.31,0.00,0.00,0.00,0.00,0.00,0.00,1.175
69813,1465.42,108.19,3.70,24.31,1822.96,3305.64,3621.62,3208.41,2357.70,2430.61,2673.68,2017.41,2090.33,1895.88,1579.90,826.41,602.79,559.04,97.22,121.53,48.61,0.00,24.31,0.00,0.00,0.00,0.00,0.00,1.172
69814,1697.53,125.25,4.19,24.26,2231.67,3711.37,3687.11,3298.99,3104.94,2910.88,2959.39,2813.85,2547.02,2571.28,1576.73,873.26,718.02,509.40,242.57,97.03,72.77,0.00,0.00,0.00,0.00,0.00,0.00,0.00,1.171
69815,1516.25,112.30,4.04,24.29,1578.67,3788.81,3570.23,2914.47,2501.59,2453.01,2963.05,2331.58,2744.46,2040.13,1311.51,655.76,718.90,267.16,340.02,72.86,24.29,0.00,0.00,0.00,0.00,0.00,24.29,0.00,1.172
69816,2079.96,162.07,5.71,97.15,2161.57,4881.74,4104.55,3740.24,3813.10,3545.94,3424.50,3837.39,3400.22,3205.92,2112.99,1020.07,990.92,655.76,315.73,170.01,24.29,48.57,24.29,24.29,0.00,0.00,0.00,0.00,1.173
69817,1863.06,142.86,4.99,72.98,1946.00,4621.76,3964.98,3454.16,2991.98,3283.88,3916.33,2870.36,2894.68,2505.48,1605.45,1045.98,797.86,559.48,389.20,267.58,48.65,24.33,0.00,0.00,0.00,0.00,0.00,0.00,1.179
69818,1726.45,127.97,4.36,72.83,2184.77,4223.88,3835.48,3058.67,3252.87,2354.69,3519.90,2670.27,2767.37,2281.87,1650.71,922.46,835.07,412.68,291.30,121.38,48.55,0.00,24.28,0.00,0.00,0.00,0.00,0.00,1.175
69819,2080.31,152.89,5.18,121.40,2355.16,4953.12,4637.48,4200.44,3957.64,3180.68,3884.80,3690.56,3083.56,2306.60,1821.00,1311.12,1010.05,485.60,388.48,169.96,24.28,0.00,24.28,0.00,0.00,0.00,0.00,0.00,1.172
69820,1376.87,97.18,3.18,24.23,1889.78,3658.42,3246.54,2592.39,2325.88,2083.60,2665.07,2083.60,1914.01,1671.73,1380.99,847.98,523.32,314.96,193.82,121.14,0.00,0.00,0.00,0.00,0.00,0.00,0.00,0.00,1.173
69821,1745.21,127.42,4.31,97.19,2138.09,4178.99,3911.73,3474.39,3498.69,2696.91,2939.87,2915.58,2332.46,2478.24,1627.86,1020.45,719.18,315.85,267.26,267.26,0.00,24.30,0.00,0.00,0.00,0.00,0.00,0.00,1.174
69822,1804.51,129.25,4.32,48.60,1652.39,4616.97,4373.97,3620.68,3329.08,2672.98,3450.58,3086.08,2843.08,2405.69,1628.09,729.00,855.35,413.10,194.40,72.90,48.60,0.00,48.60,0.00,0.00,0.00,0.00,0.00,1.178
69823,1496.66,110.18,3.80,72.75,2230.92,3807.11,2788.65,3152.38,2982.64,2061.17,2497.66,2643.15,1988.43,1915.68,1527.69,824.47,737.17,121.25,339.49,121.25,97.00,24.25,0.00,0.00,0.00,0.00,0.00,0.00,1.174
69824,1652.33,122.58,4.22,72.86,2040.21,3910.41,3400.35,3448.93,2841.72,2477.40,3230.33,2987.45,2598.84,1894.48,1651.60,971.53,718.93,340.04,218.59,121.44,48.58,48.58,24.29,0.00,0.00,0.00,0.00,0.00,1.176
69825,1855.79,136.50,4.69,72.86,2307.29,4638.87,4298.85,3278.78,3594.52,2865.90,3205.92,2695.89,3084.48,2404.44,1894.41,1020.07,854.91,558.61,170.01,48.57,48.57,24.29,24.29,24.29,0.00,0.00,0.00,0.00,1.175
69826,1634.18,115.63,3.79,48.61,2211.64,3937.20,3329.61,3329.61,2843.54,2965.05,3402.52,2187.33,2624.80,2138.73,1433.92,826.33,699.95,388.86,194.43,48.61,48.61,24.30,0.00,0.00,0.00,0.00,0.00,0.00,1.174
69827,1581.11,118.98,4.20,48.61,1677.12,3718.84,3548.70,2989.66,3208.41,2989.66,2770.90,2382.00,2114.63,2309.08,1385.45,850.72,680.57,413.20,315.98,97.22,72.92,0.00,24.31,24.31,0.00,0.00,0.00,0.00,1.175
69828,1571.08,117.60,4.35,24.24,1623.92,3974.96,3344.78,3296.31,2908.51,2593.42,3247.83,2399.52,2399.52,1939.00,1405.78,678.65,639.87,460.51,290.85,96.95,24.24,24.24,24.24,0.00,0.00,0.00,24.24,0.00,1.175
69829,1773.57,130.47,4.51,24.30,1822.16,4227.42,3862.98,3425.66,3425.66,2988.35,3741.51,2915.46,2623.91,2332.37,1433.43,971.82,777.46,534.50,145.77,121.48,48.59,0.00,24.30,0.00,24.30,0.00,0.00,0.00,1.172
69830,1744.10,127.79,4.40,97.10,2233.23,4247.99,3738.23,3713.95,2961.45,2500.24,3398.39,2815.81,2427.42,2548.79,1577.82,1116.61,776.77,267.02,267.02,72.82,97.10,0.00,0.00,0.00,24.27,0.00,0.00,0.00,1.174
69831,1798.30,136.16,4.70,24.30,1919.80,4082.62,3499.39,4179.82,3402.18,2989.06,3159.17,3304.98,2600.24,1992.71,1798.30,1093.56,777.64,583.23,218.71,291.62,24.30,24.30,0.00,0.00,0.00,0.00,0.00,0.00,1.175
69832,1775.12,131.00,4.65,0.00,2280.78,4610.08,3954.96,3809.38,3008.68,3008.68,3154.27,2499.15,2620.47,2159.46,1795.51,849.23,854.08,388.22,218.37,72.79,97.05,48.53,72.79,0.00,0.00,0.00,0.00,0.00,1.173
69833,1889.11,149.24,5.35,24.31,1945.03,4254.76,3938.69,3987.32,3549.69,2893.24,3646.94,2917.55,2941.86,2309.73,1896.41,1069.77,1069.77,583.51,413.32,243.13,72.94,0.00,0.00,24.31,0.00,0.00,0.00,0.00,1.173
69834,1627.84,123.91,4.37,97.03,1892.00,4244.86,3129.07,2935.02,3395.89,2837.99,2425.64,2377.12,2692.45,2425.64,1843.48,630.67,659.77,218.31,436.61,194.05,72.77,24.26,24.26,0.00,0.00,0.00,0.00,0.00,1.170
69835,1578.87,117.11,3.97,24.27,2014.24,3373.24,3712.99,3009.22,2839.35,2378.26,3057.76,2742.28,2208.38,2159.85,1795.83,679.50,951.30,266.95,145.61,72.80,121.34,24.27,0.00,0.00,0.00,0.00,0.00,0.00,1.174
69836,1933.74,142.65,4.90,121.40,2452.38,4734.79,4006.36,3593.58,3666.43,3180.81,3666.43,3569.30,2792.31,2088.16,1893.92,825.55,893.54,679.87,242.81,169.97,48.56,24.28,24.28,0.00,0.00,0.00,0.00,0.00,1.173
69837,1881.71,137.04,4.55,96.98,2182.12,4533.95,4218.76,4146.02,3079.21,2861.00,3515.63,3176.19,2521.56,2448.82,1769.94,1406.25,756.47,557.65,242.46,72.74,24.25,24.25,0.00,0.00,0.00,0.00,0.00,0.00,1.172
69838,1728.52,128.02,4.41,97.18,2016.41,4032.81,3935.63,3765.58,3231.11,2526.58,3255.40,3012.46,2477.99,1797.76,1554.82,996.06,874.59,413.00,315.82,170.06,72.88,24.29,0.00,0.00,0.00,0.00,0.00,0.00,1.172
69839,1966.50,145.21,4.92,48.54,2354.36,4441.74,4271.84,3762.13,3907.76,3033.97,3834.94,3567.95,2500.00,2791.26,1966.02,1092.23,737.86,412.62,291.26,218.45,72.82,24.27,0.00,0.00,0.00,0.00,0.00,0.00,1.173
69840,1736.52,126.21,4.33,169.63,2084.01,4119.56,4022.63,3537.98,3392.58,3101.79,3077.56,2641.37,2374.81,1890.15,1768.99,896.61,562.20,533.12,266.56,169.63,96.93,24.23,0.00,0.00,0.00,0.00,0.00,0.00,1.171
69841,1788.63,133.28,4.59,24.31,2431.20,5178.45,3744.04,3768.35,3063.31,2625.69,2698.63,2552.76,2455.51,2066.52,2115.14,1021.10,836.33,632.11,388.99,121.56,48.62,0.00,0.00,0.00,0.00,0.00,0.00,0.00,1.178
69842,2022.72,149.14,5.09,48.58,2550.26,4760.49,4396.17,4347.59,3691.81,3254.62,3521.79,3230.33,3084.61,2671.71,1870.19,777.22,1010.39,704.36,267.17,170.02,72.86,24.29,0.00,0.00,0.00,0.00,0.00,0.00,1.172
69843,1565.29,115.08,4.02,24.29,2380.48,3837.92,3376.40,3109.20,2793.43,2404.77,2599.10,2696.26,2234.74,2161.87,1263.11,1044.50,602.41,340.07,145.74,121.45,48.58,121.45,0.00,0.00,0.00,0.00,0.00,0.00,1.173
69844,2032.80,149.53,5.11,170.64,2145.18,5094.81,4534.14,4290.37,3729.69,2437.71,4070.97,3412.79,3169.02,2730.23,1852.66,1048.21,994.58,487.54,243.77,121.89,48.75,24.38,48.75,0.00,0.00,0.00,0.00,0.00,1.170
69845,2061.82,153.19,5.26,24.28,2233.98,5342.13,4662.23,3812.34,3763.78,3302.41,3569.52,3278.13,3059.59,3035.30,1991.16,1044.14,1146.13,509.93,291.39,72.85,24.28,24.28,24.28,24.28,0.00,0.00,0.00,0.00,1.173
69846,1539.78,112.94,3.90,24.24,2375.61,4072.47,2618.02,3563.42,2399.85,2521.06,2448.33,2618.02,2351.37,1963.51,1527.18,872.67,639.96,460.58,145.45,96.96,48.48,24.24,0.00,24.24,0.00,0.00,0.00,0.00,1.171
69847,1170.31,87.72,3.01,72.93,1482.94,3281.92,1847.60,2601.22,2187.95,1531.56,1871.91,1701.74,1750.36,2066.39,1191.21,826.56,505.66,243.11,97.24,48.62,48.62,24.31,24.31,0.00,0.00,0.00,0.00,0.00,1.173
69848,1571.25,120.09,4.19,24.30,1895.12,3668.77,3498.69,2842.69,2745.50,2429.65,2866.98,3037.06,2235.27,1943.72,1652.16,801.78,738.61,558.82,364.45,48.59,48.59,0.00,0.00,24.30,0.00,0.00,0.00,0.00,1.174
69849,2033.41,150.70,5.11,72.96,2432.02,4742.44,4523.56,3915.55,3380.51,3040.03,4012.83,3891.23,2991.38,2577.94,1969.94,997.13,1147.91,583.68,170.24,121.60,72.96,0.00,0.00,24.32,0.00,0.00,0.00,0.00,1.172
69850,1834.67,132.47,4.49,48.58,2161.87,4566.64,4250.86,4250.86,3133.49,2890.59,3546.44,2647.68,2137.58,2671.97,1676.05,923.04,816.17,534.39,194.33,97.16,121.45,24.29,0.00,0.00,0.00,0.00,0.00,0.00,1.177
69851,2135.32,160.50,5.75,170.13,3110.88,5176.69,4155.94,3839.99,4301.76,3062.27,4228.85,3524.04,2940.75,2940.75,1895.69,1166.58,1049.92,486.07,340.25,170.13,48.61,24.30,24.30,24.30,24.30,0.00,0.00,0.00,1.173
69852,1447.18,113.33,4.01,48.54,2184.24,3761.75,2790.98,2257.05,2184.24,2354.13,2790.98,2135.71,2232.78,2208.51,1383.35,728.08,1009.61,339.77,339.77,72.81,97.08,24.27,0.00,0.00,0.00,0.00,0.00,0.00,1.172
69853,1424.41,102.02,3.42,24.35,1801.82,3749.72,3262.75,2605.33,2800.12,2142.70,2751.42,2118.35,2069.65,1558.33,1533.98,657.42,876.56,243.49,121.74,73.05,73.05,24.35,0.00,0.00,0.00,0.00,0.00,0.00,1.176
69854,1981.50,148.72,5.01,145.65,2014.76,4806.29,4175.16,3883.87,4320.81,2791.53,3398.39,2718.71,3082.83,2840.08,2208.95,1335.08,912.71,485.48,315.56,145.65,48.55,0.00,0.00,0.00,0.00,0.00,0.00,0.00,1.178
69855,1773.87,122.71,3.95,48.52,2353.19,5094.54,3736.00,3663.22,3347.84,2304.67,3299.32,2765.61,2523.01,2183.38,1843.74,630.75,931.57,509.45,169.82,72.78,0.00,0.00,0.00,0.00,0.00,0.00,0.00,0.00,1.175
69856,1429.89,108.11,3.79,72.83,1505.15,3762.88,3010.30,2403.39,2791.81,2427.66,2621.88,2306.28,2403.39,1893.58,1068.17,728.30,679.75,485.53,242.77,48.55,97.11,24.28,24.28,0.00,0.00,0.00,0.00,0.00,1.172
69857,1599.39,115.05,3.68,24.31,1628.80,3889.68,3136.06,3379.16,2892.95,2698.47,2892.95,2649.85,2674.16,2212.26,1604.49,972.42,797.38,364.66,145.86,0.00,24.31,0.00,0.00,0.00,0.00,0.00,0.00,0.00,1.177
69858,2159.60,164.11,5.96,170.14,2770.90,5128.60,4593.86,3816.06,3864.68,3135.49,4326.49,3475.78,3524.39,2941.04,2236.17,947.94,1069.47,656.27,340.29,48.61,72.92,24.31,0.00,24.31,0.00,0.00,24.31,0.00,1.175
69859,2433.68,183.74,6.37,48.57,3278.58,5780.02,5221.45,4638.59,4007.16,3812.87,4590.02,4371.45,3861.44,3084.30,1845.72,1384.29,1243.43,655.72,437.14,242.86,170.00,0.00,0.00,0.00,0.00,0.00,0.00,0.00,1.173
69860,1798.96,134.31,4.66,72.82,2306.05,4296.54,4393.63,3349.84,3155.65,2718.71,2888.63,3179.92,2767.26,2306.05,1577.82,1165.16,854.45,388.39,291.29,121.37,72.82,72.82,0.00,0.00,0.00,0.00,0.00,0.00,1.175
69861,1829.85,141.47,5.02,48.76,1828.39,4510.03,3851.81,3534.89,3461.75,2754.78,3632.40,3120.45,2559.75,2340.34,1730.88,1218.93,858.12,511.95,390.06,97.51,24.38,97.51,24.38,0.00,0.00,0.00,0.00,0.00,1.176
69862,1846.91,133.63,4.53,72.65,2397.33,4576.71,4068.19,3753.39,3704.96,2978.50,3341.73,2881.63,2445.76,2179.39,1452.92,1113.91,929.87,653.82,242.15,48.43,72.65,0.00,24.22,0.00,0.00,0.00,0.00,0.00,1.173
69863,1611.37,118.21,4.01,97.29,2262.00,3818.65,3356.52,3186.26,2918.72,2651.17,2748.46,2626.84,2237.68,2091.75,1775.55,1191.81,583.74,218.90,243.23,121.61,72.97,0.00,24.32,0.00,0.00,0.00,0.00,0.00,1.175
69864,1703.69,126.38,4.30,121.07,2203.47,4213.23,3656.31,3026.75,2881.46,2687.75,2760.39,3196.24,2711.96,2397.18,1743.41,944.34,561.76,484.28,363.21,72.64,24.21,0.00,0.00,24.21,0.00,0.00,0.00,0.00,1.175
69865,1773.57,132.28,4.94,24.32,2115.73,4328.74,3818.04,3842.36,2845.29,3015.52,3283.03,3088.48,2626.42,1969.82,1994.14,1045.71,719.83,291.82,291.82,48.64,48.64,24.32,0.00,0.00,0.00,24.32,24.32,0.00,1.176
69866,1881.32,137.11,4.70,72.77,2401.38,4899.78,4317.63,3662.71,3080.56,3153.33,3129.07,3250.35,2571.17,2619.69,1819.23,873.23,756.80,460.87,266.82,194.05,48.51,24.26,24.26,0.00,0.00,0.00,0.00,0.00,1.176
69867,2321.98,172.88,5.84,72.91,2819.23,5784.29,4957.96,4155.94,4277.46,3645.56,3937.20,3767.08,4496.19,2527.59,2235.94,1409.62,1088.81,704.81,267.34,243.04,24.30,24.30,0.00,0.00,0.00,0.00,0.00,0.00,1.172
69868,2186.45,161.23,5.47,145.83,2989.48,5541.47,4593.59,4472.06,3864.45,3305.44,3621.40,3426.96,2916.56,3013.78,2381.86,1239.54,1049.96,631.92,364.57,121.52,0.00,24.30,24.30,0.00,0.00,0.00,0.00,0.00,1.171
69869,1681.72,123.60,4.12,72.82,2233.23,4223.71,3179.92,3252.74,2451.70,2597.34,3568.31,2888.63,2961.45,2136.13,1772.02,679.68,718.52,485.48,339.84,24.27,24.27,0.00,24.27,0.00,0.00,0.00,0.00,0.00,1.173
69870,2259.74,179.05,7.16,170.14,2843.82,5444.58,4788.31,3573.00,4132.04,4010.51,3791.76,3548.70,3670.23,3281.33,2382.00,1118.08,1030.58,729.18,267.37,243.06,121.53,0.00,0.00,0.00,0.00,0.00,0.00,48.61,1.178
69871,1982.64,148.00,5.18,72.70,2907.81,4482.88,3974.01,3901.31,3852.85,3028.97,4022.47,2205.09,3174.36,2907.81,2180.86,896.58,1027.43,605.79,242.32,96.93,24.23,24.23,0.00,0.00,0.00,24.23,0.00,0.00,1.176
69872,1901.24,136.58,4.51,72.80,2426.60,4780.40,4270.82,3761.23,3372.97,3008.98,3664.17,2984.72,2717.79,1917.01,2111.14,1067.70,1067.70,412.52,242.66,97.06,48.53,0.00,0.00,0.00,0.00,0.00,0.00,0.00,1.179
69873,2055.34,149.00,5.01,145.94,2432.36,5424.16,4232.31,3843.13,3429.63,3697.19,3891.78,3502.60,2991.80,2529.65,2164.80,972.94,778.36,583.77,243.24,121.62,72.97,48.65,0.00,0.00,0.00,0.00,0.00,0.00,1.177
69874,1335.35,96.55,3.24,72.74,1891.36,3346.24,3273.50,2182.33,2327.82,1964.10,2837.03,1697.37,2085.34,1891.36,1066.92,751.69,640.15,363.72,193.99,72.74,24.25,24.25,0.00,0.00,0.00,0.00,0.00,0.00,1.176
69875,1738.31,127.50,4.38,48.62,2309.31,4691.55,3694.90,3670.59,3257.35,2455.17,2673.94,2455.17,3160.11,2187.77,1336.97,1020.96,758.43,607.71,145.85,194.47,72.93,24.31,0.00,0.00,0.00,0.00,0.00,0.00,1.175
69876,1767.34,127.42,4.26,97.12,2185.20,4880.28,3690.56,3496.32,3010.72,2622.24,3326.36,2816.48,2573.68,2549.40,1456.80,849.80,1087.74,315.64,218.52,48.56,97.12,24.28,0.00,0.00,0.00,0.00,0.00,0.00,1.174
