NASA Intern/Datasets/LARGE/SASA-LARGE-UHSAS_P3B_20220708_RA.ict
70, 1001
Richard Moore, Luke Ziemba, Edward Winstead, Michael Shook, Claire Robinson, John Barrick, Bruce Anderson, and Ali Omar
NASA Langley
In-situ Submicron  Particle Size Distributions from the DMT UHSAS on the NASA P3B
NASA SASA
1,1
2022,07,08,2022,07,8
1.0
Start_UTC,Secs after midnight,Time of acquisition
29
1,1,1,1,1,1,1,1,1,1,1,1,1,1,1,1,1,1,1,1,1,1,1,1,1,1,1,1,1
-9999,-9999,-9999,-9999,-9999,-9999,-9999,-9999,-9999,-9999,-9999,-9999,-9999,-9999,-9999,-9999,-9999,-9999,-9999,-9999,-9999,-9999,-9999,-9999,-9999,-9999,-9999,-9999,-9999
nUHSAS_PSL, #/cm3, integrated UHSAS Dry Aerosol Number Concentration (PSL optical diameter)
sUHSAS_PSL, um2/cm3, integrated UHSAS Dry Aerosol Surface Area Concentration (PSL optical diameter)
vUHSAS_PSL, um3/cm3, integrated UHSAS Dry Aerosol Volume Concentration (PSL optical diameter)
UHSAS_Bin01, #/cm3, Binned UHSAS Dry Aerosol Number Size Distribution (dNdlogD, PSL optical diameter) at bin center 63 nm
UHSAS_Bin02, #/cm3, Binned UHSAS Dry Aerosol Number Size Distribution (dNdlogD, PSL optical diameter) at bin center 71 nm
UHSAS_Bin03, #/cm3, Binned UHSAS Dry Aerosol Number Size Distribution (dNdlogD, PSL optical diameter) at bin center 79 nm
UHSAS_Bin04, #/cm3, Binned UHSAS Dry Aerosol Number Size Distribution (dNdlogD, PSL optical diameter) at bin center 89 nm
UHSAS_Bin05, #/cm3, Binned UHSAS Dry Aerosol Number Size Distribution (dNdlogD, PSL optical diameter) at bin center 100 nm
UHSAS_Bin06, #/cm3, Binned UHSAS Dry Aerosol Number Size Distribution (dNdlogD, PSL optical diameter) at bin center 112 nm
UHSAS_Bin07, #/cm3, Binned UHSAS Dry Aerosol Number Size Distribution (dNdlogD, PSL optical diameter) at bin center 126 nm
UHSAS_Bin08, #/cm3, Binned UHSAS Dry Aerosol Number Size Distribution (dNdlogD, PSL optical diameter) at bin center 141 nm
UHSAS_Bin09, #/cm3, Binned UHSAS Dry Aerosol Number Size Distribution (dNdlogD, PSL optical diameter) at bin center 158 nm
UHSAS_Bin10, #/cm3, Binned UHSAS Dry Aerosol Number Size Distribution (dNdlogD, PSL optical diameter) at bin center 178 nm
UHSAS_Bin11, #/cm3, Binned UHSAS Dry Aerosol Number Size Distribution (dNdlogD, PSL optical diameter) at bin center 200 nm
UHSAS_Bin12, #/cm3, Binned UHSAS Dry Aerosol Number Size Distribution (dNdlogD, PSL optical diameter) at bin center 224 nm
UHSAS_Bin13, #/cm3, Binned UHSAS Dry Aerosol Number Size Distribution (dNdlogD, PSL optical diameter) at bin center 251 nm
UHSAS_Bin14, #/cm3, Binned UHSAS Dry Aerosol Number Size Distribution (dNdlogD, PSL optical diameter) at bin center 282 nm
UHSAS_Bin15, #/cm3, Binned UHSAS Dry Aerosol Number Size Distribution (dNdlogD, PSL optical diameter) at bin center 316 nm
UHSAS_Bin16, #/cm3, Binned UHSAS Dry Aerosol Number Size Distribution (dNdlogD, PSL optical diameter) at bin center 355 nm
UHSAS_Bin17, #/cm3, Binned UHSAS Dry Aerosol Number Size Distribution (dNdlogD, PSL optical diameter) at bin center 398 nm
UHSAS_Bin18, #/cm3, Binned UHSAS Dry Aerosol Number Size Distribution (dNdlogD, PSL optical diameter) at bin center 447 nm
UHSAS_Bin19, #/cm3, Binned UHSAS Dry Aerosol Number Size Distribution (dNdlogD, PSL optical diameter) at bin center 501 nm
UHSAS_Bin20, #/cm3, Binned UHSAS Dry Aerosol Number Size Distribution (dNdlogD, PSL optical diameter) at bin center 562 nm
[...]
INSTRUMENT_INFO: Size Distribution Data From the DMT Ultra-High Sensitivity Aerosol Spectrometer (UHSAS)
DATA_INFO: UHSAS measurements are reported at standard temperature and pressure (0 deg C, 1013 mb)
  - Flagged data are due to missing data or instrument issues
  - Concentrations can be converted back to ambient conditions by dividing by the stdPT conversion factor
  - Integrated surface areas and volumes are calculated by assuming spherical particles
UNCERTAINTY: all data are 20%
ULOD_FLAG: -7777
ULOD_VALUE: N/A
LLOD_FLAG: -8888
LLOD_VALUE: N/A
DM_CONTACT_INFO: Michael Shook (michael.shook@nasa.gov)
PROJECT_INFO: SASA 2022
STIPULATIONS_ON_USE: STIPULATIONS_ON_USE: This is FIELD data. Please consult the PI and/or DM prior to use.
OTHER_COMMENTS: Data are processed with respect to mid-point polystyrene-latex-equivalent optical diameters and are rebinned to a 20 channels per decade standard binning scheme (dlogD = 0.05)
OTHER_COMMENTS: Mid-point diameters (in nm) are:
        63.1, 70.8, 79.4, 89.1, 100.0, 112.2, 125.9, 141.3, 158.5, 177.8, 199.5, 223.9, 251.2, 281.8, 316.2, 354.8, 398.1, 446.7, 501.2, 562.3, 631.0, 707.9, 794.3, 891.3, 1000.0
REVISION: RA
RA: None
*******************************************************************************************************************************
Start_UTC,nUHSAS_PSL,sUHSAS_PSL,vUHSAS_PSL,UHSAS_Bin01,UHSAS_Bin02,UHSAS_Bin03,UHSAS_Bin04,UHSAS_Bin05,UHSAS_Bin06,UHSAS_Bin07,UHSAS_Bin08,UHSAS_Bin09,UHSAS_Bin10,UHSAS_Bin11,UHSAS_Bin12,UHSAS_Bin13,UHSAS_Bin14,UHSAS_Bin15,UHSAS_Bin16,UHSAS_Bin17,UHSAS_Bin18,UHSAS_Bin19,UHSAS_Bin20,UHSAS_Bin21,UHSAS_Bin22,UHSAS_Bin23,UHSAS_Bin24,UHSAS_Bin25,stdPT
[from data line 6242]
60207,397.77,35.99,1.18,24.30,291.59,510.28,364.48,485.98,413.08,534.58,874.76,947.66,996.25,1020.55,923.36,315.89,155.51,48.60,48.60,0.00,0.00,0.00,0.00,0.00,0.00,0.00,0.00,0.00,1.150
60208,399.88,37.38,1.26,24.31,437.55,413.25,340.32,267.39,437.55,850.80,777.87,875.11,972.34,899.42,1020.96,267.39,291.70,72.93,48.62,0.00,0.00,0.00,0.00,0.00,0.00,0.00,0.00,0.00,1.150
60209,403.25,38.38,1.35,24.28,291.33,558.38,461.27,461.27,412.72,898.27,679.77,582.66,922.55,1141.05,825.44,291.33,369.02,48.56,48.56,24.28,24.28,0.00,0.00,0.00,0.00,0.00,0.00,0.00,1.149
60210,400.53,38.47,1.53,0.00,534.36,558.65,558.65,340.05,437.21,704.39,461.49,704.39,1311.62,777.25,850.12,364.34,213.74,170.02,0.00,0.00,0.00,0.00,0.00,0.00,0.00,24.29,0.00,0.00,1.150
60211,335.89,32.13,1.20,48.47,484.68,484.68,363.51,411.98,363.51,411.98,654.32,630.09,751.26,848.20,411.98,387.75,271.42,121.17,24.23,0.00,24.23,0.00,24.23,0.00,0.00,0.00,0.00,0.00,1.149
60212,327.02,33.29,1.24,72.89,340.14,461.61,340.14,242.95,242.95,413.02,704.57,510.21,874.64,996.12,437.32,461.61,272.11,24.30,72.89,48.59,0.00,24.30,0.00,0.00,0.00,0.00,0.00,0.00,1.150
60213,322.22,29.33,1.00,0.00,363.95,266.90,315.43,388.22,363.95,655.12,679.38,679.38,800.70,873.49,461.01,339.69,135.88,48.53,48.53,0.00,24.26,0.00,0.00,0.00,0.00,0.00,0.00,0.00,1.151
60214,291.63,26.60,0.94,24.28,364.24,364.24,242.82,388.52,485.65,485.65,461.37,461.37,898.45,631.34,534.21,194.26,174.83,24.28,48.56,0.00,48.56,0.00,0.00,0.00,0.00,0.00,0.00,0.00,1.153
60215,286.55,24.66,0.83,48.61,243.05,291.66,534.70,388.88,413.18,364.57,583.31,680.53,656.23,607.62,413.18,243.05,213.88,0.00,24.30,0.00,24.30,0.00,0.00,0.00,0.00,0.00,0.00,0.00,1.156
60216,277.76,27.82,1.07,0.00,462.13,364.84,316.19,243.23,389.16,413.48,486.45,462.13,608.07,486.45,535.10,389.16,155.66,145.94,24.32,24.32,24.32,24.32,0.00,0.00,0.00,0.00,0.00,0.00,1.153
60217,263.39,24.09,0.87,48.64,364.80,462.08,340.48,291.84,291.84,194.56,486.40,778.25,583.68,559.36,364.80,121.60,136.19,121.60,97.28,0.00,24.32,0.00,0.00,0.00,0.00,0.00,0.00,0.00,1.153
60218,257.71,23.67,0.81,0.00,290.92,436.38,242.43,339.41,242.43,387.89,581.84,606.08,412.14,412.14,557.60,412.14,135.76,48.49,48.49,0.00,0.00,0.00,0.00,0.00,0.00,0.00,0.00,0.00,1.151
60219,256.35,18.50,0.56,24.25,388.05,388.05,485.06,363.79,606.32,363.79,533.57,339.54,436.55,582.07,412.30,97.01,58.21,48.51,0.00,0.00,0.00,0.00,0.00,0.00,0.00,0.00,0.00,0.00,1.149
60220,253.24,23.35,0.97,0.00,388.86,437.47,364.56,243.04,364.56,486.07,315.95,607.59,534.68,486.07,364.56,194.43,155.54,24.30,48.61,0.00,24.30,0.00,0.00,0.00,24.30,0.00,0.00,0.00,1.149
60221,285.84,26.24,0.97,0.00,267.14,437.14,267.14,412.86,582.86,461.43,388.57,534.29,752.86,631.43,534.29,170.00,155.43,24.29,0.00,24.29,48.57,24.29,0.00,0.00,0.00,0.00,0.00,0.00,1.149
60222,255.85,24.40,1.06,24.25,339.52,412.28,436.53,339.52,291.02,363.77,485.03,533.53,557.79,436.53,363.77,218.26,194.01,24.25,24.25,24.25,0.00,0.00,24.25,0.00,24.25,0.00,0.00,0.00,1.149
60223,280.78,23.12,0.75,0.00,387.95,412.20,339.46,242.47,387.95,581.93,533.44,824.40,533.44,581.93,363.71,145.48,232.77,0.00,48.49,0.00,0.00,0.00,0.00,0.00,0.00,0.00,0.00,0.00,1.149
60224,234.72,18.94,0.63,24.27,315.55,315.55,339.82,315.55,291.27,461.18,655.36,509.73,412.64,388.36,315.55,194.18,58.25,0.00,72.82,24.27,0.00,0.00,0.00,0.00,0.00,0.00,0.00,0.00,1.147
60225,302.47,26.14,0.88,0.00,413.34,486.29,267.46,364.72,437.66,559.23,559.23,510.60,632.17,729.43,753.75,121.57,116.71,24.31,48.63,0.00,24.31,0.00,0.00,0.00,0.00,0.00,0.00,0.00,1.148
60226,344.56,30.95,1.07,0.00,365.52,389.89,389.89,511.72,438.62,657.93,609.20,731.03,779.77,828.51,536.09,316.78,214.44,73.10,24.37,0.00,0.00,24.37,0.00,0.00,0.00,0.00,0.00,0.00,1.148
60227,383.34,33.25,1.19,48.56,461.27,364.16,461.27,704.05,752.61,631.22,752.61,679.77,631.22,776.88,752.61,339.89,213.64,48.56,24.28,0.00,0.00,0.00,0.00,24.28,0.00,0.00,0.00,0.00,1.148
60228,390.46,35.34,1.24,48.53,461.07,339.74,558.14,315.47,558.14,533.87,922.14,922.14,800.81,1164.81,606.67,169.87,213.55,121.33,48.53,0.00,0.00,0.00,24.27,0.00,0.00,0.00,0.00,0.00,1.148
60229,377.30,37.94,1.47,0.00,266.56,436.19,484.65,460.42,533.12,508.89,581.59,920.84,848.15,969.31,751.21,315.03,252.02,72.70,48.47,24.23,48.47,0.00,0.00,24.23,0.00,0.00,0.00,0.00,1.148
60230,400.85,40.91,1.47,0.00,194.12,558.08,461.03,339.70,363.97,436.76,655.14,1140.43,994.85,946.32,1019.11,461.03,155.29,169.85,97.06,0.00,24.26,0.00,0.00,0.00,0.00,0.00,0.00,0.00,1.147
60231,353.56,35.86,1.42,24.30,267.30,267.30,243.00,340.20,631.80,607.50,826.19,923.39,826.19,801.90,461.70,437.40,194.40,72.90,72.90,0.00,0.00,48.60,0.00,24.30,0.00,0.00,0.00,0.00,1.146
60232,359.53,34.47,1.23,0.00,218.34,509.45,436.68,460.93,509.45,630.75,557.97,727.79,679.27,849.09,849.09,339.64,252.30,97.04,48.52,0.00,0.00,24.26,0.00,0.00,0.00,0.00,0.00,0.00,1.147
60233,357.59,34.68,1.28,24.26,291.12,509.45,266.86,388.16,485.19,533.71,800.57,655.01,824.83,1018.91,752.05,266.86,116.45,72.78,48.52,72.78,0.00,0.00,24.26,0.00,0.00,0.00,0.00,0.00,1.147
60234,378.78,38.23,1.47,0.00,218.53,364.21,461.34,437.06,437.06,728.43,679.87,679.87,898.40,1044.08,801.27,364.21,291.37,97.12,48.56,0.00,0.00,0.00,0.00,0.00,24.28,0.00,0.00,0.00,1.146
60235,491.43,48.99,1.75,24.34,413.78,608.50,438.12,267.74,608.50,657.18,949.26,1217.01,1411.73,1290.03,827.56,413.78,408.91,97.36,170.38,0.00,24.34,0.00,0.00,0.00,0.00,0.00,0.00,0.00,1.146
60236,420.50,40.56,1.47,24.25,194.00,460.76,339.51,485.01,703.27,703.27,824.52,897.27,1164.03,1091.28,727.52,388.01,213.40,97.00,48.50,0.00,0.00,24.25,24.25,0.00,0.00,0.00,0.00,0.00,1.145
60237,387.04,41.24,1.83,24.27,315.46,363.99,388.26,558.12,266.93,558.12,800.78,946.37,922.11,970.64,849.31,218.39,291.19,97.06,72.80,48.53,24.27,0.00,0.00,0.00,0.00,0.00,24.27,0.00,1.144
60238,375.30,40.82,1.53,0.00,145.84,340.30,340.30,364.61,437.53,413.22,802.13,631.98,1020.90,1069.51,899.36,486.14,408.36,72.92,0.00,24.31,24.31,0.00,24.31,0.00,0.00,0.00,0.00,0.00,1.144
60239,415.88,41.93,1.50,0.00,194.45,534.74,510.43,267.37,534.74,388.90,972.25,753.49,1093.78,1118.08,1118.08,340.29,369.45,48.61,0.00,48.61,0.00,24.31,0.00,0.00,0.00,0.00,0.00,0.00,1.143
60240,448.33,45.00,1.61,24.30,267.30,558.90,558.90,291.60,583.20,558.90,1044.89,704.70,1044.89,1239.29,1069.19,388.80,486.00,72.90,24.30,24.30,0.00,24.30,0.00,0.00,0.00,0.00,0.00,0.00,1.144
60241,453.64,42.57,1.47,0.00,413.72,486.73,486.73,535.41,632.75,608.42,1070.81,1022.14,924.79,1168.16,851.78,194.69,408.86,219.03,24.34,24.34,0.00,0.00,0.00,0.00,0.00,0.00,0.00,0.00,1.144
60242,501.14,50.24,1.77,24.30,145.82,534.68,413.16,510.38,729.11,996.45,899.24,1045.06,1385.31,1093.67,972.15,558.99,349.97,267.34,97.21,0.00,0.00,0.00,0.00,0.00,0.00,0.00,0.00,0.00,1.143
60243,446.66,44.60,1.78,48.60,461.72,388.82,437.42,826.24,461.72,923.45,899.15,680.44,1020.65,1020.65,753.34,364.52,330.50,145.81,48.60,48.60,0.00,24.30,24.30,24.30,0.00,0.00,0.00,0.00,1.143
60244,402.21,37.64,1.36,0.00,267.98,414.15,633.40,633.40,414.15,560.31,1023.18,901.38,828.29,730.84,779.57,414.15,272.85,73.08,48.72,24.36,0.00,0.00,24.36,0.00,0.00,0.00,0.00,0.00,1.142
60245,494.97,48.38,1.69,0.00,364.13,534.05,461.23,534.05,825.36,825.36,558.33,1068.11,971.01,1602.16,1068.11,631.15,310.72,72.83,0.00,48.55,24.28,0.00,0.00,0.00,0.00,0.00,0.00,0.00,1.142
60246,464.77,42.35,1.58,24.30,510.21,801.75,753.16,826.05,413.02,728.86,971.82,1069.00,631.68,753.16,801.75,364.43,330.42,72.89,145.77,24.30,48.59,24.30,0.00,0.00,0.00,0.00,0.00,0.00,1.142
60247,384.28,38.19,1.55,0.00,437.51,486.12,510.43,631.96,437.51,656.27,729.18,753.49,486.12,777.80,826.41,461.82,272.23,72.92,72.92,0.00,24.31,24.31,0.00,0.00,24.31,0.00,0.00,0.00,1.141
60248,405.53,39.54,1.46,24.28,461.38,412.82,534.23,631.37,485.67,679.94,558.52,752.79,777.07,971.34,922.77,388.53,291.40,72.85,48.57,48.57,24.28,24.28,0.00,0.00,0.00,0.00,0.00,0.00,1.141
60249,428.70,36.75,1.22,48.55,436.95,582.60,728.26,558.33,631.15,631.15,728.26,922.46,801.08,922.46,801.08,339.85,368.98,48.55,24.28,0.00,0.00,0.00,0.00,0.00,0.00,0.00,0.00,0.00,1.140
60250,465.16,44.51,1.65,0.00,364.16,437.00,679.77,509.83,485.55,776.88,679.77,1043.94,1359.55,1238.16,995.38,315.61,271.91,72.83,24.28,24.28,0.00,0.00,0.00,0.00,24.28,0.00,0.00,0.00,1.140
60251,430.52,38.49,1.32,24.34,681.43,535.41,511.07,365.05,632.75,705.76,803.11,803.11,949.13,876.12,997.80,243.37,311.51,121.68,24.34,0.00,24.34,0.00,0.00,0.00,0.00,0.00,0.00,0.00,1.140
60252,399.18,38.42,1.37,0.00,219.06,608.50,511.14,316.42,584.16,608.50,657.18,949.26,1022.28,900.58,827.56,292.08,194.72,170.38,73.02,24.34,24.34,0.00,0.00,0.00,0.00,0.00,0.00,0.00,1.139
60253,391.71,35.82,1.52,24.30,413.10,413.10,510.30,583.20,656.10,631.80,826.19,656.10,996.29,899.09,583.20,315.90,252.72,24.30,0.00,24.30,0.00,0.00,0.00,0.00,0.00,0.00,24.30,0.00,1.137
60254,400.39,36.31,1.26,0.00,315.27,679.04,509.28,315.27,727.55,873.05,727.55,751.80,727.55,727.55,824.55,315.27,271.62,169.76,48.50,24.25,0.00,0.00,0.00,0.00,0.00,0.00,0.00,0.00,1.137
60255,384.43,36.60,1.34,24.28,267.13,364.27,388.56,655.69,509.98,437.13,704.26,1044.25,898.54,971.39,728.55,291.42,233.13,97.14,48.57,0.00,0.00,0.00,0.00,24.28,0.00,0.00,0.00,0.00,1.136
60256,393.75,33.92,1.14,48.58,631.56,607.27,340.07,631.56,558.68,461.52,825.88,631.56,898.75,680.14,850.17,315.78,272.06,72.87,48.58,0.00,0.00,0.00,0.00,0.00,0.00,0.00,0.00,0.00,1.135
60257,392.97,36.62,1.25,72.91,486.05,461.74,437.44,413.14,510.35,486.05,631.86,801.97,996.39,947.79,704.77,413.14,349.95,145.81,0.00,0.00,0.00,0.00,0.00,0.00,0.00,0.00,0.00,0.00,1.135
60258,438.23,44.10,1.64,0.00,364.18,437.01,388.46,558.41,582.69,728.36,582.69,898.31,1116.81,1335.32,776.91,509.85,291.34,72.84,48.56,0.00,0.00,72.84,0.00,0.00,0.00,0.00,0.00,0.00,1.134
60259,441.14,44.24,1.64,24.24,509.01,509.01,533.25,460.53,412.05,605.96,654.44,945.30,1163.45,1066.49,824.11,436.29,484.77,96.95,24.24,24.24,0.00,48.48,0.00,0.00,0.00,0.00,0.00,0.00,1.133
60260,433.69,41.08,1.43,0.00,364.04,631.00,388.31,485.39,533.93,509.66,946.51,995.04,946.51,1189.20,776.62,388.31,349.48,145.62,0.00,0.00,0.00,24.27,0.00,0.00,0.00,0.00,0.00,0.00,1.133
60261,412.32,39.67,1.44,24.34,365.10,389.44,535.48,486.80,608.50,438.12,705.86,949.26,973.60,949.26,973.60,462.46,311.55,24.34,24.34,0.00,0.00,0.00,0.00,24.34,0.00,0.00,0.00,0.00,1.132
60262,425.91,44.94,1.76,72.97,243.24,413.50,389.18,462.15,632.41,389.18,948.62,875.65,1094.56,972.94,1094.56,389.18,272.42,97.29,48.65,24.32,48.65,0.00,48.65,0.00,0.00,0.00,0.00,0.00,1.131
60263,417.66,41.46,1.55,0.00,315.67,485.65,655.63,364.24,582.78,461.37,777.04,1044.14,922.73,995.58,825.60,412.80,194.26,145.69,121.41,0.00,24.28,0.00,24.28,0.00,0.00,0.00,0.00,0.00,1.131
60264,421.15,42.38,1.76,24.25,509.16,484.91,363.69,509.16,436.42,581.90,1066.81,1018.32,848.60,824.36,897.09,290.95,252.16,193.97,24.25,48.49,0.00,24.25,0.00,0.00,0.00,24.25,0.00,0.00,1.130
60265,404.27,37.98,1.28,48.53,242.66,339.72,388.26,558.12,558.12,485.32,800.78,922.11,1043.44,1140.50,873.58,291.19,271.78,97.06,0.00,24.27,0.00,0.00,0.00,0.00,0.00,0.00,0.00,0.00,1.130
60266,465.48,47.64,1.73,0.00,315.33,363.85,509.38,703.43,557.90,460.87,1018.77,921.74,1334.10,1140.05,727.69,436.61,407.51,266.82,97.03,48.51,0.00,0.00,0.00,0.00,0.00,0.00,0.00,0.00,1.129
60267,459.11,52.96,2.82,24.25,169.77,412.30,412.30,436.55,485.06,727.59,848.85,994.37,1382.42,1188.40,1212.65,315.29,329.84,169.77,24.25,0.00,0.00,0.00,0.00,0.00,0.00,0.00,0.00,48.51,1.129
60268,470.40,49.56,1.82,0.00,145.56,339.64,339.64,655.01,557.97,703.53,970.39,946.13,1237.25,1310.03,1018.91,485.19,407.56,242.60,0.00,0.00,24.26,0.00,24.26,0.00,0.00,0.00,0.00,0.00,1.129
60269,471.34,52.04,2.14,48.64,267.53,291.85,340.50,535.07,535.07,729.64,1167.42,924.20,1167.42,1289.02,948.53,462.10,428.05,97.28,48.64,24.32,24.32,48.64,0.00,48.64,0.00,0.00,0.00,0.00,1.128
60270,443.07,49.02,1.88,24.32,291.81,145.91,437.72,510.67,364.77,462.04,826.80,1069.98,1434.75,1069.98,924.08,583.63,447.45,145.91,48.64,24.32,24.32,0.00,0.00,24.32,0.00,0.00,0.00,0.00,1.128
60271,442.18,45.47,1.68,24.30,267.25,607.39,583.09,218.66,680.27,704.57,680.27,437.32,1263.37,1214.77,1166.18,413.02,291.55,194.36,48.59,24.30,0.00,0.00,24.30,0.00,0.00,0.00,0.00,0.00,1.128
60272,474.86,49.41,1.75,24.26,242.65,266.91,412.50,388.23,533.82,752.20,970.58,897.79,1649.99,1140.43,1067.64,461.03,446.47,121.32,97.06,24.26,0.00,0.00,0.00,0.00,0.00,0.00,0.00,0.00,1.127
60273,439.62,47.76,1.86,48.58,242.88,315.75,267.17,412.90,558.63,558.63,1092.97,1117.26,898.66,1117.26,1117.26,437.19,291.46,97.15,97.15,48.58,48.58,0.00,0.00,24.29,0.00,0.00,0.00,0.00,1.128
60274,489.23,54.78,2.13,0.00,219.28,268.00,560.37,462.91,438.55,730.92,998.92,1120.74,998.92,1413.11,1096.38,633.46,428.81,268.00,97.46,0.00,0.00,24.36,0.00,24.36,0.00,0.00,0.00,0.00,1.126
60275,472.84,55.55,2.21,97.24,170.17,267.42,340.35,364.66,437.59,534.83,972.42,1045.35,1410.01,1458.63,875.18,510.52,486.21,267.42,72.93,72.93,0.00,48.62,24.31,0.00,0.00,0.00,0.00,0.00,1.127
60276,523.35,53.39,1.89,0.00,339.52,339.52,582.04,460.78,582.04,897.31,897.31,1212.58,1261.08,1406.59,1236.83,606.29,426.83,121.26,48.50,24.25,24.25,0.00,0.00,0.00,0.00,0.00,0.00,0.00,1.127
60277,462.07,49.41,1.89,0.00,291.53,388.70,558.76,291.53,583.06,413.00,996.06,1020.35,1117.53,1384.76,1141.82,413.00,447.01,72.88,0.00,72.88,0.00,24.29,0.00,24.29,0.00,0.00,0.00,0.00,1.127
60278,425.42,47.24,2.19,0.00,218.41,291.22,509.63,436.82,582.43,606.70,679.50,1067.79,1092.06,1213.40,873.65,582.43,135.90,24.27,72.80,48.54,0.00,0.00,0.00,48.54,0.00,0.00,24.27,0.00,1.127
60279,420.23,45.58,1.79,0.00,387.09,120.96,314.51,435.47,604.82,580.63,1016.10,822.56,1016.10,1112.87,919.33,532.24,251.61,96.77,48.39,96.77,0.00,24.19,0.00,24.19,0.00,0.00,0.00,0.00,1.127
60280,412.92,41.75,1.56,24.28,242.75,291.30,606.88,558.33,485.50,364.13,801.08,1068.11,1019.56,1068.11,898.18,267.03,271.88,194.20,48.55,0.00,0.00,24.28,24.28,0.00,0.00,0.00,0.00,0.00,1.126
60281,423.49,41.82,1.63,48.59,340.15,558.82,510.23,413.04,485.93,656.00,607.41,1214.82,1093.34,1069.04,607.41,413.04,233.25,72.89,0.00,48.59,24.30,24.30,48.59,0.00,0.00,0.00,0.00,0.00,1.126
60282,418.75,39.93,1.45,0.00,363.71,557.69,412.20,557.69,509.19,654.67,872.90,969.89,848.65,945.64,727.42,436.45,349.16,96.99,24.25,0.00,24.25,0.00,24.25,0.00,0.00,0.00,0.00,0.00,1.126
60283,382.20,35.98,1.30,24.25,363.77,412.28,509.28,582.04,291.02,485.03,776.05,970.06,873.05,945.81,727.55,242.52,271.62,72.75,48.50,24.25,0.00,0.00,24.25,0.00,0.00,0.00,0.00,0.00,1.125
60284,390.64,37.66,1.38,0.00,363.95,315.43,194.11,533.80,703.64,582.33,1213.18,485.27,1067.60,873.49,679.38,363.95,194.11,121.32,48.53,48.53,0.00,0.00,24.26,0.00,0.00,0.00,0.00,0.00,1.124
60285,427.89,43.45,1.56,0.00,242.98,437.36,315.87,413.06,534.55,631.75,826.13,1142.00,850.43,1482.17,728.94,388.77,272.14,194.38,48.60,24.30,0.00,24.30,0.00,0.00,0.00,0.00,0.00,0.00,1.124
60286,413.14,42.82,1.71,0.00,242.88,461.48,412.90,218.59,461.48,485.76,874.38,922.95,1433.01,1068.68,898.66,412.90,174.88,97.15,48.58,0.00,24.29,0.00,0.00,0.00,0.00,24.29,0.00,0.00,1.124
60287,359.07,36.67,1.69,0.00,339.43,484.90,387.92,509.14,339.43,436.41,606.12,1018.28,1091.01,703.10,630.36,315.18,174.56,24.24,0.00,24.24,0.00,72.73,0.00,0.00,0.00,0.00,24.24,0.00,1.124
60288,383.14,34.67,1.25,24.30,315.84,558.80,510.21,607.39,461.61,461.61,971.82,850.34,753.16,728.86,777.46,194.36,252.67,97.18,48.59,24.30,0.00,0.00,24.30,0.00,0.00,0.00,0.00,0.00,1.124
60289,321.56,29.82,1.06,0.00,315.73,461.46,291.45,291.45,485.75,485.75,704.33,728.62,655.76,777.19,655.76,267.16,213.73,48.57,24.29,0.00,0.00,0.00,24.29,0.00,0.00,0.00,0.00,0.00,1.123
60290,342.15,29.83,1.05,0.00,363.99,315.46,412.52,461.05,606.65,412.52,922.11,703.71,946.37,727.98,509.59,169.86,194.13,48.53,0.00,0.00,24.27,0.00,24.27,0.00,0.00,0.00,0.00,0.00,1.121
60291,356.62,37.35,1.66,48.62,243.10,316.02,388.95,559.12,364.64,486.19,826.52,875.14,704.98,1142.55,559.12,145.86,155.58,145.86,97.24,0.00,0.00,0.00,48.62,0.00,0.00,24.31,0.00,0.00,1.123
