NASA Intern/Datasets/LARGE/SASA-LARGE-MICROPHYSICAL_P3B_20220706_RA.ict
56,1001
Richard Moore, Luke Ziemba, Edward Winstead, Michael Shook, Claire Robinson, John Barrick, Bruce Anderson, and Ali Omar
NASA Langley
In-situ microphysical aerosol measurements from the NASA P3B
NASA SASA
1,1
2022,07,06,2022,07,7
1.0
Time_Mid,Secs after midnight,Time of acquisition
9
1,1,1,1,1,1,1,1,1
-9999,-9999,-9999,-9999,-9999,-9999,-9999,-9999,-9999
CNgt3nm, #/cm3, AerMP_NumConc_InSitu_RHd_None_Bulk_STP, Number concentration of particles with diameters greater than 3nm
CNgt10nm, #/cm3, AerMP_NumConc_InSitu_RHd_None_Bulk_STP, Number concentration of particles with diameters greater than 10nm
IntegN_100to1000nm_UHSAS, #/cm3, Number concentration of particles with diameters between 100 and 1000nm (inclusive) as measured by the UHSAS
IntegS_100to1000nm_UHSAS, um2/cm3, Surface area concentration of particles with diameters between 100 and 1000nm (inclusive) as measured by the UHSAS
IntegV_100to1000nm_UHSAS, um3/cm3, Volume concentration of particles with diameters between 100 and 1000nm (inclusive) as measured by the UHSAS
IntegN_gt1000nm_APS, #/cm3, Number concentration of particles with diameters greater than 1000nm as measured by the APS
IntegS_gt1000nm_APS, um2/cm3, Surface area concentration of particles with diameters greater 1000nm as measured by the APS
IntegV_gt1000nm_APS, um3/cm3, Volume concentration of particles with diameters greater than 1000nm as measured by the APS
stdPT, unitless, None, Conversion factor to convert between ambient and standard pressure and temperature conditions
0
33
******************************************************************************************************************
Langley Aerosol data from the 2022 SASA field campaign
 
PI_CONTACT_INFO: richard.h.moore@nasa.gov
PLATFORM: NASA P3B aircraft
LOCATION: Latitude, Longitude, and Altitude included in MetNav files
ASSOCIATED_DATA: None
INSTRUMENT_INFO: Flagged data are due to missing data or to instrument issues.
CN statistics: TSI Condensation Particle Counters
	- CNgt3nm is measured with a TSI CPC-3776
	- CNgt10nm is measured with a TSI CPC-3772
	- The CPC-3772 data are corrected for coincidence errors when the aerosol concentrations exceed 10,000 cm-3
	- Due to flow irregularities and response times differences, there will be times where CNgt10nm > CNgt3nm
UHSAS statistics: Optical Size Distribution Data from the DMT Ultra-High Sensitivity Aerosol Spectrometer (UHSAS)
   - Data are processed with respect to mid-point polystyrene-latex-equivalent optical diameters and are rebinned to a standard binning scheme
APS statistics: Aerodynamic Size Distribution Data From the TSI Aerodynamic Particle Sizer (APS), Model 3321
   - Data are processed with respect to mid-point polystyrene-latex-equivalent aerodynamic diameters (assuming spherical particles with a density of 1 g/cm3) and are rebinned to a standard binning scheme
DATA_INFO: Aerosol measurements are reported at standard temperature and pressure (0 deg C, 1013 mb)
   - Concentrations can be converted back to ambient conditions by dividing by the stdPT conversion factor
   - Integrated surface areas and volumes are calculated by assuming spherical particles
UNCERTAINTY: CPC data is 10%, UHSAS is 20%, APS is 20%
ULOD_FLAG: -7777
ULOD_VALUE: N/A
LLOD_FLAG: -8888
LLOD_VALUE: N/A
DM_CONTACT_INFO: Michael Shook (michael.shook@nasa.gov)
PROJECT_INFO: SARP 2022
STIPULATIONS_ON_USE: This is FIELD data. Please consult the PI and/or DM prior to use.
OTHER_COMMENTS: none
REVISION: RA
RA: None
******************************************************************************************************************
Time_Mid,CNgt3nm,CNgt10nm,IntegN_100to1000nm_UHSAS,IntegS_100to1000nm_UHSAS,IntegV_100to1000nm_UHSAS,IntegN_gt1000nm_APS,IntegS_gt1000nm_APS,IntegV_gt1000nm_APS,stdPT
[from data line 6348]
60248,1918.20,1973.32,462.17,55.11,2.28,0.00,0.00,0.00,1.154
60249,1720.72,1974.42,484.77,57.05,2.20,0.00,0.00,0.00,1.150
60250,1742.66,1941.20,466.12,54.32,2.12,0.00,0.00,0.00,1.150
60251,1742.57,1874.92,454.14,50.01,1.87,0.00,0.00,0.00,1.149
60252,1951.78,1896.65,483.72,51.79,1.91,0.00,0.00,0.00,1.150
60253,1731.43,1874.80,472.21,52.33,1.94,0.00,0.00,0.00,1.149
60254,1819.84,1930.13,446.52,48.26,1.80,0.00,0.00,0.00,1.151
60255,1930.61,1941.64,431.71,51.48,2.12,0.00,0.00,0.00,1.151
60256,2017.54,1962.41,478.38,51.83,1.93,0.00,0.00,0.00,1.152
60257,1830.99,1974.38,438.02,55.04,2.53,0.00,0.00,0.00,1.153
60258,1775.47,1962.94,446.21,49.53,1.89,0.00,0.00,0.00,1.149
60259,1852.83,1930.03,483.43,50.99,1.88,0.00,0.00,0.00,1.152
60260,1908.04,1908.04,438.07,48.60,1.82,0.00,0.00,0.00,1.153
60261,1731.86,1897.32,467.67,50.18,1.85,0.00,0.00,0.00,1.153
60262,1786.83,1941.25,455.42,51.96,2.03,0.00,0.00,0.00,1.150
60263,1864.13,1963.40,450.80,51.98,1.99,0.00,0.00,0.00,1.153
60264,2117.95,2029.70,474.26,55.14,2.24,0.00,0.00,0.00,1.151
60265,2073.35,2117.47,423.30,48.04,1.95,0.00,0.00,0.00,1.153
60266,1962.44,2193.97,474.95,53.82,2.11,0.00,0.00,0.00,1.150
60267,2018.72,2217.29,419.33,47.59,1.80,0.00,0.00,0.00,1.152
60268,2017.91,2227.42,443.65,51.09,2.08,0.00,0.00,0.00,1.152
60269,1984.85,2205.39,498.70,55.74,2.10,0.00,0.00,0.00,1.151
60270,2249.75,2183.58,438.09,46.89,1.71,0.00,0.00,0.00,1.150
60271,2227.86,2249.92,439.00,49.73,1.89,0.00,0.00,0.00,1.149
60272,2018.88,2261.59,443.16,52.50,2.16,0.00,0.00,0.00,1.150
60273,2139.50,2293.90,472.04,53.27,2.03,0.00,0.00,0.00,1.153
60274,2172.08,2304.39,469.47,48.92,1.77,0.00,0.00,0.00,1.151
60275,2029.74,2294.48,471.58,51.89,1.95,0.00,0.00,0.00,1.152
60276,2096.43,2272.98,456.31,55.37,2.26,0.00,0.00,0.00,1.151
60277,1985.34,2261.08,436.89,52.39,2.12,0.00,0.00,0.00,1.149
60278,1919.29,2172.98,510.77,58.27,2.21,0.00,0.00,0.00,1.150
60279,1820.01,2095.77,456.65,52.55,2.03,0.00,0.00,0.00,1.151
60280,1665.92,2085.16,470.64,51.12,1.89,0.00,0.00,0.00,1.154
60281,1742.15,1940.62,472.16,57.11,2.37,0.00,0.00,0.00,1.152
60282,1763.62,1873.84,453.42,51.99,1.96,0.00,0.00,0.00,1.151
60283,1708.83,1918.30,453.53,51.55,1.94,0.00,0.00,0.00,1.151
60284,1588.27,1841.96,437.43,52.86,2.24,0.00,0.00,0.00,1.150
60285,1599.30,1731.65,409.51,47.44,1.81,0.00,0.00,0.00,1.148
60286,1775.13,1675.90,511.86,56.59,2.07,0.00,0.00,0.00,1.150
60287,1610.04,1742.37,489.57,56.93,2.19,0.00,0.00,0.00,1.149
60288,1687.03,1753.18,512.18,58.36,2.24,0.00,0.00,0.00,1.150
60289,1555.03,1720.46,476.84,54.12,2.09,0.00,0.00,0.00,1.149
60290,1687.94,1732.07,458.68,56.48,2.30,0.00,0.00,0.00,1.151
60291,1709.94,1709.94,461.82,53.21,2.04,0.00,0.00,0.00,1.151
60292,1543.54,1708.91,479.16,54.94,2.13,0.00,0.00,0.00,1.149
60293,1532.04,1675.33,500.94,55.23,2.05,0.00,0.00,0.00,1.146
60294,1752.71,1708.62,472.84,52.43,1.98,0.00,0.00,0.00,1.149
60295,1829.86,1763.72,438.58,51.97,2.05,0.00,0.00,0.00,1.151
60296,1686.24,1818.49,495.90,52.24,1.89,0.00,0.00,0.00,1.148
60297,1686.84,1808.11,478.84,55.09,2.18,0.00,0.00,0.00,1.146
60298,1731.44,1830.70,466.19,50.29,1.83,0.00,0.00,0.00,1.150
60299,1764.21,1819.34,434.74,49.96,1.89,0.00,0.00,0.00,1.151
60300,1665.24,1797.58,460.44,51.47,2.06,0.00,0.00,0.00,1.150
60301,1511.35,1787.14,447.92,50.94,2.14,0.00,0.00,0.00,1.153
60302,1522.08,1720.62,463.74,51.29,1.94,0.00,0.00,0.00,1.151
60303,1653.85,1686.93,450.73,53.29,2.27,0.00,0.00,0.00,1.153
60304,1654.17,1720.34,460.16,53.65,2.12,0.00,0.00,0.00,1.150
60305,1664.98,1731.14,480.13,52.40,2.01,0.00,0.00,0.00,1.151
60306,1532.80,1720.27,441.48,45.68,1.70,0.00,0.00,0.00,1.149
60307,1588.43,1698.74,416.03,48.12,1.90,0.00,0.00,0.00,1.152
60308,1632.13,1665.21,427.17,52.88,2.20,0.00,0.00,0.00,1.149
60309,1477.46,1653.88,441.76,47.80,1.77,0.00,0.00,0.00,1.149
60310,1610.03,1665.17,442.11,47.52,1.73,0.00,0.00,0.00,1.148
60311,1555.34,1654.61,440.46,52.70,2.16,0.00,0.00,0.00,1.150
60312,1543.91,1665.22,439.67,52.07,2.27,0.00,0.00,0.00,1.150
60313,1642.58,1719.75,421.53,49.13,1.87,0.00,0.00,0.00,1.149
60314,1609.82,1731.11,432.52,48.32,1.88,0.00,0.00,0.00,1.153
60315,1587.76,1720.07,479.87,53.35,1.98,0.00,0.00,0.00,1.149
60316,1543.57,1731.00,442.71,54.37,2.17,0.00,0.00,0.00,1.150
60317,1598.76,1720.05,412.73,46.61,1.76,0.00,0.00,0.00,1.150
60318,1621.61,1709.86,411.04,45.55,1.76,0.00,0.00,0.00,1.150
60319,1654.78,1720.97,433.28,51.21,1.99,0.00,0.00,0.00,1.151
60320,1577.01,1720.37,460.83,53.01,2.02,0.00,0.00,0.00,1.150
60321,1599.19,1698.45,400.96,43.52,1.63,0.00,0.00,0.00,1.151
60322,1511.10,1698.61,372.54,44.12,1.77,0.00,0.00,0.00,1.151
60323,1521.58,1686.96,426.08,47.81,1.85,0.00,0.00,0.00,1.151
60324,1588.06,1687.31,429.14,48.52,1.81,0.00,0.00,0.00,1.149
60325,1598.96,1665.12,400.00,43.33,1.59,0.00,0.00,0.00,1.148
60326,1642.99,1665.04,434.02,49.24,1.90,0.00,0.00,0.00,1.149
60327,1764.46,1742.41,415.63,49.88,2.11,0.00,0.00,0.00,1.151
60328,1710.00,1798.26,421.52,43.53,1.57,0.00,0.00,0.00,1.149
60329,1731.37,1808.56,406.22,43.39,1.64,0.00,0.00,0.00,1.147
60330,1753.39,1819.56,425.83,48.64,1.87,0.00,0.00,0.00,1.149
60331,1753.75,1819.93,428.24,50.97,2.00,0.00,0.00,0.00,1.149
60332,1675.82,1852.22,428.12,49.22,1.90,0.00,0.00,0.00,1.149
60333,1698.50,1830.85,434.59,46.17,1.70,0.00,0.00,0.00,1.150
60334,1786.12,1863.30,448.22,49.84,1.91,0.00,0.00,0.00,1.149
60335,1720.21,1907.67,427.83,47.34,1.77,0.00,0.00,0.00,1.152
60336,1774.98,1896.25,419.35,43.69,1.54,0.00,0.00,0.00,1.149
60337,1731.23,1852.52,436.55,48.02,1.83,0.00,0.00,0.00,1.149
60338,1708.88,1830.16,403.21,48.46,1.90,0.00,0.00,0.00,1.150
60339,1675.74,1819.06,411.90,46.43,1.71,0.00,0.00,0.00,1.151
60340,1698.76,1820.10,464.66,52.40,1.98,0.00,0.00,0.00,1.148
60341,1698.19,1841.55,402.62,45.42,1.68,0.00,0.00,0.00,1.146
60342,1797.61,1841.73,428.55,47.38,1.77,0.00,0.00,0.00,1.151
60343,1809.32,1853.45,429.25,53.32,2.12,0.00,0.00,0.00,1.149
60344,1875.13,1864.10,429.34,43.88,1.55,0.00,0.00,0.00,1.149
60345,1764.79,1875.09,434.24,46.83,1.69,0.00,0.00,0.00,1.149
60346,1731.34,1896.75,420.40,44.18,1.58,0.00,0.00,0.00,1.148
60347,1820.29,1897.51,424.77,47.43,1.73,0.00,0.00,0.00,1.149
60348,1766.02,1876.40,395.99,41.92,1.54,0.00,0.00,0.00,1.150
60349,1776.31,1864.57,442.68,51.03,1.99,0.00,0.00,0.00,1.151
60350,1687.91,1842.36,484.53,51.18,1.85,0.00,0.00,0.00,1.151
60351,1786.70,1863.90,440.36,53.11,2.10,0.00,0.00,0.00,1.150
60352,1786.44,1863.63,437.62,49.57,1.94,0.00,0.00,0.00,1.149
60353,1808.21,1863.34,456.45,51.97,2.00,0.00,0.00,0.00,1.149
60354,1741.85,1852.10,427.19,48.81,2.01,0.00,0.00,0.00,1.148
60355,1721.79,1788.01,405.00,46.01,1.79,0.00,0.00,0.00,1.149
60356,1633.17,1787.66,396.84,45.73,1.93,0.00,0.00,0.00,1.153
60357,1523.08,1765.89,453.44,52.52,2.06,0.00,0.00,0.00,1.149
60358,1631.85,1720.06,444.28,47.47,1.76,0.00,0.00,0.00,1.151
60359,1577.04,1665.26,447.27,53.59,2.14,0.00,0.00,0.00,1.149
60360,1588.11,1720.45,418.77,49.51,1.89,0.00,0.00,0.00,1.151
60361,1598.89,1709.15,428.96,48.97,1.83,0.00,0.00,0.00,1.150
60362,1554.23,1686.50,465.44,52.44,2.04,0.00,0.00,0.00,1.150
60363,1642.64,1675.71,457.97,52.06,2.08,0.00,0.00,0.00,1.149
60364,1697.48,1697.48,454.61,50.36,1.91,0.00,0.00,0.00,1.153
60365,1643.53,1665.59,411.20,46.96,1.77,0.00,0.00,0.00,1.153
60366,1632.57,1687.73,413.85,48.12,2.00,0.00,0.00,0.00,1.153
60367,1665.04,1676.07,449.15,48.08,1.75,0.00,0.00,0.00,1.152
60368,1565.25,1675.48,470.12,54.35,2.14,0.00,0.00,0.00,1.150
60369,1598.39,1675.55,476.57,49.98,1.78,0.00,0.00,0.00,1.149
60370,1610.05,1698.28,459.62,55.41,2.24,0.00,0.00,0.00,1.152
60371,1709.24,1654.11,444.58,47.39,1.80,0.00,0.00,0.00,1.150
60372,1510.34,1697.75,462.70,48.39,1.76,0.00,0.00,0.00,1.149
60373,1577.16,1709.51,407.43,42.86,1.54,0.00,0.00,0.00,1.151
60374,1631.75,1730.98,417.59,48.42,1.95,0.00,0.00,0.00,1.153
60375,1664.15,1708.23,432.93,50.30,1.97,0.00,0.00,0.00,1.151
60376,1620.03,1697.17,441.84,48.08,1.79,0.00,0.00,0.00,1.151
60377,1685.96,1685.96,425.98,49.11,1.91,0.00,0.00,0.00,1.152
60378,1499.58,1709.08,395.70,44.53,1.74,0.00,0.00,0.00,1.151
60379,1709.78,1731.84,436.84,48.87,1.89,0.00,0.00,0.00,1.153
60380,1730.50,1774.59,369.68,39.34,1.44,0.00,0.00,0.00,1.152
60381,1829.87,1807.83,386.24,44.28,1.80,0.00,0.00,0.00,1.154
60382,1775.24,1841.40,391.41,46.86,1.89,0.00,0.00,0.00,1.150
60383,1709.36,1863.75,398.77,46.14,1.81,0.00,0.00,0.00,1.151
60384,1642.81,1819.22,449.70,52.61,2.24,0.00,0.00,0.00,1.152
60385,1610.62,1798.16,391.42,43.78,1.69,0.00,0.00,0.00,1.152
60386,1675.96,1808.27,410.51,47.52,1.86,0.00,0.00,0.00,1.152
60387,1676.93,1798.29,413.34,44.15,1.58,0.00,0.00,0.00,1.149
60388,1687.41,1830.79,423.67,47.09,1.87,0.00,0.00,0.00,1.151
60389,1642.71,1830.14,437.17,51.12,2.19,0.00,0.00,0.00,1.148
60390,1665.18,1775.46,458.30,52.06,2.01,0.00,0.00,0.00,1.150
60391,1577.06,1753.52,419.94,46.81,1.80,0.00,0.00,0.00,1.150
60392,1654.31,1742.54,430.42,52.73,2.19,0.00,0.00,0.00,1.149
60393,1609.70,1742.00,425.22,46.27,1.86,0.00,0.00,0.00,1.150
60394,1697.53,1741.63,408.18,44.62,1.66,0.00,0.00,0.00,1.151
60395,1609.79,1786.20,409.07,46.43,1.77,0.00,0.00,0.00,1.150
60396,1621.20,1764.58,420.90,46.38,1.73,0.00,0.00,0.00,1.151
60397,1599.61,1754.06,431.77,50.57,1.95,0.00,0.00,0.00,1.150
60398,1698.37,1764.54,424.39,49.85,2.08,0.00,0.00,0.00,1.150
60399,1665.27,1731.44,393.74,47.74,2.00,0.00,0.00,0.00,1.148
60400,1599.42,1753.84,436.96,47.33,1.73,0.00,0.00,0.00,1.149
60401,1731.33,1753.39,478.35,47.66,1.70,0.00,0.00,0.00,1.150
60402,1621.18,1742.50,438.26,47.43,1.76,0.00,0.00,0.00,1.149
60403,1598.53,1741.85,443.17,51.43,1.97,0.00,0.00,0.00,1.150
60404,1752.82,1719.75,437.11,48.99,1.86,0.00,0.00,0.00,1.150
60405,1708.78,1730.83,430.42,45.59,1.66,0.00,0.00,0.00,1.153
60406,1698.05,1742.15,437.92,48.79,1.86,0.00,0.00,0.00,1.154
60407,1720.11,1764.22,434.57,51.57,2.09,0.00,0.00,0.00,1.150
60408,1555.09,1753.61,391.02,47.32,1.95,0.00,0.00,0.00,1.151
60409,1577.24,1742.69,413.41,45.57,1.73,0.00,0.00,0.00,1.150
60410,1654.44,1720.62,388.50,45.02,1.73,0.00,0.00,0.00,1.152
60411,1665.39,1709.51,425.18,51.95,2.17,0.00,0.00,0.00,1.151
60412,1499.41,1686.83,444.47,47.63,1.72,0.00,0.00,0.00,1.152
60413,1610.43,1665.58,421.84,46.56,1.78,0.00,0.00,0.00,1.149
60414,1489.00,1687.53,395.88,45.00,1.80,0.00,0.00,0.00,1.150
60415,1642.56,1708.71,449.63,51.64,2.10,0.00,0.00,0.00,1.150
60416,1631.78,1686.91,434.29,52.28,2.15,0.00,0.00,0.00,1.149
60417,1731.29,1687.18,435.20,49.40,1.88,0.00,0.00,0.00,1.151
60418,1742.84,1720.78,408.78,43.53,1.58,0.00,0.00,0.00,1.151
60419,1676.36,1753.56,446.90,49.56,1.90,0.00,0.00,0.00,1.152
60420,1643.48,1731.72,438.19,49.38,1.85,0.00,0.00,0.00,1.153
60421,1599.47,1709.78,397.78,43.82,1.69,0.00,0.00,0.00,1.152
60422,1687.43,1709.49,453.70,51.92,2.18,0.00,0.00,0.00,1.151
60423,1642.59,1719.76,450.70,50.28,2.03,0.00,0.00,0.00,1.152
60424,1609.31,1730.56,468.44,52.21,1.95,0.00,0.00,0.00,1.151
60425,1631.43,1752.68,480.18,52.33,1.97,0.00,0.00,0.00,1.153
60426,1477.17,1697.65,422.90,47.20,1.77,0.00,0.00,0.00,1.151
60427,1576.76,1642.92,423.30,49.31,1.91,0.00,0.00,0.00,1.148
60428,1455.58,1665.09,414.17,47.09,1.79,0.00,0.00,0.00,1.150
60429,1488.45,1609.73,432.17,48.19,1.81,0.00,0.00,0.00,1.151
60430,1532.32,1620.51,425.47,48.26,2.03,0.00,0.00,0.00,1.150
60431,1543.41,1609.56,417.11,49.66,1.96,0.00,0.00,0.00,1.148
60432,1598.64,1587.62,441.32,47.87,1.77,0.00,0.00,0.00,1.150
60433,1454.59,1575.80,437.63,48.98,1.83,0.00,0.00,0.00,1.149
60434,1532.12,1598.26,420.71,46.53,1.71,0.00,0.00,0.00,1.153
60435,1642.39,1587.28,502.49,51.53,1.80,0.00,0.00,0.00,1.152
60436,1510.27,1598.46,439.45,49.12,1.83,0.00,0.00,0.00,1.150
60437,1521.53,1587.69,449.85,52.04,2.03,0.00,0.00,0.00,1.149
60438,1488.05,1598.27,486.60,55.08,2.08,0.00,0.00,0.00,1.150
60439,1588.11,1599.14,392.30,43.17,1.60,0.00,0.00,0.00,1.153
60440,1632.01,1598.93,417.52,45.40,1.69,0.00,0.00,0.00,1.151
60441,1576.97,1610.05,447.92,49.50,1.85,0.00,0.00,0.00,1.149
60442,1532.62,1598.78,407.91,46.23,1.78,0.00,0.00,0.00,1.151
60443,1543.82,1598.96,420.60,44.16,1.66,0.00,0.00,0.00,1.151
60444,1543.16,1620.32,406.24,46.66,1.99,0.00,0.00,0.00,1.153
60445,1476.56,1619.81,421.85,48.49,1.86,0.00,0.00,0.00,1.150
60446,1564.63,1630.74,413.62,46.67,1.81,0.00,0.00,0.00,1.149
60447,1498.74,1619.96,417.50,42.43,1.52,0.00,0.00,0.00,1.151
60448,1454.68,1597.95,416.22,47.64,1.86,0.00,0.00,0.00,1.149
60449,1421.54,1608.87,429.84,48.10,1.93,0.00,0.00,0.00,1.149
60450,1631.41,1598.34,380.28,41.01,1.57,0.00,0.00,0.00,1.153
60451,1488.35,1598.60,369.17,38.62,1.40,0.00,0.00,0.00,1.148
60452,1653.37,1609.28,367.96,41.61,1.58,0.00,0.00,0.00,1.147
60453,1641.72,1652.74,435.61,48.36,1.82,0.00,0.00,0.00,1.149
60454,1719.56,1719.56,376.76,41.45,1.61,0.00,0.00,0.00,1.149
60455,1762.97,1785.01,382.41,43.38,1.65,0.00,0.00,0.00,1.147
60456,1918.24,1929.26,391.77,45.88,1.91,0.00,0.00,0.00,1.148
60457,1885.05,2072.45,386.54,47.03,2.10,0.00,0.00,0.00,1.149
60458,1841.66,2062.22,410.11,43.94,1.61,0.00,0.00,0.00,1.148
60459,1786.15,2039.74,391.20,43.72,1.66,0.00,0.00,0.00,1.152
60460,1806.93,1972.20,430.95,47.01,1.78,0.00,0.00,0.00,1.145
60461,1818.38,1972.66,430.90,51.32,2.10,0.00,0.00,0.00,1.146
60462,2204.77,1951.22,405.60,46.12,1.78,0.00,0.00,0.00,1.148
60463,2359.49,2127.95,402.25,46.54,1.91,0.00,0.00,0.00,1.148
60464,1621.13,2503.38,417.66,43.39,1.56,0.00,0.00,0.00,1.149
60465,1653.26,2138.21,389.73,42.50,1.57,0.00,0.00,0.00,1.147
60466,1576.04,1884.64,398.04,43.82,1.68,0.00,0.00,0.00,1.148
60467,1520.39,1784.80,395.60,43.36,1.60,0.00,0.00,0.00,1.153
60468,1532.00,1642.21,390.02,44.78,1.79,0.00,0.00,0.00,1.150
60469,1520.98,1609.16,400.39,41.21,1.51,0.00,0.00,0.00,1.149
60470,1465.38,1608.62,425.14,46.95,1.75,0.00,0.00,0.00,1.149
60471,1608.64,1586.61,423.94,51.39,2.07,0.00,0.00,0.00,1.149
60472,1586.68,1597.70,419.00,45.63,1.69,0.00,0.00,0.00,1.147
60473,1895.11,1608.64,426.23,46.73,1.74,0.00,0.00,0.00,1.150
60474,1873.48,1818.38,421.75,41.80,1.47,0.00,0.00,0.00,1.147
60475,1862.53,2027.84,446.14,46.35,1.68,0.00,0.00,0.00,1.147
60476,2137.43,1928.09,448.07,51.06,1.91,0.00,0.00,0.00,1.148
60477,2412.71,2126.27,435.29,48.99,2.05,0.00,0.00,0.00,1.150
60478,2203.74,2468.19,429.26,47.93,1.85,0.00,0.00,0.00,1.147
60479,2059.90,2500.52,402.58,43.92,1.69,0.00,0.00,0.00,1.146
60480,2421.60,2311.53,459.44,50.89,1.96,0.00,0.00,0.00,1.146
60481,2576.36,2400.20,422.16,45.95,1.72,0.00,0.00,0.00,1.146
60482,2445.58,2533.71,422.36,43.36,1.59,0.00,0.00,0.00,1.146
60483,2666.81,2589.67,406.63,46.10,1.79,0.00,0.00,0.00,1.146
60484,2401.73,2655.13,368.49,39.96,1.47,0.00,0.00,0.00,1.147
60485,2587.87,2620.91,447.76,48.78,1.86,0.00,0.00,0.00,1.146
60486,2414.39,2612.83,369.95,43.46,1.77,0.00,0.00,0.00,1.148
60487,2457.68,2600.95,437.27,48.53,1.83,0.00,0.00,0.00,1.146
60488,2337.13,2634.78,371.98,41.87,1.60,0.00,0.00,0.00,1.146
60489,2456.16,2621.37,396.74,45.78,1.83,0.00,0.00,0.00,1.145
60490,2478.69,2621.90,427.91,46.91,1.79,0.00,0.00,0.00,1.145
60491,2478.52,2731.88,465.14,53.74,2.24,0.00,0.00,0.00,1.145
60492,2522.51,2731.80,410.54,47.75,1.86,0.00,0.00,0.00,1.144
60493,2588.70,2775.97,432.71,45.75,1.72,0.00,0.00,0.00,1.148
60494,2456.82,2721.23,421.10,46.20,1.73,0.00,0.00,0.00,1.149
60495,2665.37,2731.45,475.48,50.75,1.86,0.00,0.00,0.00,1.143
60496,2566.58,2742.82,474.87,50.83,1.99,0.00,0.00,0.00,1.146
60497,2644.22,2776.43,456.38,48.07,1.77,0.00,0.00,0.00,1.146
60498,2611.60,2743.83,510.37,53.62,1.98,0.00,0.00,0.00,1.144
60499,2566.93,2765.24,476.80,47.66,1.73,0.00,0.00,0.00,1.145
60500,2577.58,2863.98,487.48,55.49,2.22,0.00,0.00,0.00,1.143
60501,2512.49,2799.01,512.92,53.26,1.95,0.00,0.00,0.00,1.147
60502,2656.68,2766.92,494.27,53.55,2.04,0.00,0.00,0.00,1.146
60503,2346.19,2786.79,480.84,47.16,1.65,0.00,0.00,0.00,1.145
60504,2621.76,2720.90,502.55,54.91,2.15,0.00,0.00,0.00,1.147
60505,2698.13,2698.13,548.76,58.76,2.17,0.00,0.00,0.00,1.144
60506,2599.57,2742.77,519.33,53.02,1.94,0.00,0.00,0.00,1.148
60507,2676.22,2885.47,522.19,56.72,2.10,0.00,0.00,0.00,1.148
60508,2643.50,2863.80,497.78,50.28,1.77,0.00,0.00,0.00,1.142
