NASA Intern/Datasets/LARGE/SASA-LARGE-OPTICAL_P3B_20220712_RA_L2.ict
87,1001
Richard Moore, Luke Ziemba, Edward Winstead, Michael Shook, Claire Robinson, John Barrick, Bruce Anderson, and Ali Omar
NASA Langley
In-situ optical aerosol measurements from the NASA P3B
NASA SASA
1,1
2022,07,12,2022,07,13
1.0
Time_Mid,Secs after midnight,Time of acquisition
19
1,1,1,1,1,1,1,1,1,1,1,1,1,1,1,1,1,1,1
-9999,-9999,-9999,-9999,-9999,-9999,-9999,-9999,-9999,-9999,-9999,-9999,-9999,-9999,-9999,-9999,-9999,-9999,-9999
Sc550_total_amb, Mm-1, AerOpt_Scattering_InSitu_Green_RHa_Bulk_STP, scattering coefficient of ambient  particles at 550nm
Sc450_total, Mm-1, AerOpt_Scattering_InSitu_Blue_RHd_Bulk_STP, Dry Scattering at 450nm (Total Aerosols)
Sc550_total, Mm-1, AerOpt_Scattering_InSitu_Green_RHd_Bulk_STP, Dry Scattering at 550nm (Total Aerosols)
Sc700_total, Mm-1, AerOpt_Scattering_InSitu_Red_RHd_Bulk_STP, Dry Scattering at 700nm (Total Aerosols)
Abs470_total, Mm-1, AerOpt_Absorption_InSitu_Blue_RHd_Bulk_STP, Dry absorption at 470nm (Total Aerosols)
Abs532_total, Mm-1, AerOpt_Absorption_InSitu_Green_RHd_Bulk_STP, Dry absorption at 532nm (Total Aerosols)
Abs660_total, Mm-1, AerOpt_Absorption_InSitu_Red_RHd_Bulk_STP, Dry absorption at 660nm (Total Aerosols)
Ext532_total_amb, Mm-1, AerOpt_Extinction_InSitu_Green_RHa_Bulk_STP, extinction coefficient of aerosols at 532nm for AMBIENT relative humidity
Ext532_total_dry, Mm-1, AerOpt_Extinction_InSitu_Green_RHd_Bulk_STP, extinction coefficient of aerosols at 532nm for DRY relative humidity
gamma550, unitless, AerOpt_Gamma_InSitu_Green_None_Bulk_STP, derived hygroscopic growth factor for particles at 550nm
fRH550_RH20to80, unitless, AerOpt_fRHScat_InSitu_Green_RHsp_Bulk_STP, derived hygroscopic growth parameter for particles at 550nm
AEscatAMB_450to700nm,unitless, AerOpt_AngstromExponentScat_InSitu_BluetoRed_RHa_Bulk_STP, derived ambient Angstrom Exponent for scattering coefficient over wavelength range from 450nm to 700nm
AEscatDRY_450to700nm,unitless, AerOpt_AngstromExponentScatInSitu_BluetoRed_RHd_Bulk_STP, derived dry Angstrom Exponent for scattering coefficient over wavelength range from 450nm to 700nm
AEabsDRY_470to660nm,unitless, AerOpt_AngstromExponentAbs_InSitu_BluetoRed_RHd_Bulk_STP, derived dry Angstrom Exponent for absorption coefficient over wavelength range from 450nm to 700nm
SSA_dry_450nm,unitless, AerOpt_SSA_InSitu_Blue_RHd_Bulk_STP, single_scattering_albedo_at_450nm_as_derived_from_dry_scattering_and_absorption
SSA_dry_550nm,unitless, AerOpt_SSA_InSitu_Green_RHd_Bulk_STP, single_scattering_albedo_at_550nm_as_derived_from_dry_scattering_and_absorption
SSA_dry_700nm,unitless, AerOpt_SSA_InSitu_Red_RHd_Bulk_STP, single_scattering_albedo_at_700nm_as_derived_from_dry_scattering_and_absorption
SSA_amb_550nm,unitless, AerOpt_SSA_InSitu_Green_RHa_Bulk_STP, single_scattering_albedo_at_550nm_as_derived_from_ambient_scattering_and_absorption
stdPT,unitless, None, Conversion factor to convert between ambient and standard pressure and temperature conditions
0
54
******************************************************************************************************************
Langley Aerosol data from the 2022 SASA field campaign
 
PI_CONTACT_INFO: richard.h.moore@nasa.gov
PLATFORM: NASA P3B aircraft
LOCATION: Latitude, Longitude, and Altitude included in MetNav files
ASSOCIATED_DATA: N/A
[...]
ANGSTROM EXPONENT AND SSA CALCULATIONS: 
	- The Absorption coefficients were corrected to the wavelengths of the TSI nepholometer using the measured angstrom exponents
	- The scattering and absorption coefficients were smoothed with a 30s running average to compute the SSA and AE
	- Ambient SSA is calculated with ambient scattering and dry absorption
	- SSA is computed only when both scattering and absorption are greater than 1 Mm-1
	- Scattering Angstrom Exponents are computed only when relevant scattering measurements are greater than 1 Mm-1
	- Absorption Angstrom Exponents are computed only when relevant absorption measurements are greater than 2 Mm-1
DATA_INFO: Aerosol measurements are reported at standard temperature and pressure (0 deg C, 1013 mb)
UNCERTAINTY: all data are 5%
ULOD_FLAG: -7777
ULOD_VALUE: N/A
LLOD_FLAG: -8888
LLOD_VALUE: N/A
DM_CONTACT_INFO: Michael Shook (michael.shook@nasa.gov)
PROJECT_INFO: SASA 2022
STIPULATIONS_ON_USE: This is FIELD data. Please consult the PI and/or DM prior to use.
OTHER_COMMENTS: Ambient calculations currently use RH data from field Hsking files. Once available, calculations will be updated with final MetNav data.
REVISION: RA
RA: None
******************************************************************************************************************
Time_Mid,Sc550_total_amb,Sc450_total,Sc550_total,Sc700_total,Abs470_total,Abs532_total,Abs660_total,Ext532_total_amb,Ext532_total_dry,gamma550,fRH550_RH20to80,AEscatAMB_450to700nm,AEscatDRY_450to700nm,AEabsDRY_470to660nm,SSA_dry_450nm,SSA_dry_550nm,SSA_dry_700nm,SSA_amb_550nm,stdPT
[from data line 6398]
73193,33.43,51.03,31.23,12.24,1.59,1.49,0.42,37.94,35.66,0.09,1.13,3.06,3.29,-9999,0.972,0.957,0.905,0.961,1.153
73194,-9999.00,51.63,30.79,11.41,2.29,1.62,0.30,-9999.00,35.33,-9999.00,-9999.00,3.06,3.26,-9999,0.971,0.954,0.899,0.959,1.154
73195,-9999.00,50.24,31.04,11.61,2.25,1.89,1.10,-9999.00,35.88,-9999.00,-9999.00,3.08,3.25,-9999,0.970,0.954,0.900,0.958,1.156
73196,-9999.00,48.87,31.30,11.81,0.35,1.42,0.56,-9999.00,35.70,-9999.00,-9999.00,3.09,3.24,-9999,0.971,0.956,0.900,0.960,1.155
73197,-9999.00,47.01,29.80,11.87,-0.26,0.57,0.89,-9999.00,33.20,-9999.00,-9999.00,3.09,3.22,-9999,0.969,0.955,0.898,0.960,1.155
73198,-9999.00,45.07,28.24,11.92,-0.09,0.60,2.29,-9999.00,31.54,-9999.00,-9999.00,3.10,3.20,-9999,0.969,0.955,0.900,0.959,1.153
73199,-9999.00,49.04,29.03,12.41,0.69,1.13,1.67,-9999.00,32.91,-9999.00,-9999.00,3.11,3.19,-9999,0.969,0.955,0.903,0.959,1.153
73200,-9999.00,52.89,29.77,12.90,2.55,1.79,1.20,-9999.00,34.37,-9999.00,-9999.00,3.11,3.19,-9999,0.969,0.955,0.909,0.960,1.153
73201,-9999.00,53.80,29.51,11.72,2.53,2.19,1.09,-9999.00,34.46,-9999.00,-9999.00,3.11,3.19,-9999,0.970,0.956,0.914,0.961,1.151
73202,-9999.00,54.74,29.49,10.56,2.15,0.97,0.19,-9999.00,33.22,-9999.00,-9999.00,3.12,3.20,-9999,0.972,0.958,0.913,0.962,1.150
73203,-9999.00,52.67,30.21,9.76,2.70,0.48,2.49,-9999.00,33.49,-9999.00,-9999.00,3.13,3.20,-9999,0.972,0.958,0.910,0.963,1.154
73204,-9999.00,50.51,30.91,8.95,2.75,2.16,3.25,-9999.00,35.91,-9999.00,-9999.00,3.12,3.19,-9999,0.971,0.957,0.907,0.962,1.156
73205,-9999.00,50.77,29.12,10.17,1.73,2.60,1.20,-9999.00,34.41,-9999.00,-9999.00,3.11,3.19,-9999,0.970,0.956,0.905,0.961,1.156
73206,-9999.00,52.29,28.44,12.28,1.40,1.81,1.14,-9999.00,32.88,-9999.00,-9999.00,3.05,3.17,-9999,0.970,0.956,0.906,0.961,1.156
73207,-9999.00,53.67,27.73,14.78,1.43,1.96,1.22,-9999.00,32.26,-9999.00,-9999.00,3.01,3.16,-9999,0.971,0.957,0.909,0.962,1.154
73208,-9999.00,52.05,28.85,14.78,2.12,2.69,2.56,-9999.00,34.22,-9999.00,-9999.00,3.09,3.17,-9999,0.971,0.957,0.910,0.961,1.155
73209,-9999.00,50.39,30.01,14.80,2.53,2.95,2.82,-9999.00,35.73,-9999.00,-9999.00,-9999,3.15,-9999,0.971,0.956,0.909,-9999,1.152
73210,-9999.00,49.68,30.02,14.67,1.39,1.25,1.22,-9999.00,34.04,-9999.00,-9999.00,-9999,3.15,-9999,0.971,0.955,0.907,-9999,1.156
73211,-9999.00,49.03,30.07,14.56,1.27,-0.03,1.76,-9999.00,32.82,-9999.00,-9999.00,-9999,3.14,-9999,0.971,0.955,0.909,-9999,1.154
73212,-9999.00,49.86,30.41,15.06,1.97,1.24,1.68,-9999.00,34.48,-9999.00,-9999.00,-9999,3.15,-9999,0.971,0.955,0.907,-9999,1.153
73213,-9999.00,50.75,30.78,15.58,2.38,1.78,1.07,-9999.00,35.44,-9999.00,-9999.00,-9999,3.15,-9999,0.970,0.955,0.905,-9999,1.153
73214,-9999.00,50.88,30.43,14.33,1.87,1.17,1.76,-9999.00,34.47,-9999.00,-9999.00,-9999,3.17,-9999,0.970,0.956,0.909,-9999,1.155
73215,-9999.00,51.04,30.07,13.10,0.58,1.24,-0.53,-9999.00,34.16,-9999.00,-9999.00,-9999,3.19,-9999,0.971,0.956,0.912,-9999,1.153
73216,-9999.00,53.83,30.56,12.47,-0.25,1.02,-1.43,-9999.00,34.47,-9999.00,-9999.00,-9999,3.21,-9999,0.971,0.956,0.913,-9999,1.154
73217,-9999.00,56.52,31.00,11.85,-0.16,0.81,2.09,-9999.00,34.70,-9999.00,-9999.00,-9999,3.20,-9999,0.971,0.957,0.914,-9999,1.153
73218,-9999.00,51.12,29.78,11.75,1.08,0.84,2.23,-9999.00,33.38,-9999.00,-9999.00,-9999,3.19,-9999,0.972,0.957,0.909,-9999,1.154
73219,-9999.00,45.71,28.61,11.67,2.61,1.34,0.76,-9999.00,32.59,-9999.00,-9999.00,-9999,3.16,-9999,0.975,0.958,0.911,-9999,1.154
73220,-9999.00,52.35,26.37,12.45,2.38,1.85,2.01,-9999.00,30.67,-9999.00,-9999.00,-9999,3.13,-9999,0.977,0.958,0.920,-9999,1.153
73221,-9999.00,48.67,28.42,11.71,0.76,1.00,2.36,-9999.00,32.06,-9999.00,-9999.00,-9999,3.11,-9999,0.976,0.959,0.920,-9999,1.155
73222,-9999.00,54.02,32.43,14.19,0.11,0.32,1.03,-9999.00,35.75,-9999.00,-9999.00,-9999,3.11,-9999,0.975,0.959,0.917,-9999,1.155
73223,-9999.00,49.84,30.07,12.76,0.47,1.31,0.47,-9999.00,34.14,-9999.00,-9999.00,-9999,3.12,-9999,0.973,0.958,0.915,-9999,1.153
73224,-9999.00,52.07,34.46,14.72,1.16,2.25,1.21,-9999.00,39.85,-9999.00,-9999.00,-9999,3.13,-9999,0.974,0.959,0.916,-9999,1.154
73225,-9999.00,46.52,28.05,10.59,2.53,2.50,1.39,-9999.00,33.12,-9999.00,-9999.00,-9999,3.15,-9999,0.974,0.961,0.918,-9999,1.151
73226,-9999.00,53.51,32.63,13.88,1.76,1.67,0.11,-9999.00,37.29,-9999.00,-9999.00,-9999,3.18,-9999,0.972,0.961,0.918,-9999,1.153
73227,-9999.00,49.90,28.04,10.60,1.45,1.27,1.46,-9999.00,31.88,-9999.00,-9999.00,-9999,3.20,-9999,0.971,0.958,0.917,-9999,1.154
73228,-9999.00,55.14,32.16,13.49,1.30,0.45,1.98,-9999.00,35.57,-9999.00,-9999.00,-9999,3.22,-9999,0.972,0.958,0.915,-9999,1.156
73229,-9999.00,50.07,27.53,9.35,-0.48,0.27,0.22,-9999.00,30.33,-9999.00,-9999.00,-9999,3.25,-9999,0.974,0.959,0.913,-9999,1.156
73230,-9999.00,51.91,29.52,9.76,-0.01,1.04,-0.12,-9999.00,33.28,-9999.00,-9999.00,-9999,3.27,-9999,0.974,0.958,0.912,-9999,1.155
73231,-9999.00,47.82,27.50,9.26,2.35,1.62,0.09,-9999.00,31.65,-9999.00,-9999.00,-9999,3.27,-9999,0.973,0.958,0.907,-9999,1.156
73232,-9999.00,48.71,32.50,11.29,2.01,1.33,0.84,-9999.00,36.80,-9999.00,-9999.00,-9999,3.26,-9999,0.972,0.957,0.899,-9999,1.153
73233,-9999.00,48.12,28.78,11.71,0.14,0.32,2.83,-9999.00,31.72,-9999.00,-9999.00,-9999,3.25,-9999,0.971,0.956,0.900,-9999,1.154
73234,-9999.00,47.95,28.23,12.68,-1.50,-0.00,1.40,-9999.00,30.81,-9999.00,-9999.00,-9999,3.24,-9999,0.971,0.956,0.901,-9999,1.155
73235,-9999.00,47.90,27.74,13.80,-0.23,1.36,-0.61,-9999.00,31.64,-9999.00,-9999.00,-9999,3.24,-9999,0.971,0.956,0.899,-9999,1.155
73236,-9999.00,48.06,27.76,12.96,2.34,1.97,1.66,-9999.00,32.25,-9999.00,-9999.00,-9999,3.23,-9999,0.972,0.956,0.904,-9999,1.153
73237,-9999.00,48.20,27.76,12.13,3.49,2.10,2.49,-9999.00,32.39,-9999.00,-9999.00,-9999,3.22,-9999,0.971,0.957,0.910,-9999,1.152
73238,-9999.00,48.12,28.06,11.58,3.35,2.97,1.83,-9999.00,33.60,-9999.00,-9999.00,-9999,3.23,-9999,0.969,0.955,0.908,-9999,1.154
73239,-9999.00,48.03,28.34,11.05,1.49,1.88,1.71,-9999.00,32.81,-9999.00,-9999.00,-9999,3.23,-9999,0.968,0.953,0.904,-9999,1.154
73240,-9999.00,49.17,28.70,11.03,2.19,0.11,1.38,-9999.00,31.46,-9999.00,-9999.00,-9999,3.25,-9999,0.967,0.953,0.899,-9999,1.153
73241,-9999.00,50.32,29.06,11.01,4.10,1.79,1.18,-9999.00,33.54,-9999.00,-9999.00,-9999,3.26,-9999,0.967,0.954,0.897,-9999,1.153
73242,-9999.00,55.15,34.12,11.68,3.18,2.91,1.63,-9999.00,40.19,-9999.00,-9999.00,-9999,3.28,-9999,0.967,0.953,0.894,-9999,1.150
73243,-9999.00,48.85,28.43,11.15,-0.02,0.93,2.38,-9999.00,31.99,-9999.00,-9999.00,-9999,3.27,-9999,0.966,0.952,0.894,-9999,1.154
73244,-9999.00,48.12,28.38,10.72,-0.36,0.59,1.79,-9999.00,31.60,-9999.00,-9999.00,-9999,3.28,-9999,0.965,0.951,0.894,-9999,1.156
73245,-9999.00,47.43,28.34,10.29,2.51,1.88,1.66,-9999.00,32.86,-9999.00,-9999.00,-9999,3.26,-9999,0.964,0.951,0.894,-9999,1.154
73246,-9999.00,48.23,29.00,11.63,2.07,1.94,1.90,-9999.00,33.66,-9999.00,-9999.00,-9999,3.24,-9999,0.964,0.951,0.894,-9999,1.153
73247,-9999.00,49.00,29.61,13.01,0.76,1.86,2.13,-9999.00,34.26,-9999.00,-9999.00,-9999,3.22,-9999,0.966,0.951,0.895,-9999,1.156
73248,-9999.00,49.91,29.25,12.81,0.89,1.32,1.73,-9999.00,33.36,-9999.00,-9999.00,-9999,3.23,-9999,0.967,0.950,0.894,-9999,1.155
73249,-9999.00,50.81,28.91,12.62,1.65,0.65,1.80,-9999.00,32.33,-9999.00,-9999.00,-9999,3.23,-9999,0.966,0.949,0.894,-9999,1.157
73250,-9999.00,49.93,28.58,13.17,2.24,1.61,1.86,-9999.00,32.94,-9999.00,-9999.00,-9999,3.24,-9999,0.965,0.949,0.896,-9999,1.156
73251,-9999.00,49.02,28.23,13.73,1.54,1.69,-0.14,-9999.00,32.65,-9999.00,-9999.00,-9999,3.24,-9999,0.964,0.950,0.896,-9999,1.153
73252,-9999.00,48.65,27.74,12.73,1.83,0.88,-0.32,-9999.00,31.31,-9999.00,-9999.00,-9999,3.24,-9999,0.965,0.950,0.898,-9999,1.154
73253,-9999.00,48.28,27.23,11.74,2.48,2.04,1.69,-9999.00,31.93,-9999.00,-9999.00,-9999,3.24,-9999,0.966,0.951,0.899,-9999,1.155
73254,-9999.00,50.99,30.38,12.24,1.80,2.65,2.42,-9999.00,36.02,-9999.00,-9999.00,-9999,3.25,-9999,0.968,0.952,0.901,-9999,1.157
73255,-9999.00,44.66,27.53,9.26,3.06,1.96,2.70,-9999.00,32.22,-9999.00,-9999.00,-9999,3.25,-9999,0.968,0.953,0.903,-9999,1.154
73256,-9999.00,45.89,27.45,9.55,3.11,1.76,2.29,-9999.00,31.93,-9999.00,-9999.00,-9999,3.25,-9999,0.968,0.952,0.902,-9999,1.153
73257,-9999.00,47.06,27.35,9.84,1.51,2.44,1.08,-9999.00,32.50,-9999.00,-9999.00,-9999,3.23,-9999,0.970,0.953,0.902,-9999,1.153
73258,-9999.00,49.17,27.57,10.87,2.61,2.30,1.58,-9999.00,32.62,-9999.00,-9999.00,-9999,3.22,-9999,0.972,0.955,0.904,-9999,1.153
73259,-9999.00,51.21,27.76,11.89,2.92,1.21,1.96,-9999.00,31.75,-9999.00,-9999.00,-9999,3.24,-9999,0.971,0.954,0.905,-9999,1.156
73260,-9999.00,53.48,28.24,12.61,0.80,0.39,0.27,-9999.00,31.46,-9999.00,-9999.00,-9999,3.25,-9999,0.969,0.953,0.902,-9999,1.153
73261,-9999.00,55.57,28.63,13.31,-0.02,0.79,0.26,-9999.00,32.30,-9999.00,-9999.00,-9999,3.26,-9999,0.970,0.952,0.900,-9999,1.155
73262,-9999.00,56.32,31.95,14.73,-0.08,1.95,0.36,-9999.00,37.12,-9999.00,-9999.00,-9999,3.25,-9999,0.970,0.952,0.902,-9999,1.151
73263,-9999.00,53.57,29.05,11.93,0.45,2.27,1.62,-9999.00,34.25,-9999.00,-9999.00,-9999,3.24,-9999,0.969,0.954,0.909,-9999,1.154
73264,-9999.00,53.76,29.21,12.55,1.66,0.91,2.81,-9999.00,33.07,-9999.00,-9999.00,-9999,3.24,-9999,0.969,0.955,0.912,-9999,1.153
73265,-9999.00,53.93,29.34,13.23,0.88,0.37,0.66,-9999.00,32.67,-9999.00,-9999.00,-9999,3.24,-9999,0.969,0.953,0.910,-9999,1.153
73266,-9999.00,53.85,29.28,13.86,0.95,0.85,-0.74,-9999.00,33.07,-9999.00,-9999.00,-9999,3.24,-9999,0.970,0.952,0.910,-9999,1.154
73267,-9999.00,53.81,29.23,14.51,1.95,1.06,0.76,-9999.00,33.23,-9999.00,-9999.00,-9999,3.25,-9999,0.970,0.953,0.910,-9999,1.150
73268,-9999.00,53.92,28.36,13.45,1.37,1.81,2.25,-9999.00,33.04,-9999.00,-9999.00,-9999,3.25,-9999,0.970,0.953,0.906,-9999,1.153
73269,-9999.00,54.06,27.52,12.40,0.71,2.10,1.14,-9999.00,32.38,-9999.00,-9999.00,-9999,3.24,-9999,0.969,0.952,0.906,-9999,1.155
73270,-9999.00,54.05,27.37,11.51,1.79,0.94,0.63,-9999.00,31.07,-9999.00,-9999.00,-9999,3.24,-9999,0.969,0.952,0.913,-9999,1.154
73271,-9999.00,49.04,29.25,11.71,2.27,0.51,1.89,-9999.00,32.73,-9999.00,-9999.00,-9999,3.21,-9999,0.971,0.953,0.920,-9999,1.153
73272,-9999.00,53.06,30.29,15.04,0.18,0.97,1.61,-9999.00,34.36,-9999.00,-9999.00,-9999,3.21,-9999,0.972,0.955,0.918,-9999,1.153
73273,-9999.00,53.03,29.92,11.97,0.12,1.10,0.62,-9999.00,34.12,-9999.00,-9999.00,-9999,3.22,-9999,0.972,0.956,0.915,-9999,1.152
73274,-9999.00,53.03,29.94,9.18,2.12,1.50,1.90,-9999.00,34.56,-9999.00,-9999.00,-9999,3.22,-9999,0.972,0.956,0.917,-9999,1.153
73275,-9999.00,52.95,29.84,10.05,2.48,2.18,3.02,-9999.00,35.13,-9999.00,-9999.00,-9999,3.23,-9999,0.973,0.955,0.913,-9999,1.152
73276,-9999.00,52.84,29.72,10.90,1.55,2.32,2.79,-9999.00,35.12,-9999.00,-9999.00,-9999,3.23,-9999,0.973,0.954,0.906,-9999,1.153
73277,-9999.00,54.88,31.55,14.36,1.87,1.82,1.09,-9999.00,36.60,-9999.00,-9999.00,-9999,3.22,-9999,0.972,0.954,0.904,-9999,1.152
73278,-9999.00,46.83,27.51,13.60,2.37,0.15,-1.06,-9999.00,30.47,-9999.00,-9999.00,-9999,3.22,-9999,0.971,0.955,0.902,-9999,1.151
73279,-9999.00,47.40,28.26,12.94,1.36,0.27,0.40,-9999.00,31.39,-9999.00,-9999.00,-9999,3.22,-9999,0.971,0.956,0.903,-9999,1.154
73280,-9999.00,47.98,29.01,12.31,1.07,2.55,2.82,-9999.00,34.46,-9999.00,-9999.00,-9999,3.21,-9999,0.970,0.956,0.910,-9999,1.153
73281,-9999.00,47.63,27.23,11.86,1.07,2.79,1.29,-9999.00,32.71,-9999.00,-9999.00,-9999,3.20,-9999,0.970,0.955,0.911,-9999,1.149
73282,-9999.00,47.17,25.44,11.42,0.63,0.72,-0.29,-9999.00,28.64,-9999.00,-9999.00,-9999,3.20,-9999,0.970,0.954,0.904,-9999,1.153
73283,-9999.00,50.47,28.87,13.53,1.87,1.07,1.72,-9999.00,32.72,-9999.00,-9999.00,-9999,3.19,-9999,0.970,0.955,0.904,-9999,1.150
73284,-9999.00,50.10,30.17,12.93,3.97,3.01,1.86,-9999.00,36.06,-9999.00,-9999.00,-9999,3.19,-9999,0.970,0.955,0.908,-9999,1.150
73285,-9999.00,50.96,28.96,13.74,2.44,2.22,-0.67,-9999.00,33.94,-9999.00,-9999.00,-9999,3.19,-9999,0.969,0.956,0.907,-9999,1.151
73286,-9999.00,51.76,27.75,14.56,-0.16,0.82,-0.10,-9999.00,31.20,-9999.00,-9999.00,-9999,3.18,-9999,0.970,0.956,0.906,-9999,1.153
73287,-9999.00,54.08,27.60,12.56,0.93,0.47,3.15,-9999.00,30.68,-9999.00,-9999.00,-9999,3.19,-9999,0.971,0.955,0.910,-9999,1.157
73288,-9999.00,56.46,27.77,10.82,2.38,1.07,2.66,-9999.00,31.47,-9999.00,-9999.00,-9999,3.20,-9999,0.971,0.955,0.908,-9999,1.152
73289,-9999.00,54.57,28.17,11.17,2.21,2.49,1.04,-9999.00,33.32,-9999.00,-9999.00,-9999,3.20,-9999,0.970,0.955,0.905,-9999,1.154
73290,-9999.00,52.62,28.68,11.52,2.19,2.21,3.65,-9999.00,33.59,-9999.00,-9999.00,-9999,3.17,-9999,0.970,0.955,0.908,-9999,1.151
73291,-9999.00,51.50,30.09,12.29,1.15,1.03,3.90,-9999.00,33.95,-9999.00,-9999.00,-9999,3.14,-9999,0.970,0.955,0.912,-9999,1.155
73292,-9999.00,50.32,31.52,13.06,0.39,1.01,1.26,-9999.00,35.48,-9999.00,-9999.00,-9999,3.13,-9999,0.970,0.957,0.915,-9999,1.155
73293,-9999.00,60.78,34.30,14.94,1.34,1.36,1.41,-9999.00,38.86,-9999.00,-9999.00,-9999,3.13,-9999,0.971,0.958,0.917,-9999,1.152
73294,-9999.00,54.33,33.56,13.69,1.68,1.24,1.04,-9999.00,37.93,-9999.00,-9999.00,-9999,3.14,-9999,0.972,0.958,0.912,-9999,1.154
73295,-9999.00,47.72,32.87,12.47,2.03,1.46,-0.84,-9999.00,37.39,-9999.00,-9999.00,-9999,3.14,-9999,0.973,0.957,0.910,-9999,1.152
73296,-9999.00,49.16,32.89,13.23,2.00,1.80,0.52,-9999.00,37.74,-9999.00,-9999.00,-9999,3.14,-9999,0.973,0.958,0.914,-9999,1.155
73297,-9999.00,50.57,32.89,13.98,0.54,1.39,2.57,-9999.00,37.33,-9999.00,-9999.00,-9999,3.14,-9999,0.972,0.960,0.915,-9999,1.156
73298,-9999.00,50.70,32.91,14.44,0.90,0.79,0.96,-9999.00,36.73,-9999.00,-9999.00,-9999,3.14,-9999,0.972,0.958,0.912,-9999,1.152
73299,-9999.00,48.62,28.77,12.29,2.20,1.00,-0.18,-9999.00,32.45,-9999.00,-9999.00,-9999,3.15,-9999,0.973,0.958,0.913,-9999,1.152
73300,-9999.00,46.43,24.66,10.22,1.64,1.41,1.67,-9999.00,28.39,-9999.00,-9999.00,-9999,3.15,-9999,0.974,0.959,0.912,-9999,1.153
73301,-9999.00,47.88,28.12,11.48,0.35,1.01,0.83,-9999.00,31.79,-9999.00,-9999.00,-9999,3.16,-9999,0.975,0.961,0.908,-9999,1.154
73302,-9999.00,49.52,28.88,11.49,0.04,1.19,-0.16,-9999.00,32.81,-9999.00,-9999.00,-9999,3.18,-9999,0.974,0.961,0.905,-9999,1.151
73303,-9999.00,51.15,29.63,11.49,0.79,0.77,2.24,-9999.00,33.19,-9999.00,-9999.00,-9999,3.18,-9999,0.974,0.960,0.911,-9999,1.157
73304,-9999.00,51.02,29.90,12.53,1.37,1.11,2.14,-9999.00,33.79,-9999.00,-9999.00,-9999,3.16,-9999,0.975,0.961,0.918,-9999,1.151
73305,-9999.00,50.89,30.14,13.68,2.09,2.40,0.91,-9999.00,35.32,-9999.00,-9999.00,-9999,3.15,-9999,0.976,0.963,0.919,-9999,1.153
73306,-9999.00,51.01,30.30,13.62,2.80,1.37,1.78,-9999.00,34.46,-9999.00,-9999.00,-9999,3.15,-9999,0.977,0.963,0.922,-9999,1.153
73307,-9999.00,51.09,30.44,13.54,1.59,0.36,1.18,-9999.00,33.61,-9999.00,-9999.00,-9999,3.16,-9999,0.978,0.963,0.927,-9999,1.153
73308,-9999.00,50.32,30.06,13.11,0.03,0.77,0.13,-9999.00,33.64,-9999.00,-9999.00,-9999,3.18,-9999,0.977,0.963,-9999.000,-9999,1.154
73309,-9999.00,49.67,29.74,12.70,0.33,0.98,1.27,-9999.00,33.51,-9999.00,-9999.00,-9999,3.19,-9999,0.977,0.962,-9999.000,-9999,1.153
73310,-9999.00,50.42,30.83,12.97,0.39,1.23,1.66,-9999.00,34.97,-9999.00,-9999.00,-9999,3.19,-9999,0.977,0.962,0.924,-9999,1.151
73311,-9999.00,51.15,31.91,13.24,0.81,1.00,0.72,-9999.00,35.96,-9999.00,-9999.00,-9999,3.19,-9999,0.978,0.962,0.918,-9999,1.154
73312,-9999.00,51.02,31.64,12.44,2.31,1.41,1.14,-9999.00,36.10,-9999.00,-9999.00,-9999,3.18,-9999,0.978,0.962,0.915,-9999,1.154
73313,-9999.00,55.41,30.68,13.31,1.21,2.45,1.25,-9999.00,36.11,-9999.00,-9999.00,-9999,3.18,-9999,0.977,0.962,0.916,-9999,1.154
73314,-9999.00,59.59,29.76,14.36,0.75,1.99,1.43,-9999.00,34.66,-9999.00,-9999.00,-9999,3.19,-9999,0.977,0.961,0.918,-9999,1.154
73315,-9999.00,59.36,29.83,15.16,1.97,1.31,2.21,-9999.00,34.05,-9999.00,-9999.00,-9999,3.20,-9999,0.977,0.962,0.919,-9999,1.153
73316,-9999.00,57.65,30.07,13.89,1.30,0.83,1.64,-9999.00,33.81,-9999.00,-9999.00,-9999,3.19,-9999,0.977,0.962,0.918,-9999,1.151
