NASA Intern/Datasets/LARGE/SASA-LARGE-OPTICAL_P3B_20220712_RA_L1.ict
87,1001
Richard Moore, Luke Ziemba, Edward Winstead, Michael Shook, Claire Robinson, John Barrick, Bruce Anderson, and Ali Omar
NASA Langley
In-situ optical aerosol measurements from the NASA P3B
NASA SASA
1,1
2022,07,12,2022,07,13
1.0
Time_Mid,Secs after midnight,Time of acquisition
19
1,1,1,1,1,1,1,1,1,1,1,1,1,1,1,1,1,1,1
-9999,-9999,-9999,-9999,-9999,-9999,-9999,-9999,-9999,-9999,-9999,-9999,-9999,-9999,-9999,-9999,-9999,-9999,-9999
Sc550_total_amb, Mm-1, AerOpt_Scattering_InSitu_Green_RHa_Bulk_STP, scattering coefficient of ambient  particles at 550nm
Sc450_total, Mm-1, AerOpt_Scattering_InSitu_Blue_RHd_Bulk_STP, Dry Scattering at 450nm (Total Aerosols)
Sc550_total, Mm-1, AerOpt_Scattering_InSitu_Green_RHd_Bulk_STP, Dry Scattering at 550nm (Total Aerosols)
Sc700_total, Mm-1, AerOpt_Scattering_InSitu_Red_RHd_Bulk_STP, Dry Scattering at 700nm (Total Aerosols)
Abs470_total, Mm-1, AerOpt_Absorption_InSitu_Blue_RHd_Bulk_STP, Dry absorption at 470nm (Total Aerosols)
Abs532_total, Mm-1, AerOpt_Absorption_InSitu_Green_RHd_Bulk_STP, Dry absorption at 532nm (Total Aerosols)
Abs660_total, Mm-1, AerOpt_Absorption_InSitu_Red_RHd_Bulk_STP, Dry absorption at 660nm (Total Aerosols)
Ext532_total_amb, Mm-1, AerOpt_Extinction_InSitu_Green_RHa_Bulk_STP, extinction coefficient of aerosols at 532nm for AMBIENT relative humidity
Ext532_total_dry, Mm-1, AerOpt_Extinction_InSitu_Green_RHd_Bulk_STP, extinction coefficient of aerosols at 532nm for DRY relative humidity
gamma550, unitless, AerOpt_Gamma_InSitu_Green_None_Bulk_STP, derived hygroscopic growth factor for particles at 550nm
fRH550_RH20to80, unitless, AerOpt_fRHScat_InSitu_Green_RHsp_Bulk_STP, derived hygroscopic growth parameter for particles at 550nm
AEscatAMB_450to700nm,unitless, AerOpt_AngstromExponentScat_InSitu_BluetoRed_RHa_Bulk_STP, derived ambient Angstrom Exponent for scattering coefficient over wavelength range from 450nm to 700nm
AEscatDRY_450to700nm,unitless, AerOpt_AngstromExponentScatInSitu_BluetoRed_RHd_Bulk_STP, derived dry Angstrom Exponent for scattering coefficient over wavelength range from 450nm to 700nm
AEabsDRY_470to660nm,unitless, AerOpt_AngstromExponentAbs_InSitu_BluetoRed_RHd_Bulk_STP, derived dry Angstrom Exponent for absorption coefficient over wavelength range from 450nm to 700nm
SSA_dry_450nm,unitless, AerOpt_SSA_InSitu_Blue_RHd_Bulk_STP, single_scattering_albedo_at_450nm_as_derived_from_dry_scattering_and_absorption
SSA_dry_550nm,unitless, AerOpt_SSA_InSitu_Green_RHd_Bulk_STP, single_scattering_albedo_at_550nm_as_derived_from_dry_scattering_and_absorption
SSA_dry_700nm,unitless, AerOpt_SSA_InSitu_Red_RHd_Bulk_STP, single_scattering_albedo_at_700nm_as_derived_from_dry_scattering_and_absorption
SSA_amb_550nm,unitless, AerOpt_SSA_InSitu_Green_RHa_Bulk_STP, single_scattering_albedo_at_550nm_as_derived_from_ambient_scattering_and_absorption
stdPT,unitless, None, Conversion factor to convert between ambient and standard pressure and temperature conditions
0
54
******************************************************************************************************************
Langley Aerosol data from the 2022 SASA field campaign
 
PI_CONTACT_INFO: richard.h.moore@nasa.gov
PLATFORM: NASA P3B aircraft
LOCATION: Latitude, Longitude, and Altitude included in MetNav files
ASSOCIATED_DATA: N/A
[...]
ANGSTROM EXPONENT AND SSA CALCULATIONS: 
	- The Absorption coefficients were corrected to the wavelengths of the TSI nepholometer using the measured angstrom exponents
	- The scattering and absorption coefficients were smoothed with a 30s running average to compute the SSA and AE
	- Ambient SSA is calculated with ambient scattering and dry absorption
	- SSA is computed only when both scattering and absorption are greater than 1 Mm-1
	- Scattering Angstrom Exponents are computed only when relevant scattering measurements are greater than 1 Mm-1
	- Absorption Angstrom Exponents are computed only when relevant absorption measurements are greater than 2 Mm-1
DATA_INFO: Aerosol measurements are reported at standard temperature and pressure (0 deg C, 1013 mb)
UNCERTAINTY: all data are 5%
ULOD_FLAG: -7777
ULOD_VALUE: N/A
LLOD_FLAG: -8888
LLOD_VALUE: N/A
DM_CONTACT_INFO: Michael Shook (michael.shook@nasa.gov)
PROJECT_INFO: SASA 2022
STIPULATIONS_ON_USE: This is FIELD data. Please consult the PI and/or DM prior to use.
OTHER_COMMENTS: Ambient calculations currently use RH data from field Hsking files. Once available, calculations will be updated with final MetNav data.
REVISION: RA
RA: None
******************************************************************************************************************
Time_Mid,Sc550_total_amb,Sc450_total,Sc550_total,Sc700_total,Abs470_total,Abs532_total,Abs660_total,Ext532_total_amb,Ext532_total_dry,gamma550,fRH550_RH20to80,AEscatAMB_450to700nm,AEscatDRY_450to700nm,AEabsDRY_470to660nm,SSA_dry_450nm,SSA_dry_550nm,SSA_dry_700nm,SSA_amb_550nm,stdPT
[from data line 3279]
52619,34.99,44.99,31.57,15.82,6.57,4.21,5.25,41.95,38.41,0.13,1.19,2.55,2.68,0.93,0.915,0.896,0.834,0.906,1.162
52620,33.82,41.23,30.70,17.48,3.10,2.30,-0.43,38.74,35.51,0.12,1.18,2.55,2.67,0.91,0.916,0.897,0.835,0.907,1.162
52621,34.93,52.14,31.03,15.22,2.57,2.85,2.03,40.43,36.35,0.13,1.19,2.55,2.67,0.89,0.917,0.900,0.836,0.909,1.156
52622,34.05,52.15,30.87,14.33,4.09,3.85,4.93,40.48,37.16,0.12,1.18,2.55,2.67,0.90,0.916,0.899,0.835,0.908,1.159
52623,32.22,48.89,28.33,14.83,3.91,3.34,1.48,37.98,33.91,0.16,1.24,2.54,2.66,0.85,0.916,0.896,0.832,0.906,1.159
52624,33.39,46.34,30.05,16.06,1.63,1.81,-0.73,37.72,34.25,0.13,1.20,2.55,2.67,0.74,0.919,0.899,0.833,0.908,1.158
52625,34.41,43.63,31.82,17.28,1.32,0.45,-0.09,37.46,34.81,0.10,1.15,2.55,2.67,0.73,0.921,0.902,0.836,0.911,1.159
52626,34.60,43.58,31.68,16.82,1.92,0.24,1.29,37.48,34.48,0.11,1.16,2.55,2.66,0.85,0.919,0.902,0.839,0.911,1.158
52627,34.13,45.70,31.21,15.23,0.75,-0.31,0.02,36.44,33.44,0.11,1.16,2.56,2.66,0.96,0.918,0.901,0.841,0.910,1.159
52628,34.24,47.76,30.72,13.65,1.38,1.08,-1.21,37.94,34.27,0.12,1.19,2.55,2.65,0.96,0.917,0.900,0.840,0.909,1.160
52629,34.05,46.70,30.54,20.69,6.05,5.49,3.23,42.13,38.44,0.12,1.17,2.54,2.63,1.01,0.918,0.900,0.844,0.909,1.158
52630,33.80,46.86,30.45,20.20,9.17,8.16,8.42,44.49,40.95,0.12,1.18,2.53,2.61,1.07,0.917,0.901,0.848,0.909,1.158
52631,34.61,46.99,30.33,19.70,5.89,7.57,7.99,44.73,40.19,0.14,1.22,2.52,2.58,0.96,0.917,0.902,0.844,0.910,1.156
52632,33.72,47.57,30.08,13.17,4.11,5.11,6.31,41.32,37.45,0.13,1.19,2.50,2.55,0.90,0.918,0.904,0.845,0.912,1.157
52633,33.64,52.61,30.40,15.18,4.61,2.14,3.38,38.27,34.82,0.14,1.21,2.48,2.52,0.98,0.923,0.909,0.858,0.917,1.162
52634,33.04,48.18,30.57,13.89,2.81,1.51,1.36,37.00,34.39,0.10,1.15,2.48,2.52,1.11,0.927,0.915,0.871,0.923,1.160
52635,33.84,46.66,29.97,12.26,1.40,1.87,2.25,38.24,34.12,0.14,1.22,2.50,2.55,1.20,0.929,0.918,0.877,0.925,1.159
52636,33.52,45.28,29.42,10.79,1.35,0.68,0.20,36.74,32.39,0.14,1.22,2.52,2.58,1.21,0.930,0.918,0.877,0.926,1.160
52637,32.68,48.37,28.54,13.40,4.39,2.39,0.41,37.55,33.14,0.16,1.25,2.53,2.58,1.25,0.929,0.918,0.877,0.925,1.160
52638,32.27,48.27,28.56,13.79,6.39,5.95,6.59,40.67,36.71,0.14,1.22,2.52,2.57,1.30,0.929,0.918,0.879,0.925,1.160
52639,33.08,50.49,30.69,13.42,4.05,5.09,7.58,40.67,38.12,0.09,1.13,2.53,2.57,1.20,0.929,0.918,0.875,0.926,1.160
52640,35.21,51.62,31.70,15.90,3.88,3.12,2.71,41.01,37.28,0.12,1.19,2.55,2.59,1.06,0.928,0.917,0.867,0.924,1.161
52641,34.39,52.75,32.67,18.43,5.08,3.18,0.02,40.23,38.43,0.06,1.08,2.58,2.63,0.95,0.929,0.915,0.862,0.923,1.159
52642,35.09,50.66,32.40,16.56,6.20,4.47,1.99,42.31,39.46,0.11,1.16,2.61,2.65,0.89,0.929,0.913,0.859,0.921,1.165
52643,33.65,45.15,31.87,14.45,7.04,6.17,5.07,42.45,40.58,0.06,1.09,2.62,2.67,0.92,0.928,0.911,0.856,0.920,1.159
52644,34.91,45.02,32.95,15.75,5.03,5.13,2.50,42.76,40.68,0.07,1.10,2.62,2.67,0.96,0.924,0.910,0.851,0.918,1.161
52645,34.59,44.80,33.96,17.02,3.89,3.16,2.12,40.46,39.82,0.02,1.03,2.64,2.71,0.92,0.923,0.908,0.845,0.916,1.160
52646,34.29,45.89,32.85,15.59,4.01,1.26,4.81,38.24,36.73,0.06,1.09,2.66,2.76,0.88,0.924,0.907,0.843,0.916,1.164
52647,29.27,43.85,25.34,15.70,0.45,-0.48,-0.11,31.10,26.88,0.19,1.30,2.69,2.81,0.93,0.925,0.909,0.843,0.917,1.161
52648,31.41,44.17,26.23,15.92,-3.00,-0.97,-3.57,32.91,27.33,0.23,1.38,2.69,2.81,1.08,0.925,0.910,0.851,0.918,1.159
52649,31.66,49.84,28.13,13.35,0.12,-0.54,-0.14,33.59,29.77,0.17,1.26,2.69,2.80,1.13,0.925,0.909,0.853,0.917,1.163
52650,31.14,43.61,26.92,9.83,3.11,0.72,0.49,34.27,29.71,0.21,1.35,2.68,2.79,1.02,0.924,0.907,0.847,0.915,1.164
52651,31.40,47.86,27.85,12.76,2.26,1.69,-1.12,35.53,31.70,0.16,1.25,2.67,2.78,0.99,0.922,0.906,0.843,0.914,1.162
52652,31.01,43.59,26.77,12.84,3.26,2.94,1.46,36.38,31.80,0.19,1.31,2.66,2.77,0.97,0.920,0.905,0.839,0.913,1.161
52653,29.31,39.23,25.66,12.91,4.11,3.26,3.75,34.87,30.94,0.17,1.27,2.66,2.78,0.91,0.920,0.904,0.837,0.912,1.160
52654,29.03,40.88,24.84,11.66,3.38,2.98,3.57,34.31,29.79,0.20,1.31,2.66,2.78,1.04,0.923,0.907,0.847,0.915,1.159
52655,27.83,42.44,23.36,9.59,2.28,2.64,3.06,32.68,27.86,0.21,1.35,2.65,2.78,1.28,0.925,0.911,0.860,0.918,1.159
52656,27.57,43.64,23.59,10.89,0.74,1.99,2.37,31.76,27.46,0.22,1.35,2.66,2.78,1.33,0.925,0.912,0.863,0.919,1.162
52657,29.56,43.20,26.83,10.94,0.48,1.93,1.86,33.84,30.90,0.11,1.17,2.67,2.80,1.19,0.927,0.913,0.859,0.920,1.158
52658,33.11,42.58,30.15,11.10,3.46,1.30,1.15,37.05,33.87,0.11,1.16,2.67,2.81,1.14,0.929,0.915,0.861,0.922,1.160
52659,31.91,42.66,30.52,12.23,6.94,2.71,1.89,37.20,35.73,0.05,1.08,2.69,2.84,1.20,0.933,0.919,0.869,0.926,1.161
52660,30.76,43.83,26.81,11.89,7.90,7.48,5.63,40.76,36.54,0.16,1.25,2.69,2.86,1.11,0.936,0.921,0.869,0.928,1.162
52661,30.26,43.24,27.44,10.65,6.90,8.66,7.89,41.44,38.46,0.11,1.16,2.72,2.90,1.00,0.935,0.921,0.862,0.928,1.159
52662,30.72,42.63,28.04,9.48,4.29,5.58,5.53,38.87,36.06,0.10,1.15,2.72,2.91,1.05,0.934,0.917,0.860,0.925,1.158
52663,31.57,44.20,30.03,11.28,3.35,3.58,1.57,37.77,36.19,0.06,1.09,2.72,2.91,0.99,0.931,0.913,0.852,0.921,1.162
52664,33.77,45.80,32.87,14.75,4.48,3.75,1.97,40.33,39.44,0.03,1.04,2.73,2.93,0.93,0.928,0.911,0.843,0.919,1.159
52665,33.39,44.55,31.36,15.29,3.88,4.07,5.20,40.23,38.11,0.07,1.10,2.73,2.93,0.96,0.926,0.907,0.840,0.916,1.158
52666,31.81,47.60,29.76,14.36,4.03,2.52,4.86,36.96,34.83,0.09,1.13,2.72,2.91,0.88,0.925,0.903,0.835,0.912,1.163
52667,31.14,50.49,28.21,13.43,5.10,1.97,3.44,35.69,32.59,0.12,1.19,2.70,2.89,0.76,0.924,0.902,0.829,0.911,1.159
52668,30.97,50.22,27.51,13.15,4.03,3.34,1.73,36.88,33.21,0.14,1.22,2.70,2.88,0.75,0.924,0.902,0.830,0.911,1.160
52669,30.26,49.92,26.81,12.86,2.29,2.35,0.08,35.10,31.45,0.15,1.24,2.70,2.89,0.80,0.925,0.904,0.834,0.912,1.162
52670,31.87,50.30,29.14,13.97,1.62,0.62,-0.28,35.11,32.20,0.12,1.18,2.70,2.89,0.86,0.926,0.907,0.838,0.915,1.161
52671,33.81,50.59,31.48,15.07,2.53,1.56,0.71,38.14,35.66,0.09,1.13,2.69,2.89,0.94,0.926,0.909,0.841,0.916,1.159
52672,33.02,50.49,31.08,13.96,2.61,2.41,1.71,38.12,36.08,0.08,1.11,2.68,2.89,1.03,0.924,0.908,0.842,0.915,1.159
52673,32.07,49.84,28.58,14.90,2.30,1.76,0.65,36.44,32.73,0.13,1.20,2.67,2.89,1.12,0.923,0.906,0.844,0.913,1.156
52674,30.92,49.50,27.02,11.17,1.47,1.14,-0.08,34.60,30.47,0.18,1.28,2.67,2.89,1.11,0.924,0.904,0.845,0.912,1.160
52675,30.28,52.59,27.41,13.96,1.70,1.98,2.20,34.77,31.74,0.13,1.19,2.67,2.87,0.99,0.926,0.905,0.845,0.912,1.162
52676,31.56,51.39,28.12,12.07,4.47,3.25,5.02,37.43,33.78,0.15,1.22,2.67,2.86,0.95,0.929,0.909,0.849,0.916,1.163
52677,30.48,47.29,28.10,13.57,6.57,4.71,5.56,37.72,35.23,0.11,1.16,2.67,2.86,1.06,0.932,0.914,0.860,0.921,1.163
52678,31.07,43.07,28.03,15.10,4.66,4.29,4.33,37.94,34.74,0.12,1.18,2.66,2.85,1.18,0.933,0.917,0.867,0.924,1.159
52679,31.07,44.50,28.00,13.54,1.81,1.63,1.44,35.30,32.05,0.12,1.19,2.65,2.86,1.08,0.933,0.918,0.863,0.924,1.158
52680,31.91,45.98,27.96,12.02,3.68,3.19,1.48,37.80,33.61,0.16,1.25,2.66,2.89,1.00,0.933,0.918,0.859,0.925,1.159
52681,31.45,46.47,28.17,13.90,4.97,5.01,4.15,39.15,35.69,0.13,1.19,2.67,2.92,1.17,0.934,0.920,0.865,0.927,1.158
52682,31.78,46.82,28.25,15.78,3.50,3.06,3.30,37.57,33.84,0.15,1.23,2.68,2.94,1.25,0.935,0.920,0.870,0.927,1.159
52683,31.42,46.68,28.16,15.66,2.82,2.91,1.25,37.03,33.58,0.14,1.22,2.69,2.93,1.23,0.936,0.920,0.871,0.927,1.160
52684,32.98,44.72,30.17,13.12,2.65,2.22,1.31,38.01,35.06,0.11,1.17,2.69,2.93,1.24,0.934,0.918,0.868,0.926,1.159
52685,-9999.00,42.52,32.08,11.03,2.64,0.15,1.37,-9999.00,35.03,-9999.00,-9999.00,2.68,2.92,1.13,0.929,0.913,0.855,0.921,1.158
52686,-9999.00,47.11,30.01,11.79,3.44,1.44,1.56,-9999.00,34.09,-9999.00,-9999.00,2.68,2.90,0.90,0.927,0.908,0.840,0.917,1.158
52687,-9999.00,51.26,27.96,12.61,4.01,3.62,2.24,-9999.00,34.05,-9999.00,-9999.00,2.69,2.91,0.78,0.927,0.905,0.835,0.915,1.161
52688,-9999.00,49.31,27.43,13.03,2.84,3.86,1.18,-9999.00,33.71,-9999.00,-9999.00,2.69,2.91,0.83,0.926,0.903,0.835,0.913,1.157
52689,-9999.00,49.25,27.40,13.16,2.01,2.78,0.48,-9999.00,32.59,-9999.00,-9999.00,2.69,2.91,0.81,0.924,0.900,0.830,0.910,1.156
52690,-9999.00,45.90,31.12,16.32,3.47,2.36,2.56,-9999.00,36.20,-9999.00,-9999.00,2.66,2.90,0.77,0.921,0.899,0.824,0.909,1.161
52691,-9999.00,47.89,30.11,14.54,3.95,3.23,3.91,-9999.00,35.94,-9999.00,-9999.00,2.65,2.91,0.83,0.919,0.898,0.823,0.908,1.158
52692,-9999.00,49.78,29.06,12.77,2.38,2.66,1.95,-9999.00,34.21,-9999.00,-9999.00,2.60,2.91,0.90,0.920,0.899,0.826,0.909,1.162
52693,-9999.00,46.23,29.14,12.00,2.31,2.38,1.27,-9999.00,34.00,-9999.00,-9999.00,2.60,2.90,0.89,0.922,0.900,0.830,0.909,1.159
52694,-9999.00,43.53,27.34,10.35,3.65,3.06,4.06,-9999.00,32.73,-9999.00,-9999.00,2.62,2.90,0.90,0.922,0.900,0.833,0.909,1.156
52695,-9999.00,46.84,27.12,9.62,4.11,2.41,3.58,-9999.00,31.84,-9999.00,-9999.00,2.60,2.87,0.92,0.922,0.898,0.834,0.908,1.160
52696,-9999.00,48.36,26.67,10.02,3.01,1.92,0.56,-9999.00,30.86,-9999.00,-9999.00,2.57,2.84,0.94,0.922,0.900,0.837,0.909,1.157
52697,-9999.00,46.47,27.28,11.44,1.54,1.99,1.57,-9999.00,31.60,-9999.00,-9999.00,2.54,2.84,1.01,0.924,0.903,0.843,0.913,1.159
52698,-9999.00,44.50,27.87,13.01,3.10,2.41,2.59,-9999.00,32.69,-9999.00,-9999.00,2.60,2.86,1.03,0.924,0.904,0.844,0.914,1.157
52699,-9999.00,44.27,27.74,12.22,7.50,5.17,3.62,-9999.00,35.30,-9999.00,-9999.00,2.67,2.86,1.00,0.924,0.904,0.843,0.916,1.158
52700,-9999.00,42.56,26.21,12.14,9.66,7.74,7.66,-9999.00,36.23,-9999.00,-9999.00,-9999,2.86,1.02,0.924,0.905,0.844,-9999,1.160
52701,-9999.00,42.61,22.63,14.36,5.24,5.98,8.32,-9999.00,30.60,-9999.00,-9999.00,-9999,2.84,1.04,0.924,0.903,0.846,-9999,1.156
52702,-9999.00,43.16,24.50,12.75,1.81,3.64,3.47,-9999.00,30.30,-9999.00,-9999.00,-9999,2.80,1.01,0.924,0.902,0.846,-9999,1.160
52703,-9999.00,43.62,26.29,11.22,3.57,4.47,1.08,-9999.00,33.04,-9999.00,-9999.00,-9999,2.78,1.03,0.923,0.902,0.846,-9999,1.158
52704,-9999.00,43.66,26.47,12.35,4.94,4.39,3.19,-9999.00,33.15,-9999.00,-9999.00,-9999,2.77,0.99,0.922,0.902,0.844,-9999,1.159
52705,-9999.00,47.30,29.08,12.44,5.19,3.10,4.05,-9999.00,34.66,-9999.00,-9999.00,-9999,2.76,0.88,0.921,0.901,0.836,-9999,1.156
52706,-9999.00,50.93,31.67,12.66,4.89,2.90,2.59,-9999.00,37.28,-9999.00,-9999.00,-9999,2.79,0.82,0.920,0.900,0.831,-9999,1.157
52707,-9999.00,51.02,31.78,12.52,4.20,3.03,2.81,-9999.00,37.51,-9999.00,-9999.00,-9999,2.79,0.88,0.920,0.901,0.834,-9999,1.159
52708,-9999.00,49.76,31.45,14.98,3.46,4.06,3.67,-9999.00,38.18,-9999.00,-9999.00,-9999,2.78,0.93,0.919,0.900,0.835,-9999,1.158
52709,-9999.00,48.43,30.98,17.65,3.79,4.67,3.24,-9999.00,38.27,-9999.00,-9999.00,-9999,2.77,0.88,0.919,0.900,0.833,-9999,1.158
52710,-9999.00,50.68,32.09,20.19,3.67,3.70,2.19,-9999.00,38.50,-9999.00,-9999.00,-9999,2.75,0.91,0.919,0.899,0.836,-9999,1.159
52711,-9999.00,50.87,31.78,18.62,3.21,1.92,0.56,-9999.00,36.36,-9999.00,-9999.00,-9999,2.72,0.92,0.920,0.898,0.840,-9999,1.156
52712,-9999.00,50.63,27.46,14.14,2.73,1.28,0.67,-9999.00,31.02,-9999.00,-9999.00,-9999,2.69,0.86,0.917,0.895,0.834,-9999,1.159
52713,-9999.00,50.11,27.25,13.50,2.44,2.21,2.08,-9999.00,31.70,-9999.00,-9999.00,-9999,2.68,0.87,0.912,0.891,0.825,-9999,1.158
52714,-9999.00,48.41,28.27,16.67,3.16,2.41,2.28,-9999.00,33.00,-9999.00,-9999.00,-9999,2.66,0.84,0.910,0.888,0.821,-9999,1.158
52715,-9999.00,44.98,28.34,13.01,2.79,1.20,0.76,-9999.00,31.86,-9999.00,-9999.00,-9999,2.64,0.73,0.912,0.890,0.821,-9999,1.160
52716,-9999.00,43.99,27.18,15.42,2.80,1.58,0.84,-9999.00,30.99,-9999.00,-9999.00,-9999,2.63,0.75,0.917,0.895,0.832,-9999,1.159
52717,-9999.00,43.11,26.01,17.96,4.25,2.68,3.03,-9999.00,30.80,-9999.00,-9999.00,-9999,2.62,0.97,0.920,0.900,0.848,-9999,1.160
52718,-9999.00,44.42,31.27,15.07,4.88,3.21,2.38,-9999.00,37.00,-9999.00,-9999.00,-9999,2.63,1.07,0.921,0.903,0.853,-9999,1.161
52719,-9999.00,47.07,28.54,13.59,3.81,4.49,2.86,-9999.00,35.32,-9999.00,-9999.00,-9999,2.63,1.01,0.921,0.906,0.851,-9999,1.159
52720,-9999.00,51.13,33.55,15.08,4.44,4.38,5.64,-9999.00,40.63,-9999.00,-9999.00,-9999,2.62,0.98,0.921,0.906,0.850,-9999,1.158
52721,-9999.00,47.09,29.80,11.86,4.82,3.44,5.33,-9999.00,35.64,-9999.00,-9999.00,-9999,2.61,1.02,0.920,0.903,0.850,-9999,1.155
52722,-9999.00,47.87,33.95,14.74,3.14,2.93,1.61,-9999.00,39.64,-9999.00,-9999.00,-9999,2.60,1.01,0.916,0.897,0.844,-9999,1.158
52723,-9999.00,42.02,26.28,11.19,3.53,3.02,1.29,-9999.00,31.44,-9999.00,-9999.00,-9999,2.59,0.96,0.913,0.892,0.837,-9999,1.157
52724,-9999.00,46.32,29.62,14.62,3.22,2.81,3.18,-9999.00,34.85,-9999.00,-9999.00,-9999,2.59,0.97,0.911,0.891,0.834,-9999,1.157
52725,-9999.00,46.67,30.04,15.04,2.76,3.59,2.74,-9999.00,36.08,-9999.00,-9999.00,-9999,2.60,1.00,0.909,0.889,0.831,-9999,1.157
52726,-9999.00,47.55,30.81,15.63,3.20,4.23,2.37,-9999.00,37.54,-9999.00,-9999.00,-9999,2.62,0.96,0.905,0.884,0.821,-9999,1.158
52727,-9999.00,45.76,29.94,15.51,7.40,5.93,5.71,-9999.00,38.30,-9999.00,-9999.00,-9999,2.63,0.86,0.901,0.879,0.809,-9999,1.158
52728,-9999.00,45.45,28.65,12.77,10.47,7.36,7.92,-9999.00,38.31,-9999.00,-9999.00,-9999,2.62,0.78,0.897,0.874,0.799,-9999,1.158
52729,-9999.00,45.49,30.08,16.13,6.48,5.71,6.13,-9999.00,38.20,-9999.00,-9999.00,-9999,2.61,0.78,0.893,0.869,0.792,-9999,1.158
52730,-9999.00,47.10,30.18,16.89,3.36,3.60,4.56,-9999.00,36.18,-9999.00,-9999.00,-9999,2.61,0.79,0.889,0.863,0.785,-9999,1.158
52731,-9999.00,48.67,30.27,17.63,2.19,2.09,0.86,-9999.00,34.77,-9999.00,-9999.00,-9999,2.60,0.77,0.886,0.857,0.780,-9999,1.156
52732,-9999.00,48.61,30.40,17.87,0.83,1.24,-1.75,-9999.00,34.05,-9999.00,-9999.00,-9999,2.60,0.77,0.882,0.853,0.773,-9999,1.161
52733,-9999.00,47.44,29.38,11.92,1.16,0.89,0.03,-9999.00,32.59,-9999.00,-9999.00,-9999,2.60,0.81,0.877,0.849,0.767,-9999,1.161
52734,-9999.00,49.06,30.09,13.69,3.09,1.23,2.64,-9999.00,33.71,-9999.00,-9999.00,-9999,2.60,0.79,0.873,0.844,0.760,-9999,1.157
52735,-9999.00,50.82,30.85,15.62,5.74,4.22,4.68,-9999.00,37.52,-9999.00,-9999.00,-9999,2.58,0.75,0.869,0.838,0.751,-9999,1.155
52736,-9999.00,51.01,30.79,15.19,8.05,7.30,4.91,-9999.00,40.54,-9999.00,-9999.00,-9999,2.58,0.77,0.862,0.829,0.743,-9999,1.159
52737,-9999.00,54.04,31.67,15.75,10.57,9.45,6.66,-9999.00,43.63,-9999.00,-9999.00,-9999,2.56,0.77,0.855,0.819,0.733,-9999,1.157
52738,-9999.00,52.52,29.97,15.98,9.96,9.05,8.83,-9999.00,41.40,-9999.00,-9999.00,-9999,2.54,0.74,0.848,0.811,0.720,-9999,1.160
52739,-9999.00,51.73,32.01,15.97,7.11,5.87,5.83,-9999.00,40.37,-9999.00,-9999.00,-9999,2.52,0.75,0.843,0.808,0.716,-9999,1.160
52740,-9999.00,51.22,34.32,16.09,8.47,7.36,5.46,-9999.00,44.31,-9999.00,-9999.00,-9999,2.50,0.81,0.840,0.805,0.717,-9999,1.158
52741,-9999.00,55.51,36.49,17.82,11.12,10.43,8.95,-9999.00,49.70,-9999.00,-9999.00,-9999,2.50,0.84,0.836,0.803,0.714,-9999,1.156
52742,-9999.00,59.55,38.51,19.48,10.32,8.96,9.63,-9999.00,50.43,-9999.00,-9999.00,-9999,2.50,0.82,0.836,0.801,0.712,-9999,1.158
52743,-9999.00,55.55,34.47,17.10,10.23,8.47,9.59,-9999.00,45.59,-9999.00,-9999.00,-9999,2.50,0.80,0.837,0.802,0.712,-9999,1.158
52744,-9999.00,66.46,38.08,21.25,11.61,10.31,9.33,-9999.00,51.32,-9999.00,-9999.00,-9999,2.49,0.81,0.839,0.803,0.716,-9999,1.159
52745,-9999.00,56.50,36.26,17.55,11.88,11.57,8.59,-9999.00,50.62,-9999.00,-9999.00,-9999,2.50,0.85,0.837,0.802,0.716,-9999,1.159
52746,-9999.00,62.82,38.41,21.99,11.08,11.06,7.74,-9999.00,52.41,-9999.00,-9999.00,-9999,2.50,0.85,0.835,0.801,0.712,-9999,1.159
52747,-9999.00,60.50,39.39,21.08,12.58,10.13,8.36,-9999.00,52.52,-9999.00,-9999.00,-9999,2.51,0.83,0.834,0.800,0.708,-9999,1.159
52748,-9999.00,58.09,36.98,21.35,15.08,10.43,9.33,-9999.00,50.20,-9999.00,-9999.00,-9999,2.52,0.80,0.833,0.800,0.704,-9999,1.159
52749,-9999.00,56.16,36.19,18.91,13.78,10.82,10.41,-9999.00,49.73,-9999.00,-9999.00,-9999,2.50,0.78,0.832,0.799,0.703,-9999,1.161
52750,-9999.00,55.86,36.36,20.56,14.91,15.17,13.52,-9999.00,54.21,-9999.00,-9999.00,-9999,2.48,0.80,0.831,0.798,0.705,-9999,1.158
