NASA Intern/Datasets/LARGE/SASA-LARGE-MICROPHYSICAL_P3B_20220708_RA.ict
56,1001
Richard Moore, Luke Ziemba, Edward Winstead, Michael Shook, Claire Robinson, John Barrick, Bruce Anderson, and Ali Omar
NASA Langley
In-situ microphysical aerosol measurements from the NASA P3B
NASA SASA
1,1
2022,07,08,2022,07,8
1.0
Time_Mid,Secs after midnight,Time of acquisition
9
1,1,1,1,1,1,1,1,1
-9999,-9999,-9999,-9999,-9999,-9999,-9999,-9999,-9999
CNgt3nm, #/cm3, AerMP_NumConc_InSitu_RHd_None_Bulk_STP, Number concentration of particles with diameters greater than 3nm
CNgt10nm, #/cm3, AerMP_NumConc_InSitu_RHd_None_Bulk_STP, Number concentration of particles with diameters greater than 10nm
IntegN_100to1000nm_UHSAS, #/cm3, Number concentration of particles with diameters between 100 and 1000nm (inclusive) as measured by the UHSAS
IntegS_100to1000nm_UHSAS, um2/cm3, Surface area concentration of particles with diameters between 100 and 1000nm (inclusive) as measured by the UHSAS
IntegV_100to1000nm_UHSAS, um3/cm3, Volume concentration of particles with diameters between 100 and 1000nm (inclusive) as measured by the UHSAS
IntegN_gt1000nm_APS, #/cm3, Number concentration of particles with diameters greater than 1000nm as measured by the APS
IntegS_gt1000nm_APS, um2/cm3, Surface area concentration of particles with diameters greater 1000nm as measured by the APS
IntegV_gt1000nm_APS, um3/cm3, Volume concentration of particles with diameters greater than 1000nm as measured by the APS
stdPT, unitless, None, Conversion factor to convert between ambient and standard pressure and temperature conditions
0
33
******************************************************************************************************************
Langley Aerosol data from the 2022 SASA field campaign
 
PI_CONTACT_INFO: richard.h.moore@nasa.gov
PLATFORM: NASA P3B aircraft
LOCATION: Latitude, Longitude, and Altitude included in MetNav files
ASSOCIATED_DATA: None
INSTRUMENT_INFO: Flagged data are due to missing data or to instrument issues.
CN statistics: TSI Condensation Particle Counters
	- CNgt3nm is measured with a TSI CPC-3776
	- CNgt10nm is measured with a TSI CPC-3772
	- The CPC-3772 data are corrected for coincidence errors when the aerosol concentrations exceed 10,000 cm-3
	- Due to flow irregularities and response times differences, there will be times where CNgt10nm > CNgt3nm
UHSAS statistics: Optical Size Distribution Data from the DMT Ultra-High Sensitivity Aerosol Spectrometer (UHSAS)
   - Data are processed with respect to mid-point polystyrene-latex-equivalent optical diameters and are rebinned to a standard binning scheme
APS statistics: Aerodynamic Size Distribution Data From the TSI Aerodynamic Particle Sizer (APS), Model 3321
   - Data are processed with respect to mid-point polystyrene-latex-equivalent aerodynamic diameters (assuming spherical particles with a density of 1 g/cm3) and are rebinned to a standard binning scheme
DATA_INFO: Aerosol measurements are reported at standard temperature and pressure (0 deg C, 1013 mb)
   - Concentrations can be converted back to ambient conditions by dividing by the stdPT conversion factor
   - Integrated surface areas and volumes are calculated by assuming spherical particles
UNCERTAINTY: CPC data is 10%, UHSAS is 20%, APS is 20%
ULOD_FLAG: -7777
ULOD_VALUE: N/A
LLOD_FLAG: -8888
LLOD_VALUE: N/A
DM_CONTACT_INFO: Michael Shook (michael.shook@nasa.gov)
PROJECT_INFO: SARP 2022
STIPULATIONS_ON_USE: This is FIELD data. Please consult the PI and/or DM prior to use.
OTHER_COMMENTS: none
REVISION: RA
RA: None
******************************************************************************************************************
Time_Mid,CNgt3nm,CNgt10nm,IntegN_100to1000nm_UHSAS,IntegS_100to1000nm_UHSAS,IntegV_100to1000nm_UHSAS,IntegN_gt1000nm_APS,IntegS_gt1000nm_APS,IntegV_gt1000nm_APS,stdPT
[from data line 220]
54185,1641.89,1463.70,479.40,43.88,1.48,-9999.00,-9999.00,-9999.00,1.311
54186,1643.16,1477.57,494.50,49.07,1.69,-9999.00,-9999.00,-9999.00,1.309
54187,1735.56,1505.86,482.70,49.95,1.82,-9999.00,-9999.00,-9999.00,1.315
54188,1622.44,1494.69,463.83,44.67,1.54,-9999.00,-9999.00,-9999.00,1.312
54189,1610.91,1470.27,432.11,40.11,1.33,-9999.00,-9999.00,-9999.00,1.314
54190,1598.57,1496.26,438.83,44.19,1.54,-9999.00,-9999.00,-9999.00,1.311
54191,1854.93,1483.94,418.58,39.88,1.35,-9999.00,-9999.00,-9999.00,1.314
54192,1843.94,1536.62,482.16,44.78,1.47,-9999.00,-9999.00,-9999.00,1.315
54193,2050.96,1653.59,403.41,38.52,1.34,-9999.00,-9999.00,-9999.00,1.315
54194,2231.14,1718.23,426.88,39.17,1.27,-9999.00,-9999.00,-9999.00,1.322
54195,2385.75,1847.04,449.41,42.28,1.42,-9999.00,-9999.00,-9999.00,1.320
54196,2604.10,2142.29,446.27,43.29,1.53,-9999.00,-9999.00,-9999.00,1.320
54197,2682.36,2348.67,392.42,38.59,1.34,-9999.00,-9999.00,-9999.00,1.317
54198,2927.88,2427.05,386.14,37.68,1.29,-9999.00,-9999.00,-9999.00,1.318
54199,3019.30,2543.92,389.42,35.46,1.19,-9999.00,-9999.00,-9999.00,1.320
54200,2801.90,2634.82,407.48,40.56,1.41,-9999.00,-9999.00,-9999.00,1.320
54201,2672.07,2607.83,385.18,40.35,1.48,-9999.00,-9999.00,-9999.00,1.319
54202,2706.61,2527.02,423.92,44.97,1.70,-9999.00,-9999.00,-9999.00,1.323
54203,2734.47,2477.72,420.75,43.17,1.54,-9999.00,-9999.00,-9999.00,1.321
54204,2634.22,2441.47,450.55,44.37,1.57,-9999.00,-9999.00,-9999.00,1.329
54205,2598.71,2418.60,455.38,44.41,1.54,-9999.00,-9999.00,-9999.00,1.322
54206,2676.28,2354.62,456.94,42.91,1.43,-9999.00,-9999.00,-9999.00,1.318
54207,2676.09,2367.31,406.22,41.41,1.44,-9999.00,-9999.00,-9999.00,1.328
54208,2637.92,2380.56,465.13,46.78,1.69,-9999.00,-9999.00,-9999.00,1.327
54209,2418.93,2367.46,449.93,46.93,1.70,-9999.00,-9999.00,-9999.00,1.329
54210,2327.32,2314.46,460.43,49.34,1.86,-9999.00,-9999.00,-9999.00,1.331
54211,2300.99,2185.29,508.40,55.47,2.08,-9999.00,-9999.00,-9999.00,1.325
54212,2223.24,2107.58,500.29,53.71,1.95,-9999.00,-9999.00,-9999.00,1.327
54213,2324.20,2093.06,490.11,49.24,1.74,-9999.00,-9999.00,-9999.00,1.329
54214,2425.41,2104.59,483.54,52.05,1.88,-9999.00,-9999.00,-9999.00,1.326
54215,2449.31,2128.72,449.58,50.84,1.95,-9999.00,-9999.00,-9999.00,1.324
54216,2371.15,2166.08,493.81,51.98,1.87,-9999.00,-9999.00,-9999.00,1.327
54217,2513.54,2180.11,476.46,56.05,2.21,-9999.00,-9999.00,-9999.00,1.328
54218,2487.62,2179.87,528.77,62.56,2.41,-9999.00,-9999.00,-9999.00,1.326
54219,2550.82,2166.27,563.75,70.69,2.85,-9999.00,-9999.00,-9999.00,1.326
54220,2512.16,2243.00,573.77,72.66,2.87,-9999.00,-9999.00,-9999.00,1.328
54221,2601.96,2230.25,625.60,84.81,3.79,-9999.00,-9999.00,-9999.00,1.326
54222,2524.92,2217.32,624.66,83.35,3.36,-9999.00,-9999.00,-9999.00,1.328
54223,2626.80,2191.14,600.25,89.63,3.86,-9999.00,-9999.00,-9999.00,1.323
54224,2510.37,2241.40,672.84,94.52,4.02,-9999.00,-9999.00,-9999.00,1.323
54225,2432.71,2227.85,600.53,86.31,3.59,-9999.00,-9999.00,-9999.00,1.326
54226,2369.22,2177.12,623.11,94.08,4.01,-9999.00,-9999.00,-9999.00,1.323
54227,2303.48,2149.91,546.01,83.31,3.60,-9999.00,-9999.00,-9999.00,1.323
54228,2406.09,2162.93,604.46,91.70,3.90,-9999.00,-9999.00,-9999.00,1.324
54229,2469.87,2137.14,583.29,91.42,4.09,-9999.00,-9999.00,-9999.00,1.321
54230,2418.49,2162.56,568.48,85.96,3.69,-9999.00,-9999.00,-9999.00,1.327
54231,2443.85,2175.15,517.60,79.60,3.44,-9999.00,-9999.00,-9999.00,1.321
54232,2443.92,2251.99,588.72,90.79,4.04,-9999.00,-9999.00,-9999.00,1.322
54233,2545.45,2238.46,559.06,83.72,3.56,-9999.00,-9999.00,-9999.00,1.324
54234,2378.66,2237.99,610.85,89.37,3.74,-9999.00,-9999.00,-9999.00,1.321
54235,2404.64,2238.36,617.30,92.61,4.00,-9999.00,-9999.00,-9999.00,1.326
54236,2505.39,2211.39,621.84,89.12,3.73,-9999.00,-9999.00,-9999.00,1.324
54237,2622.00,2225.51,588.50,85.46,3.66,-9999.00,-9999.00,-9999.00,1.324
54238,2532.64,2200.07,583.33,88.01,3.83,-9999.00,-9999.00,-9999.00,1.321
54239,2595.39,2224.62,618.94,89.72,3.77,-9999.00,-9999.00,-9999.00,1.321
54240,2583.42,2238.11,640.58,93.21,3.98,-9999.00,-9999.00,-9999.00,1.323
54241,2621.04,2211.90,594.15,87.44,3.69,-9999.00,-9999.00,-9999.00,1.322
54242,2557.04,2211.84,621.51,95.11,4.18,-9999.00,-9999.00,-9999.00,1.322
54243,2619.57,2210.66,608.55,89.35,3.76,-9999.00,-9999.00,-9999.00,1.321
54244,2592.64,2247.81,614.24,92.70,3.94,-9999.00,-9999.00,-9999.00,1.322
54245,2619.55,2287.31,668.89,99.12,4.25,-9999.00,-9999.00,-9999.00,1.320
54246,2622.84,2302.98,633.08,95.24,4.08,-9999.00,-9999.00,-9999.00,1.317
54247,2379.06,2289.53,589.94,87.06,3.71,-9999.00,-9999.00,-9999.00,1.318
54248,2634.36,2263.50,565.13,78.98,3.29,-9999.00,-9999.00,-9999.00,1.323
54249,2735.76,2275.54,608.64,88.42,3.80,-9999.00,-9999.00,-9999.00,1.324
54250,2725.73,2290.64,637.38,94.19,4.04,-9999.00,-9999.00,-9999.00,1.323
54251,2739.95,2381.45,653.53,102.15,4.61,-9999.00,-9999.00,-9999.00,1.323
54252,2638.16,2382.03,603.97,89.50,3.90,-9999.00,-9999.00,-9999.00,1.324
54253,2446.01,2343.56,615.27,89.15,3.81,-9999.00,-9999.00,-9999.00,1.324
54254,2534.35,2239.95,626.90,94.66,4.37,-9999.00,-9999.00,-9999.00,1.323
54255,2484.88,2228.71,606.56,86.58,3.61,-9999.00,-9999.00,-9999.00,1.322
54256,2496.59,2189.32,604.53,86.60,3.67,-9999.00,-9999.00,-9999.00,1.321
54257,2600.05,2215.80,595.20,85.02,3.52,-9999.00,-9999.00,-9999.00,1.320
54258,2497.18,2241.06,635.08,101.99,4.60,-9999.00,-9999.00,-9999.00,1.327
54259,2547.24,2227.23,638.94,92.00,3.90,-9999.00,-9999.00,-9999.00,1.323
54260,2563.52,2243.08,582.88,83.64,3.51,-9999.00,-9999.00,-9999.00,1.319
54261,2387.77,2259.39,608.80,87.68,3.71,-9999.00,-9999.00,-9999.00,1.322
54262,2389.08,2260.63,607.11,89.63,3.78,-9999.00,-9999.00,-9999.00,1.326
54263,2428.70,2248.79,625.27,92.03,3.95,-9999.00,-9999.00,-9999.00,1.323
54264,2520.33,2263.15,660.55,99.32,4.23,-9999.00,-9999.00,-9999.00,1.322
54265,2621.54,2236.02,614.15,87.15,3.63,-9999.00,-9999.00,-9999.00,1.322
54266,2479.48,2248.23,657.72,97.46,4.11,-9999.00,-9999.00,-9999.00,1.323
54267,2427.94,2248.09,615.28,94.68,4.11,-9999.00,-9999.00,-9999.00,1.319
54268,2313.31,2171.94,603.87,86.06,3.53,-9999.00,-9999.00,-9999.00,1.323
54269,2287.50,2081.88,679.51,101.71,4.51,-9999.00,-9999.00,-9999.00,1.324
54270,2193.49,2001.08,590.37,81.18,3.30,-9999.00,-9999.00,-9999.00,1.323
54271,2217.35,1961.01,491.09,74.86,3.24,-9999.00,-9999.00,-9999.00,1.322
54272,2063.69,1935.51,584.06,86.27,3.67,-9999.00,-9999.00,-9999.00,1.321
54273,1923.85,1834.07,629.22,92.69,4.06,-9999.00,-9999.00,-9999.00,1.323
54274,1936.23,1769.53,571.84,83.33,3.50,-9999.00,-9999.00,-9999.00,1.322
54275,2000.35,1756.72,622.97,90.20,3.79,-9999.00,-9999.00,-9999.00,1.319
54276,2000.53,1769.70,631.49,96.84,4.18,-9999.00,-9999.00,-9999.00,1.324
54277,1988.05,1782.83,645.57,91.54,3.78,-9999.00,-9999.00,-9999.00,1.324
54278,2014.10,1770.36,621.84,92.82,3.94,-9999.00,-9999.00,-9999.00,1.324
54279,1964.02,1758.63,620.85,91.88,3.88,-9999.00,-9999.00,-9999.00,1.324
54280,1861.35,1758.66,658.33,95.98,4.02,-9999.00,-9999.00,-9999.00,1.318
54281,1950.64,1783.81,697.65,105.43,4.60,-9999.00,-9999.00,-9999.00,1.324
54282,2040.71,1784.02,658.62,97.22,4.14,-9999.00,-9999.00,-9999.00,1.322
54283,1886.97,1784.27,626.71,97.26,4.21,-9999.00,-9999.00,-9999.00,1.322
54284,2002.85,1758.92,560.59,81.71,3.40,-9999.00,-9999.00,-9999.00,1.319
54285,2017.08,1734.44,638.48,90.57,3.71,-9999.00,-9999.00,-9999.00,1.324
54286,1952.98,1773.10,641.30,97.44,4.30,-9999.00,-9999.00,-9999.00,1.321
54287,1941.16,1748.33,598.56,91.05,3.96,-9999.00,-9999.00,-9999.00,1.324
54288,1966.75,1696.80,587.96,81.34,3.36,-9999.00,-9999.00,-9999.00,1.321
54289,1877.68,1684.76,586.94,87.80,3.80,-9999.00,-9999.00,-9999.00,1.322
54290,1825.69,1658.55,595.97,82.55,3.42,-9999.00,-9999.00,-9999.00,1.323
54291,1749.47,1659.42,632.89,95.42,4.13,-9999.00,-9999.00,-9999.00,1.323
54292,1942.63,1646.73,604.76,83.54,3.39,-9999.00,-9999.00,-9999.00,1.322
54293,1878.24,1685.27,580.08,83.60,3.51,-9999.00,-9999.00,-9999.00,1.326
54294,1955.74,1698.41,624.66,93.34,4.10,-9999.00,-9999.00,-9999.00,1.326
54295,1943.38,1698.85,543.03,79.06,3.34,-9999.00,-9999.00,-9999.00,1.324
54296,1904.04,1736.79,554.63,77.44,3.34,-9999.00,-9999.00,-9999.00,1.323
54297,1981.30,1762.59,558.63,77.95,3.22,-9999.00,-9999.00,-9999.00,1.321
54298,2007.36,1788.61,550.35,72.50,2.88,-9999.00,-9999.00,-9999.00,1.324
54299,1891.93,1840.45,544.45,80.71,3.54,-9999.00,-9999.00,-9999.00,1.320
54300,1840.23,1750.15,503.32,68.63,2.81,-9999.00,-9999.00,-9999.00,1.324
54301,1930.22,1775.80,503.96,72.19,3.21,-9999.00,-9999.00,-9999.00,1.324
54302,1826.99,1788.40,505.06,69.53,2.94,-9999.00,-9999.00,-9999.00,1.323
54303,1763.20,1750.33,508.34,70.11,2.91,-9999.00,-9999.00,-9999.00,1.327
54304,1737.75,1712.00,519.97,70.16,2.94,-9999.00,-9999.00,-9999.00,1.327
54305,1789.76,1673.88,524.63,69.89,2.86,-9999.00,-9999.00,-9999.00,1.323
54306,1700.27,1610.10,497.71,75.00,3.46,-9999.00,-9999.00,-9999.00,1.323
54307,1687.31,1584.27,502.21,65.40,2.71,-9999.00,-9999.00,-9999.00,1.322
54308,1700.31,1597.26,485.53,66.87,2.79,-9999.00,-9999.00,-9999.00,1.324
54309,1661.58,1597.18,545.16,73.79,3.11,-9999.00,-9999.00,-9999.00,1.323
54310,1686.90,1596.76,532.37,72.34,3.14,-9999.00,-9999.00,-9999.00,1.323
54311,1738.75,1584.19,496.43,64.42,2.58,-9999.00,-9999.00,-9999.00,1.324
54312,1764.79,1584.45,474.82,59.32,2.38,-9999.00,-9999.00,-9999.00,1.324
54313,1945.25,1636.08,535.00,69.30,2.80,-9999.00,-9999.00,-9999.00,1.320
54314,1945.89,1662.38,478.48,58.86,2.30,-9999.00,-9999.00,-9999.00,1.321
54315,1984.45,1662.30,462.68,59.11,2.35,-9999.00,-9999.00,-9999.00,1.323
54316,2138.23,1713.16,509.73,69.27,3.07,-9999.00,-9999.00,-9999.00,1.322
54317,2061.03,1726.11,520.09,66.58,2.70,-9999.00,-9999.00,-9999.00,1.322
54318,2060.71,1764.48,505.82,67.25,2.77,-9999.00,-9999.00,-9999.00,1.319
54319,2099.99,1752.14,542.03,68.90,2.80,-9999.00,-9999.00,-9999.00,1.322
54320,1997.27,1713.78,513.07,63.38,2.53,-9999.00,-9999.00,-9999.00,1.321
54321,2138.75,1713.57,531.02,61.40,2.37,-9999.00,-9999.00,-9999.00,1.322
54322,2087.55,1752.51,553.49,72.38,2.96,-9999.00,-9999.00,-9999.00,1.323
54323,1893.78,1855.13,518.48,67.08,2.75,-9999.00,-9999.00,-9999.00,1.324
54324,2009.48,1816.26,535.12,73.58,3.29,-9999.00,-9999.00,-9999.00,1.323
54325,2022.85,1803.82,476.84,56.90,2.19,-9999.00,-9999.00,-9999.00,1.324
54326,2062.65,1830.60,512.88,66.45,2.75,-9999.00,-9999.00,-9999.00,1.324
54327,2011.15,1804.88,499.39,64.86,2.64,-9999.00,-9999.00,-9999.00,1.320
54328,1998.30,1830.70,510.07,66.90,2.71,-9999.00,-9999.00,-9999.00,1.326
54329,1947.10,1792.36,458.39,63.66,2.69,-9999.00,-9999.00,-9999.00,1.320
54330,1985.08,1791.72,493.02,66.40,2.87,-9999.00,-9999.00,-9999.00,1.321
54331,1921.83,1779.95,445.50,57.52,2.34,-9999.00,-9999.00,-9999.00,1.321
54332,2025.06,1792.89,450.93,52.89,1.99,-9999.00,-9999.00,-9999.00,1.318
54333,2127.45,1779.32,493.51,60.82,2.34,-9999.00,-9999.00,-9999.00,1.321
54334,2101.87,1869.77,553.96,68.62,2.77,-9999.00,-9999.00,-9999.00,1.321
54335,2102.15,1882.91,472.48,59.22,2.38,-9999.00,-9999.00,-9999.00,1.320
54336,2153.20,1959.80,457.82,56.56,2.26,-9999.00,-9999.00,-9999.00,1.319
54337,2076.13,1947.17,454.27,54.53,2.11,-9999.00,-9999.00,-9999.00,1.318
54338,2101.41,1959.60,484.06,59.89,2.39,-9999.00,-9999.00,-9999.00,1.321
54339,2255.54,1920.43,527.72,64.29,2.52,-9999.00,-9999.00,-9999.00,1.323
54340,2243.21,1972.48,487.94,60.40,2.35,-9999.00,-9999.00,-9999.00,1.322
54341,2230.37,1998.31,488.80,63.43,2.75,-9999.00,-9999.00,-9999.00,1.321
54342,2192.20,1985.88,529.72,68.24,2.78,-9999.00,-9999.00,-9999.00,1.320
54343,2152.77,1985.19,521.15,63.34,2.43,-9999.00,-9999.00,-9999.00,1.322
54344,2050.52,1934.45,514.48,71.43,3.18,-9999.00,-9999.00,-9999.00,1.322
54345,2204.79,1869.56,553.12,65.94,2.53,-9999.00,-9999.00,-9999.00,1.321
54346,2051.17,1870.56,469.30,59.76,2.36,-9999.00,-9999.00,-9999.00,1.319
54347,2010.66,1920.44,546.05,74.95,3.17,-9999.00,-9999.00,-9999.00,1.322
54348,2191.03,1855.93,499.41,72.21,3.13,-9999.00,-9999.00,-9999.00,1.319
54349,2138.97,1855.49,511.94,70.99,3.02,-9999.00,-9999.00,-9999.00,1.321
54350,2357.05,1919.13,495.72,61.47,2.45,-9999.00,-9999.00,-9999.00,1.321
54351,2188.93,1905.65,505.06,67.25,2.81,-9999.00,-9999.00,-9999.00,1.324
54352,2356.15,1957.02,475.27,62.45,2.54,-9999.00,-9999.00,-9999.00,1.321
54353,2303.03,2032.84,516.96,71.10,3.03,-9999.00,-9999.00,-9999.00,1.321
54354,2407.31,1995.36,532.65,71.04,3.08,-9999.00,-9999.00,-9999.00,1.324
54355,2227.47,1995.71,555.71,73.55,3.10,-9999.00,-9999.00,-9999.00,1.323
54356,2328.60,2045.57,522.61,74.93,3.37,-9999.00,-9999.00,-9999.00,1.324
54357,2212.98,2084.32,560.44,74.34,3.11,-9999.00,-9999.00,-9999.00,1.320
54358,2058.70,2020.10,548.20,71.21,2.88,-9999.00,-9999.00,-9999.00,1.319
54359,2122.69,1916.85,509.08,67.39,2.78,-9999.00,-9999.00,-9999.00,1.324
54360,2097.40,1904.39,573.07,79.70,3.36,-9999.00,-9999.00,-9999.00,1.321
54361,2122.54,1929.58,562.09,75.19,3.06,-9999.00,-9999.00,-9999.00,1.322
54362,2045.89,1942.95,582.33,79.39,3.24,-9999.00,-9999.00,-9999.00,1.323
54363,2097.00,1955.49,529.06,68.60,2.78,-9999.00,-9999.00,-9999.00,1.326
54364,2071.05,1865.23,529.41,75.06,3.26,-9999.00,-9999.00,-9999.00,1.323
54365,2071.25,1839.68,598.65,79.75,3.24,-9999.00,-9999.00,-9999.00,1.324
54366,1980.33,1838.87,575.43,82.32,3.67,-9999.00,-9999.00,-9999.00,1.319
54367,2058.03,1800.78,518.45,67.94,2.73,-9999.00,-9999.00,-9999.00,1.323
54368,1826.21,1749.05,571.49,75.24,3.05,-9999.00,-9999.00,-9999.00,1.323
54369,1967.79,1736.29,563.36,75.24,3.08,-9999.00,-9999.00,-9999.00,1.322
54370,1876.71,1696.75,503.54,74.59,3.30,-9999.00,-9999.00,-9999.00,1.326
54371,1903.35,1671.86,575.95,77.68,3.18,-9999.00,-9999.00,-9999.00,1.323
54372,1723.45,1659.14,548.59,75.33,3.11,-9999.00,-9999.00,-9999.00,1.322
54373,1748.70,1632.97,603.31,85.69,3.66,-9999.00,-9999.00,-9999.00,1.323
54374,1814.01,1608.16,537.87,73.55,3.03,-9999.00,-9999.00,-9999.00,1.324
54375,1787.79,1607.73,563.80,73.56,2.91,-9999.00,-9999.00,-9999.00,1.324
54376,1799.92,1619.93,591.86,77.23,3.08,-9999.00,-9999.00,-9999.00,1.322
54377,1825.97,1594.51,523.96,71.87,2.91,-9999.00,-9999.00,-9999.00,1.324
54378,1774.74,1607.56,587.34,81.67,3.40,-9999.00,-9999.00,-9999.00,1.323
54379,1915.92,1645.89,568.41,76.09,3.15,-9999.00,-9999.00,-9999.00,1.319
54380,1903.09,1748.78,609.68,80.22,3.29,-9999.00,-9999.00,-9999.00,1.324
54381,1851.07,1761.09,555.31,75.37,3.12,-9999.00,-9999.00,-9999.00,1.324
54382,1798.44,1747.05,548.24,76.20,3.36,-9999.00,-9999.00,-9999.00,1.325
54383,1785.16,1746.63,544.84,73.62,2.94,-9999.00,-9999.00,-9999.00,1.326
54384,1759.63,1656.88,493.26,65.13,2.66,-9999.00,-9999.00,-9999.00,1.320
54385,1926.29,1630.93,588.53,79.70,3.35,-9999.00,-9999.00,-9999.00,1.324
54386,1759.65,1644.05,590.43,83.16,3.62,-9999.00,-9999.00,-9999.00,1.324
54387,1836.27,1643.65,578.29,79.21,3.27,-9999.00,-9999.00,-9999.00,1.323
54388,1708.00,1643.79,523.12,70.79,2.88,-9999.00,-9999.00,-9999.00,1.323
54389,1746.09,1630.54,577.71,81.62,3.46,-9999.00,-9999.00,-9999.00,1.323
54390,1824.25,1618.70,545.49,75.58,3.33,-9999.00,-9999.00,-9999.00,1.327
54391,1670.13,1605.89,575.20,73.01,2.92,-9999.00,-9999.00,-9999.00,1.322
54392,1798.85,1606.12,541.27,72.62,3.08,-9999.00,-9999.00,-9999.00,1.324
54393,1720.54,1592.14,565.97,73.95,3.02,-9999.00,-9999.00,-9999.00,1.323
54394,1682.37,1592.48,534.69,73.48,3.00,-9999.00,-9999.00,-9999.00,1.323
54395,1746.62,1618.19,511.10,66.54,2.77,-9999.00,-9999.00,-9999.00,1.329
54396,1695.32,1605.42,489.27,66.69,2.71,-9999.00,-9999.00,-9999.00,1.326
54397,1772.92,1644.45,500.53,66.79,2.71,-9999.00,-9999.00,-9999.00,1.322
54398,1786.04,1631.85,516.04,65.02,2.54,-9999.00,-9999.00,-9999.00,1.325
54399,1888.04,1656.85,536.67,65.42,2.58,-9999.00,-9999.00,-9999.00,1.324
54400,1939.97,1670.17,493.89,60.76,2.43,-9999.00,-9999.00,-9999.00,1.328
54401,1965.32,1682.72,432.92,53.32,2.07,-9999.00,-9999.00,-9999.00,1.322
54402,2080.62,1810.91,509.75,64.96,2.69,-9999.00,-9999.00,-9999.00,1.323
54403,2067.28,1938.87,478.15,60.42,2.41,-9999.00,-9999.00,-9999.00,1.325
