NASA Intern/Datasets/LARGE/SASA-LARGE-MICROPHYSICAL_P3B_20220712_RA_L2.ict
56,1001
Richard Moore, Luke Ziemba, Edward Winstead, Michael Shook, Claire Robinson, John Barrick, Bruce Anderson, and Ali Omar
NASA Langley
In-situ microphysical aerosol measurements from the NASA P3B
NASA SASA
1,1
2022,07,12,2022,07,13
1.0
Time_Mid,Secs after midnight,Time of acquisition
9
1,1,1,1,1,1,1,1,1
-9999,-9999,-9999,-9999,-9999,-9999,-9999,-9999,-9999
CNgt3nm, #/cm3, AerMP_NumConc_InSitu_RHd_None_Bulk_STP, Number concentration of particles with diameters greater than 3nm
CNgt10nm, #/cm3, AerMP_NumConc_InSitu_RHd_None_Bulk_STP, Number concentration of particles with diameters greater than 10nm
IntegN_100to1000nm_UHSAS, #/cm3, Number concentration of particles with diameters between 100 and 1000nm (inclusive) as measured by the UHSAS
IntegS_100to1000nm_UHSAS, um2/cm3, Surface area concentration of particles with diameters between 100 and 1000nm (inclusive) as measured by the UHSAS
IntegV_100to1000nm_UHSAS, um3/cm3, Volume concentration of particles with diameters between 100 and 1000nm (inclusive) as measured by the UHSAS
IntegN_gt1000nm_APS, #/cm3, Number concentration of particles with diameters greater than 1000nm as measured by the APS
IntegS_gt1000nm_APS, um2/cm3, Surface area concentration of particles with diameters greater 1000nm as measured by the APS
IntegV_gt1000nm_APS, um3/cm3, Volume concentration of particles with diameters greater than 1000nm as measured by the APS
stdPT, unitless, None, Conversion factor to convert between ambient and standard pressure and temperature conditions
0
33
******************************************************************************************************************
Langley Aerosol data from the 2022 SASA field campaign
 
PI_CONTACT_INFO: richard.h.moore@nasa.gov
PLATFORM: NASA P3B aircraft
LOCATION: Latitude, Longitude, and Altitude included in MetNav files
ASSOCIATED_DATA: None
INSTRUMENT_INFO: Flagged data are due to missing data or to instrument issues.
CN statistics: TSI Condensation Particle Counters
	- CNgt3nm is measured with a TSI CPC-3776
	- CNgt10nm is measured with a TSI CPC-3772
	- The CPC-3772 data are corrected for coincidence errors when the aerosol concentrations exceed 10,000 cm-3
	- Due to flow irregularities and response times differences, there will be times where CNgt10nm > CNgt3nm
UHSAS statistics: Optical Size Distribution Data from the DMT Ultra-High Sensitivity Aerosol Spectrometer (UHSAS)
   - Data are processed with respect to mid-point polystyrene-latex-equivalent optical diameters and are rebinned to a standard binning scheme
APS statistics: Aerodynamic Size Distribution Data From the TSI Aerodynamic Particle Sizer (APS), Model 3321
   - Data are processed with respect to mid-point polystyrene-latex-equivalent aerodynamic diameters (assuming spherical particles with a density of 1 g/cm3) and are rebinned to a standard binning scheme
DATA_INFO: Aerosol measurements are reported at standard temperature and pressure (0 deg C, 1013 mb)
   - Concentrations can be converted back to ambient conditions by dividing by the stdPT conversion factor
   - Integrated surface areas and volumes are calculated by assuming spherical particles
UNCERTAINTY: CPC data is 10%, UHSAS is 20%, APS is 20%
ULOD_FLAG: -7777
ULOD_VALUE: N/A
LLOD_FLAG: -8888
LLOD_VALUE: N/A
DM_CONTACT_INFO: Michael Shook (michael.shook@nasa.gov)
PROJECT_INFO: SARP 2022
STIPULATIONS_ON_USE: This is FIELD data. Please consult the PI and/or DM prior to use.
OTHER_COMMENTS: none
REVISION: RA
RA: None
******************************************************************************************************************
Time_Mid,CNgt3nm,CNgt10nm,IntegN_100to1000nm_UHSAS,IntegS_100to1000nm_UHSAS,IntegV_100to1000nm_UHSAS,IntegN_gt1000nm_APS,IntegS_gt1000nm_APS,IntegV_gt1000nm_APS,stdPT
[from data line 3648]
70443,2723.97,2395.45,772.31,91.84,3.79,-9999.00,-9999.00,-9999.00,1.390
70444,2714.98,2344.75,678.05,82.01,3.28,-9999.00,-9999.00,-9999.00,1.389
70445,2691.02,2347.78,663.29,79.20,3.25,-9999.00,-9999.00,-9999.00,1.394
70446,2707.37,2322.56,663.77,74.99,2.83,-9999.00,-9999.00,-9999.00,1.395
70447,2557.54,2296.29,687.85,78.07,2.98,-9999.00,-9999.00,-9999.00,1.396
70448,2585.73,2228.13,709.63,80.67,3.09,-9999.00,-9999.00,-9999.00,1.397
70449,2572.76,2242.57,678.90,77.07,2.92,-9999.00,-9999.00,-9999.00,1.394
70450,2447.53,2241.28,750.90,89.60,3.54,-9999.00,-9999.00,-9999.00,1.395
70451,2625.99,2296.02,728.19,87.20,3.47,-9999.00,-9999.00,-9999.00,1.399
70452,2587.51,2312.24,730.65,82.70,3.11,-9999.00,-9999.00,-9999.00,1.404
70453,2649.34,2373.37,765.40,86.74,3.30,-9999.00,-9999.00,-9999.00,1.405
70454,2407.29,2310.44,576.72,67.79,2.65,-9999.00,-9999.00,-9999.00,1.403
70455,2315.66,2260.19,532.11,63.13,2.49,-9999.00,-9999.00,-9999.00,1.403
70456,2317.30,2247.92,581.96,66.88,2.59,-9999.00,-9999.00,-9999.00,1.404
70457,2374.78,2208.13,595.50,70.84,2.84,-9999.00,-9999.00,-9999.00,1.405
70458,2600.66,2225.16,646.89,77.69,3.10,-9999.00,-9999.00,-9999.00,1.403
70459,2548.92,2200.70,610.22,70.85,2.74,-9999.00,-9999.00,-9999.00,1.407
70460,2553.08,2218.25,625.20,66.03,2.44,-9999.00,-9999.00,-9999.00,1.406
70461,2442.77,2219.43,614.74,70.52,2.87,-9999.00,-9999.00,-9999.00,1.407
70462,2417.21,2207.62,671.70,72.63,2.62,-9999.00,-9999.00,-9999.00,1.410
70463,2390.99,2223.20,656.16,76.22,2.98,-9999.00,-9999.00,-9999.00,1.409
70464,2462.60,2224.74,701.70,78.73,3.02,-9999.00,-9999.00,-9999.00,1.407
70465,2477.57,2239.61,699.73,76.25,3.09,-9999.00,-9999.00,-9999.00,1.414
70466,2674.77,2226.64,620.32,65.05,2.37,-9999.00,-9999.00,-9999.00,1.410
70467,2620.83,2228.41,651.74,75.85,2.94,-9999.00,-9999.00,-9999.00,1.411
70468,2566.63,2258.08,729.27,82.34,3.09,-9999.00,-9999.00,-9999.00,1.414
70469,2567.75,2245.03,711.85,79.93,3.09,-9999.00,-9999.00,-9999.00,1.415
70470,2471.98,2219.17,683.29,79.44,3.08,-9999.00,-9999.00,-9999.00,1.416
70471,2600.03,2220.57,681.62,82.23,3.41,-9999.00,-9999.00,-9999.00,1.419
70472,2518.12,2236.76,646.83,76.34,3.15,-9999.00,-9999.00,-9999.00,1.419
70473,2477.55,2224.17,640.24,69.74,2.62,-9999.00,-9999.00,-9999.00,1.419
70474,2423.14,2239.99,639.52,70.75,2.72,-9999.00,-9999.00,-9999.00,1.417
70475,2636.21,2213.29,658.95,71.20,2.62,-9999.00,-9999.00,-9999.00,1.418
70476,2567.25,2228.71,747.07,79.64,2.92,-9999.00,-9999.00,-9999.00,1.418
70477,2654.46,2245.00,684.21,75.01,2.89,-9999.00,-9999.00,-9999.00,1.421
70478,2559.02,2247.98,651.18,69.48,2.59,-9999.00,-9999.00,-9999.00,1.422
70479,2504.80,2264.23,650.31,70.37,2.70,-9999.00,-9999.00,-9999.00,1.422
70480,2564.71,2267.15,604.87,66.24,2.58,-9999.00,-9999.00,-9999.00,1.427
70481,2425.96,2269.90,621.40,68.95,2.71,-9999.00,-9999.00,-9999.00,1.423
70482,2385.25,2243.27,621.69,70.93,2.90,-9999.00,-9999.00,-9999.00,1.424
70483,2358.15,2201.89,608.34,66.53,2.48,-9999.00,-9999.00,-9999.00,1.425
70484,2416.72,2203.48,669.61,75.65,2.95,-9999.00,-9999.00,-9999.00,1.427
70485,2461.88,2234.20,631.19,73.61,3.01,-9999.00,-9999.00,-9999.00,1.426
70486,2376.58,2191.58,635.42,65.99,2.44,-9999.00,-9999.00,-9999.00,1.426
70487,2477.32,2206.81,704.47,80.64,3.18,-9999.00,-9999.00,-9999.00,1.428
70488,2378.87,2193.69,678.36,69.06,2.56,-9999.00,-9999.00,-9999.00,1.430
70489,2509.67,2195.96,703.29,80.73,3.20,-9999.00,-9999.00,-9999.00,1.431
70490,2553.73,2197.07,635.67,72.38,2.94,-9999.00,-9999.00,-9999.00,1.432
70491,2512.51,2198.45,652.14,70.25,2.61,-9999.00,-9999.00,-9999.00,1.432
70492,2385.91,2185.89,642.88,68.37,2.51,-9999.00,-9999.00,-9999.00,1.431
70493,2401.83,2230.27,690.68,81.00,3.34,-9999.00,-9999.00,-9999.00,1.432
70494,2532.28,2203.23,630.95,73.90,3.11,-9999.00,-9999.00,-9999.00,1.432
70495,2548.91,2190.92,636.32,70.08,2.74,-9999.00,-9999.00,-9999.00,1.437
70496,2551.12,2192.82,700.71,82.97,3.33,-9999.00,-9999.00,-9999.00,1.436
70497,2525.09,2180.76,633.74,70.11,2.66,-9999.00,-9999.00,-9999.00,1.437
70498,2527.19,2139.50,636.23,68.43,2.59,-9999.00,-9999.00,-9999.00,1.437
70499,2543.92,2198.98,640.10,70.26,2.60,-9999.00,-9999.00,-9999.00,1.439
70500,2590.81,2187.80,694.00,74.02,2.80,-9999.00,-9999.00,-9999.00,1.439
70501,2692.42,2202.89,609.88,74.71,3.10,-9999.00,-9999.00,-9999.00,1.441
70502,2808.06,2160.05,652.62,76.33,3.00,-9999.00,-9999.00,-9999.00,1.439
70503,2709.62,2176.35,594.67,63.37,2.33,-9999.00,-9999.00,-9999.00,1.445
70504,2623.79,2176.88,622.17,69.58,2.76,-9999.00,-9999.00,-9999.00,1.445
70505,2437.08,2148.67,644.62,70.12,2.63,-9999.00,-9999.00,-9999.00,1.443
70506,2553.85,2149.85,682.64,77.38,3.02,-9999.00,-9999.00,-9999.00,1.445
70507,2497.36,2165.34,668.05,77.31,3.10,-9999.00,-9999.00,-9999.00,1.447
70508,2428.17,2182.46,655.78,73.41,2.88,-9999.00,-9999.00,-9999.00,1.451
70509,2355.76,2138.97,679.72,71.00,2.65,-9999.00,-9999.00,-9999.00,1.451
70510,2384.10,2138.46,656.40,73.19,2.81,-9999.00,-9999.00,-9999.00,1.451
70511,2397.29,2209.55,643.18,68.72,2.57,-9999.00,-9999.00,-9999.00,1.452
70512,2512.48,2295.89,700.09,76.88,2.87,-9999.00,-9999.00,-9999.00,1.451
70513,2555.34,2281.04,686.89,78.36,3.11,-9999.00,-9999.00,-9999.00,1.448
70514,2786.88,2368.13,769.56,85.40,3.27,-9999.00,-9999.00,-9999.00,1.455
70515,3076.77,2672.31,688.73,73.65,2.73,-9999.00,-9999.00,-9999.00,1.452
70516,3584.79,2688.59,772.01,80.73,2.95,-9999.00,-9999.00,-9999.00,1.456
70517,8535.60,5511.97,644.02,69.87,2.64,-9999.00,-9999.00,-9999.00,1.454
70518,2199.31,2676.80,643.60,75.69,3.16,-9999.00,-9999.00,-9999.00,1.455
70519,2154.93,1995.84,753.70,84.13,3.36,-9999.00,-9999.00,-9999.00,1.458
70520,3831.56,2356.77,706.84,82.95,3.41,-9999.00,-9999.00,-9999.00,1.462
70521,4597.06,3773.06,692.60,74.97,2.84,-9999.00,-9999.00,-9999.00,1.465
70522,2344.36,2344.36,706.58,75.46,2.84,-9999.00,-9999.00,-9999.00,1.465
70523,2028.12,1825.31,690.40,80.09,3.18,-9999.00,-9999.00,-9999.00,1.465
70524,2087.45,1768.53,666.05,73.70,3.01,-9999.00,-9999.00,-9999.00,1.464
70525,2089.29,1799.11,615.83,63.49,2.31,-9999.00,-9999.00,-9999.00,1.467
70526,2061.97,1800.59,606.30,71.43,2.85,-9999.00,-9999.00,-9999.00,1.464
70527,2049.44,1816.88,629.82,70.55,2.69,-9999.00,-9999.00,-9999.00,1.466
70528,2109.35,1803.86,626.43,69.79,2.74,-9999.00,-9999.00,-9999.00,1.466
70529,2081.45,1804.90,587.31,67.59,2.69,-9999.00,-9999.00,-9999.00,1.470
70530,2141.31,1806.28,616.98,68.08,2.60,-9999.00,-9999.00,-9999.00,1.467
70531,2186.30,1836.49,570.20,64.26,2.81,-9999.00,-9999.00,-9999.00,1.473
70532,2187.15,1895.53,536.24,57.32,2.20,-9999.00,-9999.00,-9999.00,1.472
70533,2247.97,1956.02,604.15,61.34,2.34,-9999.00,-9999.00,-9999.00,1.471
70534,2337.55,2016.14,532.60,54.59,1.98,-9999.00,-9999.00,-9999.00,1.474
70535,2398.40,2047.42,474.08,44.33,1.49,-9999.00,-9999.00,-9999.00,1.472
70536,2209.27,2048.33,473.55,44.35,1.53,-9999.00,-9999.00,-9999.00,1.473
70537,2368.27,2075.89,491.90,52.37,1.99,-9999.00,-9999.00,-9999.00,1.473
70538,2250.55,2060.57,512.43,48.49,1.69,-9999.00,-9999.00,-9999.00,1.480
70539,2472.88,2092.44,508.53,48.69,1.74,-9999.00,-9999.00,-9999.00,1.479
70540,2166.72,2064.24,502.63,52.80,2.08,-9999.00,-9999.00,-9999.00,1.479
70541,2462.04,2095.67,464.94,46.82,1.69,-9999.00,-9999.00,-9999.00,1.481
70542,2199.96,2111.96,476.84,43.90,1.58,-9999.00,-9999.00,-9999.00,1.480
70543,2392.53,2084.29,442.33,45.64,1.77,-9999.00,-9999.00,-9999.00,1.479
70544,2365.45,2130.38,478.28,43.50,1.46,-9999.00,-9999.00,-9999.00,1.484
70545,2396.46,2102.42,432.54,39.68,1.33,-9999.00,-9999.00,-9999.00,1.480
70546,2399.98,2120.22,455.30,43.02,1.46,-9999.00,-9999.00,-9999.00,1.487
70547,2506.57,2093.72,469.33,45.04,1.70,-9999.00,-9999.00,-9999.00,1.488
70548,2393.31,2112.62,406.46,40.10,1.42,-9999.00,-9999.00,-9999.00,1.487
70549,2441.49,2145.55,414.11,41.03,1.42,-9999.00,-9999.00,-9999.00,1.486
70550,2279.64,2131.61,421.66,42.12,1.59,-9999.00,-9999.00,-9999.00,1.490
70551,2384.43,2088.23,438.61,40.81,1.42,-9999.00,-9999.00,-9999.00,1.489
70552,2386.20,2134.24,484.93,45.42,1.52,-9999.00,-9999.00,-9999.00,1.491
70553,2257.03,2108.54,490.94,46.40,1.60,-9999.00,-9999.00,-9999.00,1.494
70554,2440.15,2127.69,486.03,46.44,1.63,-9999.00,-9999.00,-9999.00,1.492
70555,2276.35,2097.81,473.82,49.32,1.88,-9999.00,-9999.00,-9999.00,1.490
70556,2516.54,2114.49,520.83,56.31,2.19,-9999.00,-9999.00,-9999.00,1.498
70557,2607.98,2116.19,539.59,55.08,2.06,-9999.00,-9999.00,-9999.00,1.495
70558,2638.82,2117.02,536.11,53.19,1.92,-9999.00,-9999.00,-9999.00,1.498
70559,2682.13,2130.80,550.23,56.99,2.12,-9999.00,-9999.00,-9999.00,1.495
70560,2667.56,2101.26,568.29,57.10,2.22,-9999.00,-9999.00,-9999.00,1.496
70561,2595.51,2103.25,580.04,57.34,2.05,-9999.00,-9999.00,-9999.00,1.499
70562,2550.88,2103.35,574.47,56.05,1.99,-9999.00,-9999.00,-9999.00,1.498
70563,2476.55,2088.66,570.20,57.89,2.09,-9999.00,-9999.00,-9999.00,1.496
70564,2462.26,2074.27,572.46,62.05,2.47,-9999.00,-9999.00,-9999.00,1.501
70565,2521.59,2088.89,526.54,50.73,1.80,-9999.00,-9999.00,-9999.00,1.500
70566,2372.54,2074.11,606.24,62.29,2.34,-9999.00,-9999.00,-9999.00,1.502
70567,2389.15,2105.44,655.62,65.14,2.37,-9999.00,-9999.00,-9999.00,1.498
70568,2402.05,2088.74,593.82,57.97,2.08,-9999.00,-9999.00,-9999.00,1.498
70569,2404.19,2090.60,583.59,55.73,1.91,-9999.00,-9999.00,-9999.00,1.502
70570,2510.77,2107.25,604.43,59.12,2.12,-9999.00,-9999.00,-9999.00,1.501
70571,2542.81,2094.08,577.38,58.77,2.43,-9999.00,-9999.00,-9999.00,1.502
70572,2499.00,2080.01,529.59,53.12,1.94,-9999.00,-9999.00,-9999.00,1.500
70573,2543.48,2079.67,527.93,51.13,1.80,-9999.00,-9999.00,-9999.00,1.504
70574,2498.02,2079.19,580.25,54.03,1.82,-9999.00,-9999.00,-9999.00,1.505
70575,2378.00,2093.84,595.91,61.06,2.34,-9999.00,-9999.00,-9999.00,1.503
70576,2378.28,2064.17,597.83,56.72,2.05,-9999.00,-9999.00,-9999.00,1.501
70577,2392.86,2063.84,569.91,56.39,2.01,-9999.00,-9999.00,-9999.00,1.500
70578,2391.80,2077.87,582.48,55.11,1.90,-9999.00,-9999.00,-9999.00,1.503
70579,2421.99,2078.13,517.80,47.90,1.67,-9999.00,-9999.00,-9999.00,1.502
70580,2287.84,2093.45,601.05,58.12,2.06,-9999.00,-9999.00,-9999.00,1.503
70581,2421.66,2062.89,564.35,50.62,1.67,-9999.00,-9999.00,-9999.00,1.503
70582,2361.01,2106.97,528.33,46.12,1.50,-9999.00,-9999.00,-9999.00,1.508
70583,2359.75,2075.98,562.57,53.12,1.86,-9999.00,-9999.00,-9999.00,1.500
70584,2255.09,2075.88,569.28,52.26,1.78,-9999.00,-9999.00,-9999.00,1.506
70585,2210.29,2046.01,550.61,52.52,1.83,-9999.00,-9999.00,-9999.00,1.500
70586,2328.50,2074.75,554.95,50.85,1.77,-9999.00,-9999.00,-9999.00,1.506
70587,2402.55,2059.33,579.97,49.99,1.60,-9999.00,-9999.00,-9999.00,1.502
70588,2358.22,2044.79,558.41,54.21,1.96,-9999.00,-9999.00,-9999.00,1.504
70589,2344.09,2045.48,552.37,47.53,1.56,-9999.00,-9999.00,-9999.00,1.502
70590,2253.01,2044.12,534.28,51.77,1.87,-9999.00,-9999.00,-9999.00,1.502
70591,2311.21,2042.81,534.36,49.10,1.64,-9999.00,-9999.00,-9999.00,1.500
70592,2296.53,2057.93,553.55,52.58,1.94,-9999.00,-9999.00,-9999.00,1.499
70593,2191.42,2027.43,559.34,52.92,1.80,-9999.00,-9999.00,-9999.00,1.503
70594,2144.64,2040.39,568.92,51.71,1.78,-9999.00,-9999.00,-9999.00,1.499
70595,2217.65,2009.28,565.70,50.10,1.65,-9999.00,-9999.00,-9999.00,1.498
70596,2276.52,2023.57,564.17,50.67,1.71,-9999.00,-9999.00,-9999.00,1.499
70597,2291.93,2024.04,564.65,51.10,1.70,-9999.00,-9999.00,-9999.00,1.499
70598,2336.02,2053.32,543.67,49.05,1.71,-9999.00,-9999.00,-9999.00,1.500
70599,2291.53,1993.93,571.54,53.25,1.87,-9999.00,-9999.00,-9999.00,1.503
70600,2512.95,2022.26,481.88,43.70,1.48,-9999.00,-9999.00,-9999.00,1.503
70601,2452.65,2006.71,491.00,45.91,1.57,-9999.00,-9999.00,-9999.00,1.500
70602,2571.56,2081.03,577.99,50.99,1.65,-9999.00,-9999.00,-9999.00,1.499
70603,2451.01,2079.65,505.02,42.93,1.40,-9999.00,-9999.00,-9999.00,1.501
70604,2392.44,2065.53,561.75,49.14,1.60,-9999.00,-9999.00,-9999.00,1.498
70605,2363.49,2021.60,545.50,48.63,1.69,-9999.00,-9999.00,-9999.00,1.499
70606,2376.63,2079.55,517.36,47.25,1.70,-9999.00,-9999.00,-9999.00,1.500
70607,2317.07,2109.13,517.18,49.00,1.71,-9999.00,-9999.00,-9999.00,1.496
70608,2301.30,2108.29,504.39,43.52,1.43,-9999.00,-9999.00,-9999.00,1.499
70609,2347.02,2079.64,502.03,47.14,1.67,-9999.00,-9999.00,-9999.00,1.501
70610,2228.17,2109.33,530.37,47.47,1.54,-9999.00,-9999.00,-9999.00,1.501
70611,2376.83,2079.73,564.11,54.45,2.02,-9999.00,-9999.00,-9999.00,1.501
70612,2346.18,2093.74,530.16,46.67,1.58,-9999.00,-9999.00,-9999.00,1.497
70613,2331.24,2108.51,504.29,44.97,1.50,-9999.00,-9999.00,-9999.00,1.498
70614,2392.60,2095.38,556.14,52.35,1.81,-9999.00,-9999.00,-9999.00,1.498
70615,2630.01,2095.09,514.75,53.18,2.24,-9999.00,-9999.00,-9999.00,1.495
70616,2511.54,2080.57,515.45,46.84,1.66,-9999.00,-9999.00,-9999.00,1.504
70617,2379.51,2096.95,527.27,44.71,1.45,-9999.00,-9999.00,-9999.00,1.498
70618,2320.64,2067.75,511.31,53.80,2.04,-9999.00,-9999.00,-9999.00,1.500
70619,2395.42,2082.97,524.93,49.67,1.71,-9999.00,-9999.00,-9999.00,1.497
70620,2320.84,2097.68,565.82,50.15,1.74,-9999.00,-9999.00,-9999.00,1.496
70621,2334.90,2067.20,566.01,56.72,2.10,-9999.00,-9999.00,-9999.00,1.496
70622,2335.88,2082.95,547.34,50.37,1.75,-9999.00,-9999.00,-9999.00,1.494
70623,2098.70,2113.58,542.43,48.11,1.58,-9999.00,-9999.00,-9999.00,1.498
70624,2233.10,2099.11,556.61,47.87,1.55,-9999.00,-9999.00,-9999.00,1.493
70625,2366.67,2128.51,556.80,50.61,1.71,-9999.00,-9999.00,-9999.00,1.494
70626,2277.53,2128.67,552.78,52.48,1.87,-9999.00,-9999.00,-9999.00,1.494
70627,2188.28,2128.73,533.01,48.34,1.63,-9999.00,-9999.00,-9999.00,1.497
70628,2280.21,2131.18,584.42,58.61,2.16,-9999.00,-9999.00,-9999.00,1.498
70629,2101.64,2101.64,567.61,52.74,1.77,-9999.00,-9999.00,-9999.00,1.495
70630,2263.70,2099.88,545.80,49.43,1.64,-9999.00,-9999.00,-9999.00,1.495
70631,2232.81,2113.73,598.16,58.94,2.26,-9999.00,-9999.00,-9999.00,1.500
70632,2324.28,2100.79,579.04,55.05,1.93,-9999.00,-9999.00,-9999.00,1.499
70633,2267.78,2088.75,564.34,53.83,1.92,-9999.00,-9999.00,-9999.00,1.498
70634,2476.99,2103.95,568.25,55.22,1.95,-9999.00,-9999.00,-9999.00,1.497
70635,2373.12,2119.39,544.91,53.78,1.92,-9999.00,-9999.00,-9999.00,1.497
70636,2327.89,2118.98,557.44,56.58,2.14,-9999.00,-9999.00,-9999.00,1.497
70637,2388.42,2089.87,601.38,61.94,2.28,-9999.00,-9999.00,-9999.00,1.497
70638,2315.83,2106.66,587.82,56.77,2.04,-9999.00,-9999.00,-9999.00,1.499
70639,2359.81,2105.90,588.74,63.27,2.43,-9999.00,-9999.00,-9999.00,1.502
70640,2464.66,2076.29,646.60,67.46,2.55,-9999.00,-9999.00,-9999.00,1.502
70641,2406.19,2122.23,562.78,63.96,2.82,-9999.00,-9999.00,-9999.00,1.500
70642,2420.93,2062.27,566.55,58.69,2.24,-9999.00,-9999.00,-9999.00,1.496
70643,2390.81,2106.90,588.93,58.69,2.15,-9999.00,-9999.00,-9999.00,1.499
70644,2331.27,2077.22,597.61,59.81,2.17,-9999.00,-9999.00,-9999.00,1.501
70645,2257.11,2092.68,565.17,54.18,1.88,-9999.00,-9999.00,-9999.00,1.499
70646,2299.72,2075.72,606.34,56.27,1.92,-9999.00,-9999.00,-9999.00,1.504
70647,2286.37,2077.16,618.41,60.58,2.16,-9999.00,-9999.00,-9999.00,1.502
70648,2316.26,2077.16,574.20,56.71,2.04,-9999.00,-9999.00,-9999.00,1.499
70649,2213.98,2049.43,603.93,64.75,2.49,-9999.00,-9999.00,-9999.00,1.503
70650,2244.72,2050.18,563.77,53.22,1.80,-9999.00,-9999.00,-9999.00,1.501
70651,2334.22,2079.85,534.27,51.86,1.83,-9999.00,-9999.00,-9999.00,1.501
70652,2214.45,2049.87,546.63,52.37,1.82,-9999.00,-9999.00,-9999.00,1.503
70653,2213.48,2034.01,569.37,53.37,1.82,-9999.00,-9999.00,-9999.00,1.502
70654,2199.40,2049.78,574.62,52.14,1.75,-9999.00,-9999.00,-9999.00,1.502
70655,2200.61,2065.88,589.89,53.24,1.80,-9999.00,-9999.00,-9999.00,1.502
70656,2306.46,2081.80,535.41,53.36,1.95,-9999.00,-9999.00,-9999.00,1.502
70657,2143.13,2083.18,551.71,52.11,1.79,-9999.00,-9999.00,-9999.00,1.501
70658,2292.20,2082.45,547.00,55.24,2.06,-9999.00,-9999.00,-9999.00,1.501
70659,2201.00,2051.28,545.81,50.07,1.67,-9999.00,-9999.00,-9999.00,1.501
70660,2289.17,2079.70,563.42,54.41,1.88,-9999.00,-9999.00,-9999.00,1.499
