NASA Intern/Datasets/LARGE/SASA-LARGE-OPTICAL_P3B_20220708_RA.ict
87,1001
Richard Moore, Luke Ziemba, Edward Winstead, Michael Shook, Claire Robinson, John Barrick, Bruce Anderson, and Ali Omar
NASA Langley
In-situ optical aerosol measurements from the NASA P3B
NASA SASA
1,1
2022,07,08,2022,07,8
1.0
Time_Mid,Secs after midnight,Time of acquisition
19
1,1,1,1,1,1,1,1,1,1,1,1,1,1,1,1,1,1,1
-9999,-9999,-9999,-9999,-9999,-9999,-9999,-9999,-9999,-9999,-9999,-9999,-9999,-9999,-9999,-9999,-9999,-9999,-9999
Sc550_total_amb, Mm-1, AerOpt_Scattering_InSitu_Green_RHa_Bulk_STP, scattering coefficient of ambient  particles at 550nm
Sc450_total, Mm-1, AerOpt_Scattering_InSitu_Blue_RHd_Bulk_STP, Dry Scattering at 450nm (Total Aerosols)
Sc550_total, Mm-1, AerOpt_Scattering_InSitu_Green_RHd_Bulk_STP, Dry Scattering at 550nm (Total Aerosols)
Sc700_total, Mm-1, AerOpt_Scattering_InSitu_Red_RHd_Bulk_STP, Dry Scattering at 700nm (Total Aerosols)
Abs470_total, Mm-1, AerOpt_Absorption_InSitu_Blue_RHd_Bulk_STP, Dry absorption at 470nm (Total Aerosols)
Abs532_total, Mm-1, AerOpt_Absorption_InSitu_Green_RHd_Bulk_STP, Dry absorption at 532nm (Total Aerosols)
Abs660_total, Mm-1, AerOpt_Absorption_InSitu_Red_RHd_Bulk_STP, Dry absorption at 660nm (Total Aerosols)
Ext532_total_amb, Mm-1, AerOpt_Extinction_InSitu_Green_RHa_Bulk_STP, extinction coefficient of aerosols at 532nm for AMBIENT relative humidity
Ext532_total_dry, Mm-1, AerOpt_Extinction_InSitu_Green_RHd_Bulk_STP, extinction coefficient of aerosols at 532nm for DRY relative humidity
gamma550, unitless, AerOpt_Gamma_InSitu_Green_None_Bulk_STP, derived hygroscopic growth factor for particles at 550nm
fRH550_RH20to80, unitless, AerOpt_fRHScat_InSitu_Green_RHsp_Bulk_STP, derived hygroscopic growth parameter for particles at 550nm
AEscatAMB_450to700nm,unitless, AerOpt_AngstromExponentScat_InSitu_BluetoRed_RHa_Bulk_STP, derived ambient Angstrom Exponent for scattering coefficient over wavelength range from 450nm to 700nm
AEscatDRY_450to700nm,unitless, AerOpt_AngstromExponentScatInSitu_BluetoRed_RHd_Bulk_STP, derived dry Angstrom Exponent for scattering coefficient over wavelength range from 450nm to 700nm
AEabsDRY_470to660nm,unitless, AerOpt_AngstromExponentAbs_InSitu_BluetoRed_RHd_Bulk_STP, derived dry Angstrom Exponent for absorption coefficient over wavelength range from 450nm to 700nm
SSA_dry_450nm,unitless, AerOpt_SSA_InSitu_Blue_RHd_Bulk_STP, single_scattering_albedo_at_450nm_as_derived_from_dry_scattering_and_absorption
SSA_dry_550nm,unitless, AerOpt_SSA_InSitu_Green_RHd_Bulk_STP, single_scattering_albedo_at_550nm_as_derived_from_dry_scattering_and_absorption
SSA_dry_700nm,unitless, AerOpt_SSA_InSitu_Red_RHd_Bulk_STP, single_scattering_albedo_at_700nm_as_derived_from_dry_scattering_and_absorption
SSA_amb_550nm,unitless, AerOpt_SSA_InSitu_Green_RHa_Bulk_STP, single_scattering_albedo_at_550nm_as_derived_from_ambient_scattering_and_absorption
stdPT,unitless, None, Conversion factor to convert between ambient and standard pressure and temperature conditions
0
54
******************************************************************************************************************
Langley Aerosol data from the 2022 SASA field campaign
 
PI_CONTACT_INFO: richard.h.moore@nasa.gov
PLATFORM: NASA P3B aircraft
LOCATION: Latitude, Longitude, and Altitude included in MetNav files
ASSOCIATED_DATA: N/A
[...]
ANGSTROM EXPONENT AND SSA CALCULATIONS: 
	- The Absorption coefficients were corrected to the wavelengths of the TSI nepholometer using the measured angstrom exponents
	- The scattering and absorption coefficients were smoothed with a 30s running average to compute the SSA and AE
	- Ambient SSA is calculated with ambient scattering and dry absorption
	- SSA is computed only when both scattering and absorption are greater than 1 Mm-1
	- Scattering Angstrom Exponents are computed only when relevant scattering measurements are greater than 1 Mm-1
	- Absorption Angstrom Exponents are computed only when relevant absorption measurements are greater than 2 Mm-1
DATA_INFO: Aerosol measurements are reported at standard temperature and pressure (0 deg C, 1013 mb)
UNCERTAINTY: all data are 5%
ULOD_FLAG: -7777
ULOD_VALUE: N/A
LLOD_FLAG: -8888
LLOD_VALUE: N/A
DM_CONTACT_INFO: Michael Shook (michael.shook@nasa.gov)
PROJECT_INFO: SASA 2022
STIPULATIONS_ON_USE: This is FIELD data. Please consult the PI and/or DM prior to use.
OTHER_COMMENTS: Ambient calculations currently use RH data from field Hsking files. Once available, calculations will be updated with final MetNav data.
REVISION: RA
RA: None
******************************************************************************************************************
Time_Mid,Sc550_total_amb,Sc450_total,Sc550_total,Sc700_total,Abs470_total,Abs532_total,Abs660_total,Ext532_total_amb,Ext532_total_dry,gamma550,fRH550_RH20to80,AEscatAMB_450to700nm,AEscatDRY_450to700nm,AEabsDRY_470to660nm,SSA_dry_450nm,SSA_dry_550nm,SSA_dry_700nm,SSA_amb_550nm,stdPT
[from data line 272]
54237,30.47,46.16,26.59,13.47,0.59,1.42,0.27,34.57,30.41,0.32,1.57,2.79,2.93,-9999,-9999,-9999,-9999,-9999,1.324
54238,30.82,44.87,27.02,11.85,2.11,1.41,0.57,34.93,30.87,0.28,1.48,2.79,2.93,-9999,-9999,-9999,-9999,-9999,1.321
54239,33.11,51.37,29.37,14.21,1.41,0.09,0.90,36.10,32.12,0.27,1.45,2.78,2.92,-9999,-9999,-9999,-9999,-9999,1.321
54240,33.79,43.86,30.60,13.07,1.03,1.20,2.84,37.95,34.55,0.23,1.37,2.78,2.92,-9999,-9999,-9999,-9999,-9999,1.323
54241,36.98,51.30,33.93,15.89,1.24,1.27,3.02,41.48,38.25,0.20,1.32,2.78,2.92,-9999,-9999,-9999,-9999,-9999,1.322
54242,31.25,43.34,27.52,12.55,1.09,0.07,-0.03,34.03,30.04,0.29,1.50,2.77,2.91,-9999,-9999,-9999,-9999,-9999,1.322
54243,33.59,50.45,29.88,13.89,-0.60,0.35,-1.58,36.88,32.93,0.27,1.45,2.79,2.93,-9999,-9999,-9999,-9999,-9999,1.321
54244,29.70,47.70,27.02,12.23,-0.91,-0.40,0.30,31.92,29.08,0.22,1.35,2.80,2.94,-9999,-9999,-9999,-9999,-9999,1.322
54245,33.49,52.20,31.00,13.74,0.14,-0.55,0.06,35.90,33.28,0.18,1.28,2.81,2.96,-9999,-9999,-9999,-9999,-9999,1.320
54246,32.14,51.72,29.76,14.29,0.21,0.35,-1.19,35.33,32.83,0.16,1.26,2.81,2.96,-9999,-9999,-9999,-9999,-9999,1.317
54247,33.40,50.07,30.35,11.51,-0.02,-0.34,-0.92,36.04,32.82,0.21,1.34,2.82,2.98,-9999,-9999,-9999,-9999,-9999,1.318
54248,31.47,48.09,27.72,11.72,0.63,-0.28,-0.21,34.01,30.01,0.30,1.52,2.81,2.97,-9999,-9999,-9999,-9999,-9999,1.323
54249,30.73,45.30,27.20,11.11,2.24,1.60,2.50,35.05,31.30,0.31,1.53,2.80,2.96,-9999,-9999,-9999,-9999,-9999,1.324
54250,27.81,46.30,24.52,12.22,2.12,2.86,1.81,33.12,29.62,0.31,1.53,2.80,2.95,-9999,-9999,-9999,-9999,-9999,1.323
54251,28.51,45.53,24.48,11.61,1.09,1.39,-0.79,32.40,28.09,0.37,1.68,2.81,2.96,-9999,-9999,-9999,-9999,-9999,1.323
54252,28.24,45.52,24.74,13.19,1.16,-0.08,1.40,30.62,26.89,0.33,1.58,2.81,2.97,-9999,0.978,-9999.000,-9999.000,-9999.000,1.324
54253,32.33,47.23,28.60,15.45,-0.40,0.38,2.06,35.51,31.54,0.31,1.54,2.83,2.98,-9999,0.976,-9999.000,-9999.000,-9999.000,1.324
54254,31.87,47.15,28.12,13.37,-1.10,0.79,-1.04,35.41,31.42,0.31,1.54,2.83,2.99,-9999,0.978,-9999.000,-9999.000,-9999.000,1.323
54255,30.56,43.42,26.72,12.10,1.02,0.88,-0.81,34.07,29.97,0.33,1.58,2.85,3.01,-9999,-9999,-9999,-9999,-9999,1.322
54256,28.67,45.58,23.99,10.05,2.42,1.06,1.28,32.20,27.18,0.42,1.78,2.86,3.02,-9999,-9999,-9999,-9999,-9999,1.321
54257,31.30,40.99,26.74,11.47,1.78,0.48,1.24,34.51,29.63,0.37,1.67,2.88,3.05,-9999,-9999,-9999,-9999,-9999,1.320
54258,26.15,44.67,22.53,9.67,1.02,0.62,0.77,29.06,25.19,0.41,1.77,2.88,3.06,-9999,-9999,-9999,-9999,-9999,1.327
54259,28.91,39.77,24.78,11.31,1.79,0.93,1.12,32.36,27.94,0.39,1.72,2.88,3.06,-9999,-9999,-9999,-9999,-9999,1.323
54260,27.24,42.98,22.53,7.95,1.56,0.96,2.40,30.58,25.52,0.42,1.78,2.87,3.05,-9999,0.977,-9999.000,-9999.000,-9999.000,1.319
54261,28.91,43.29,24.60,11.57,1.63,1.79,-0.20,33.22,28.61,0.40,1.74,2.88,3.06,-9999,0.976,-9999.000,-9999.000,-9999.000,1.322
54262,26.47,41.57,22.73,8.93,1.31,1.49,-1.63,30.25,26.26,0.40,1.75,2.89,3.08,-9999,0.975,-9999.000,-9999.000,-9999.000,1.326
54263,31.33,44.40,27.66,13.93,0.08,0.27,1.77,34.33,30.41,0.32,1.55,2.88,3.07,-9999,0.975,-9999.000,-9999.000,-9999.000,1.323
54264,31.06,43.22,27.73,13.73,0.46,0.07,2.10,33.82,30.28,0.28,1.47,2.87,3.06,-9999,0.975,-9999.000,-9999.000,-9999.000,1.322
54265,31.39,43.21,27.72,13.68,0.75,0.07,-0.39,34.20,30.29,0.30,1.51,2.87,3.06,-9999,-9999,-9999,-9999,-9999,1.322
54266,30.05,38.69,26.48,10.08,0.98,1.69,2.07,34.35,30.53,0.30,1.51,2.87,3.05,-9999,-9999,-9999,-9999,-9999,1.323
54267,30.29,40.50,26.29,9.99,3.20,2.42,4.25,35.34,31.07,0.31,1.54,2.87,3.06,-9999,0.976,-9999.000,-9999.000,-9999.000,1.319
54268,30.27,42.24,26.75,9.99,3.16,1.61,1.94,34.50,30.76,0.31,1.53,2.89,3.08,-9999,-9999,-9999,-9999,-9999,1.323
54269,30.87,43.95,27.21,9.99,0.10,0.93,-0.36,34.48,30.58,0.31,1.53,2.90,3.10,-9999,-9999,-9999,-9999,-9999,1.324
54270,28.55,36.94,24.62,8.16,0.10,0.25,0.94,31.29,27.09,0.36,1.65,2.90,3.09,-9999,-9999,-9999,-9999,-9999,1.323
54271,28.39,37.07,24.75,8.77,1.43,0.59,2.37,31.46,27.57,0.31,1.55,2.90,3.09,-9999,-9999,-9999,-9999,-9999,1.322
54272,27.86,43.35,23.99,9.41,1.14,1.46,0.25,31.74,27.59,0.34,1.59,2.87,3.05,-9999,-9999,-9999,-9999,-9999,1.321
54273,28.21,40.89,24.23,10.47,0.14,2.07,-0.24,32.73,28.46,0.36,1.64,2.88,3.07,-9999,-9999,-9999,-9999,-9999,1.323
54274,27.83,37.17,23.76,10.64,-0.62,1.02,1.66,31.24,26.86,0.37,1.67,2.88,3.07,-9999,-9999,-9999,-9999,-9999,1.322
54275,27.33,40.24,22.54,11.44,0.49,0.24,2.17,29.91,24.74,0.41,1.76,2.89,3.08,-9999,-9999,-9999,-9999,-9999,1.319
54276,26.54,38.68,22.71,8.06,1.52,0.62,0.42,29.41,25.29,0.38,1.69,2.86,3.05,-9999,-9999,-9999,-9999,-9999,1.324
54277,26.88,38.69,22.73,8.07,1.10,0.62,-0.43,29.77,25.29,0.40,1.73,2.86,3.04,-9999,-9999,-9999,-9999,-9999,1.324
54278,24.45,34.26,20.36,9.09,0.34,0.89,1.38,27.38,22.97,0.44,1.85,2.85,3.03,-9999,-9999,-9999,-9999,-9999,1.324
54279,24.38,32.30,20.64,9.74,-0.04,0.89,2.35,27.31,23.27,0.40,1.73,2.87,3.06,-9999,-9999,-9999,-9999,-9999,1.324
54280,23.17,37.13,18.61,9.32,-0.17,0.19,-0.13,25.29,20.36,0.45,1.87,2.89,3.08,-9999,-9999,-9999,-9999,-9999,1.318
54281,24.15,34.10,20.33,9.62,1.25,0.02,-1.26,26.18,22.06,0.40,1.75,2.89,3.09,-9999,-9999,-9999,-9999,-9999,1.324
54282,22.55,37.19,18.61,8.55,2.29,1.92,2.05,26.36,22.10,0.45,1.85,2.88,3.09,-9999,-9999,-9999,-9999,-9999,1.322
54283,25.52,38.95,21.83,9.02,0.17,1.38,1.90,29.04,25.08,0.35,1.62,2.88,3.08,-9999,-9999,-9999,-9999,-9999,1.322
54284,24.57,34.54,20.32,8.60,-1.35,-0.18,0.27,26.47,21.88,0.41,1.75,2.86,3.07,-9999,-9999,-9999,-9999,-9999,1.319
54285,25.09,38.48,21.46,12.30,0.17,1.07,0.64,28.28,24.37,0.38,1.70,2.84,3.05,-9999,-9999,-9999,-9999,-9999,1.324
54286,24.98,35.20,21.58,10.27,0.75,0.33,-0.36,27.43,23.77,0.33,1.59,2.83,3.04,-9999,-9999,-9999,-9999,-9999,1.321
54287,24.11,34.43,21.45,12.41,0.55,-0.79,-1.59,25.37,22.52,0.28,1.48,2.83,3.04,-9999,-9999,-9999,-9999,-9999,1.324
54288,24.78,34.15,22.15,7.23,1.70,-0.23,-0.73,26.66,23.85,0.26,1.43,2.84,3.05,-9999,-9999,-9999,-9999,-9999,1.321
54289,24.60,34.18,22.06,6.69,0.64,0.30,0.85,27.01,24.29,0.26,1.43,2.85,3.06,-9999,-9999,-9999,-9999,-9999,1.322
54290,22.51,25.90,19.68,6.97,0.10,1.37,0.91,25.81,22.79,0.32,1.57,2.87,3.08,-9999,-9999,-9999,-9999,-9999,1.323
54291,18.53,24.04,15.04,7.29,1.45,0.87,0.77,20.98,17.23,0.50,2.00,2.88,3.10,-9999,-9999,-9999,-9999,-9999,1.323
54292,18.15,23.91,14.99,7.33,1.45,-0.32,0.71,19.35,15.96,0.46,1.89,2.87,3.08,-9999,-9999,-9999,-9999,-9999,1.322
54293,19.55,28.99,17.17,7.18,0.65,-0.25,-0.14,20.92,18.38,0.33,1.58,2.85,3.06,-9999,-9999,-9999,-9999,-9999,1.326
54294,19.72,25.81,17.46,5.77,0.58,0.41,0.62,21.76,19.35,0.32,1.56,2.85,3.06,-9999,-9999,-9999,-9999,-9999,1.326
54295,22.28,29.21,20.30,7.54,1.23,1.02,1.55,25.14,23.05,0.23,1.37,2.84,3.05,-9999,-9999,-9999,-9999,-9999,1.324
54296,22.88,29.53,20.55,8.70,1.22,1.35,-0.38,26.10,23.63,0.27,1.45,2.84,3.04,-9999,-9999,-9999,-9999,-9999,1.323
54297,23.09,33.13,21.04,8.77,0.23,0.74,-2.14,25.71,23.53,0.21,1.34,2.85,3.05,-9999,-9999,-9999,-9999,-9999,1.321
54298,22.54,34.37,19.98,9.06,1.74,0.03,-0.07,24.37,21.64,0.31,1.53,2.84,3.04,-9999,-9999,-9999,-9999,-9999,1.324
54299,22.52,34.36,19.99,9.06,2.09,0.63,2.17,24.93,22.22,0.26,1.44,2.83,3.03,-9999,-9999,-9999,-9999,-9999,1.320
54300,23.45,33.30,20.72,9.86,-0.27,0.82,1.49,26.12,23.21,0.32,1.55,2.84,3.03,-9999,-9999,-9999,-9999,-9999,1.324
54301,22.60,33.50,20.38,8.28,-0.63,0.55,-0.89,24.93,22.57,0.26,1.43,2.86,3.06,-9999,-9999,-9999,-9999,-9999,1.324
54302,22.91,34.39,20.26,8.05,0.97,1.48,-0.30,26.20,23.38,0.31,1.53,2.86,3.10,-9999,0.966,-9999.000,-9999.000,-9999.000,1.323
54303,18.88,30.43,16.31,5.57,2.30,1.77,3.72,22.14,19.40,0.39,1.72,2.89,3.15,-9999,0.966,-9999.000,-9999.000,-9999.000,1.327
54304,18.81,30.08,16.41,6.04,1.60,0.56,2.85,20.88,18.33,0.37,1.66,2.88,3.17,-9999,-9999,-9999,-9999,-9999,1.327
54305,19.54,30.29,16.40,6.14,1.39,0.50,-0.44,21.61,18.27,0.42,1.78,2.86,3.15,-9999,-9999,-9999,-9999,-9999,1.323
54306,20.58,24.99,17.82,5.70,2.30,1.20,-0.17,23.48,20.56,0.35,1.61,2.87,3.16,-9999,-9999,-9999,-9999,-9999,1.323
54307,21.08,27.35,18.86,7.12,0.70,0.92,0.12,23.75,21.41,0.26,1.43,2.89,3.18,-9999,-9999,-9999,-9999,-9999,1.322
54308,21.76,25.34,19.17,7.64,-0.24,0.59,1.22,24.14,21.41,0.32,1.56,2.88,3.18,-9999,-9999,-9999,-9999,-9999,1.324
54309,21.12,29.71,17.85,7.65,1.62,0.61,2.47,23.45,19.97,0.39,1.71,2.87,3.17,-9999,-9999,-9999,-9999,-9999,1.323
54310,21.00,28.57,17.53,9.71,1.15,0.02,0.58,22.73,19.03,0.42,1.80,2.87,3.17,-9999,-9999,-9999,-9999,-9999,1.323
54311,18.52,25.82,15.44,7.95,0.07,0.33,-1.07,20.36,17.08,0.42,1.79,2.88,3.18,-9999,-9999,-9999,-9999,-9999,1.324
54312,21.48,28.64,18.70,6.76,0.95,2.19,0.33,25.43,22.49,0.34,1.60,2.88,3.18,-9999,-9999,-9999,-9999,-9999,1.324
54313,20.71,26.59,18.18,6.86,1.70,2.40,2.82,24.82,22.15,0.28,1.47,2.89,3.19,-9999,-9999,-9999,-9999,-9999,1.320
54314,21.36,28.50,18.70,7.53,1.38,1.19,3.40,24.30,21.49,0.30,1.51,2.89,3.18,-9999,-9999,-9999,-9999,-9999,1.321
54315,18.57,29.59,16.14,6.59,-0.64,0.97,1.58,21.06,18.49,0.31,1.54,2.91,3.20,-9999,-9999,-9999,-9999,-9999,1.323
54316,20.35,29.63,17.59,7.75,0.28,1.35,0.50,23.37,20.45,0.34,1.59,2.92,3.22,-9999,-9999,-9999,-9999,-9999,1.322
54317,18.69,29.52,16.05,3.99,2.25,0.97,0.41,21.21,18.40,0.34,1.61,2.92,3.21,-9999,-9999,-9999,-9999,-9999,1.322
54318,19.98,29.34,17.02,6.39,0.85,-0.18,-0.58,21.45,18.30,0.35,1.62,2.89,3.16,-9999,-9999,-9999,-9999,-9999,1.319
54319,18.32,31.09,15.63,4.66,0.30,-0.08,-0.79,19.73,16.86,0.37,1.68,2.85,3.12,-9999,-9999,-9999,-9999,-9999,1.322
54320,19.73,30.55,17.36,7.55,0.40,0.02,-0.09,21.34,18.83,0.30,1.51,2.84,3.11,-9999,-9999,-9999,-9999,-9999,1.321
54321,17.99,33.20,15.76,7.37,-0.80,-0.62,1.16,18.83,16.46,0.31,1.54,2.83,3.10,-9999,-9999,-9999,-9999,-9999,1.322
54322,20.66,31.22,18.69,7.04,0.05,-0.42,-0.40,21.92,19.85,0.24,1.40,2.83,3.10,-9999,-9999,-9999,-9999,-9999,1.323
54323,20.86,28.97,19.34,9.32,1.15,1.18,-1.31,23.74,22.16,0.18,1.28,2.83,3.08,-9999,-9999,-9999,-9999,-9999,1.324
54324,24.88,31.83,23.60,8.42,0.49,0.95,1.33,27.89,26.58,0.13,1.20,2.82,3.07,-9999,-9999,-9999,-9999,-9999,1.323
54325,22.53,29.63,20.92,6.82,0.94,-0.13,0.85,24.26,22.59,0.18,1.29,2.80,3.05,-9999,-9999,-9999,-9999,-9999,1.324
54326,24.29,34.24,22.71,7.65,1.34,0.23,0.30,26.54,24.91,0.16,1.25,2.80,3.05,-9999,-9999,-9999,-9999,-9999,1.324
54327,22.60,33.78,20.50,9.34,1.41,0.75,1.24,25.24,23.03,0.21,1.33,2.79,3.04,-9999,-9999,-9999,-9999,-9999,1.320
54328,23.00,33.76,20.38,8.65,2.32,2.42,1.85,27.36,24.59,0.31,1.53,2.78,3.03,-9999,-9999,-9999,-9999,-9999,1.326
54329,23.85,36.09,21.48,9.74,1.99,3.00,2.67,28.88,26.39,0.22,1.36,2.77,3.01,-9999,-9999,-9999,-9999,-9999,1.320
54330,22.77,33.72,20.07,7.12,0.35,0.42,1.50,25.13,22.27,0.29,1.49,2.76,3.00,-9999,-9999,-9999,-9999,-9999,1.321
54331,21.76,33.89,19.39,7.93,0.20,-0.36,0.23,23.25,20.75,0.25,1.42,2.74,2.99,-9999,-9999,-9999,-9999,-9999,1.321
54332,23.01,33.87,19.74,9.77,0.34,0.70,1.43,25.67,22.20,0.32,1.55,2.76,3.01,-9999,-9999,-9999,-9999,-9999,1.318
54333,23.01,32.94,20.23,12.55,0.22,1.30,1.42,26.27,23.34,0.28,1.47,2.79,3.00,-9999,-9999,-9999,-9999,-9999,1.321
54334,25.21,33.64,23.18,10.60,1.57,1.43,0.61,28.82,26.70,0.19,1.30,2.78,2.99,-9999,-9999,-9999,-9999,-9999,1.321
54335,24.70,38.05,22.24,9.09,1.39,1.24,1.18,28.07,25.48,0.22,1.36,2.79,2.97,-9999,-9999,-9999,-9999,-9999,1.320
54336,24.84,37.88,22.41,9.19,-0.15,0.77,0.85,27.75,25.19,0.22,1.36,2.80,2.97,-9999,-9999,-9999,-9999,-9999,1.319
54337,26.30,38.52,24.34,9.73,0.27,0.27,-0.48,28.79,26.73,0.16,1.24,2.79,2.95,-9999,-9999,-9999,-9999,-9999,1.318
54338,25.48,35.99,22.72,10.61,1.23,-0.09,-0.30,27.56,24.63,0.25,1.42,2.79,2.93,-9999,-9999,-9999,-9999,-9999,1.321
54339,24.34,36.82,21.36,11.71,1.76,-0.06,2.03,26.37,23.21,0.30,1.52,2.80,2.95,-9999,-9999,-9999,-9999,-9999,1.323
54340,25.48,37.29,22.69,11.81,2.04,1.11,2.29,28.81,25.85,0.27,1.44,2.80,2.94,-9999,-9999,-9999,-9999,-9999,1.322
54341,25.88,43.83,23.71,13.78,0.70,1.69,-0.91,29.84,27.58,0.19,1.30,2.80,2.95,-9999,-9999,-9999,-9999,-9999,1.321
54342,27.86,41.93,25.09,13.38,-0.37,0.59,-2.20,30.92,28.02,0.23,1.37,2.79,2.93,-9999,-9999,-9999,-9999,-9999,1.320
54343,24.99,40.34,22.16,11.35,-0.57,-0.09,-0.85,27.12,24.15,0.27,1.46,2.80,2.95,-9999,-9999,-9999,-9999,-9999,1.322
54344,25.18,38.29,22.39,11.82,-0.66,0.05,0.71,27.46,24.52,0.27,1.46,2.80,2.96,-9999,-9999,-9999,-9999,-9999,1.322
54345,26.00,36.55,23.33,11.23,-0.12,0.10,1.25,28.39,25.59,0.24,1.39,2.81,2.97,-9999,-9999,-9999,-9999,-9999,1.321
54346,25.79,40.53,22.92,10.94,1.05,0.70,0.80,28.75,25.73,0.25,1.42,2.80,2.96,-9999,-9999,-9999,-9999,-9999,1.319
54347,24.63,38.68,21.65,7.95,0.95,1.45,0.10,28.24,25.09,0.29,1.50,2.80,2.95,-9999,-9999,-9999,-9999,-9999,1.322
54348,24.77,38.68,21.67,7.40,0.25,1.25,0.70,28.19,24.90,0.29,1.49,2.80,2.96,-9999,-9999,-9999,-9999,-9999,1.319
54349,23.81,40.47,19.99,10.63,1.73,0.69,2.59,26.60,22.53,0.38,1.69,2.82,2.99,-9999,-9999,-9999,-9999,-9999,1.321
54350,24.95,41.23,22.34,10.67,1.10,0.04,2.32,27.19,24.46,0.25,1.41,2.83,3.00,-9999,-9999,-9999,-9999,-9999,1.321
54351,25.96,37.40,22.88,9.44,-0.98,-0.44,-0.54,27.81,24.57,0.30,1.52,2.84,3.00,-9999,-9999,-9999,-9999,-9999,1.324
54352,28.69,38.61,26.96,10.91,0.64,-0.12,-1.56,31.09,29.34,0.14,1.21,2.83,2.99,-9999,-9999,-9999,-9999,-9999,1.321
54353,26.64,42.12,23.09,12.12,2.14,0.96,0.25,29.95,26.19,0.32,1.55,2.83,2.98,-9999,-9999,-9999,-9999,-9999,1.321
54354,25.57,42.35,22.90,10.99,0.87,1.36,0.99,29.18,26.39,0.27,1.45,2.83,2.99,-9999,-9999,-9999,-9999,-9999,1.324
54355,26.91,42.68,23.87,12.48,0.37,0.74,0.37,30.03,26.84,0.27,1.46,2.85,3.02,-9999,-9999,-9999,-9999,-9999,1.323
54356,25.65,42.34,22.35,8.66,0.16,0.83,-0.25,28.76,25.28,0.33,1.58,2.87,3.04,-9999,-9999,-9999,-9999,-9999,1.324
54357,27.19,40.66,23.91,11.92,0.07,1.48,0.77,31.10,27.64,0.27,1.45,2.88,3.09,-9999,-9999,-9999,-9999,-9999,1.320
54358,26.01,43.34,22.60,9.32,1.41,1.29,2.68,29.65,26.05,0.30,1.51,2.90,3.12,-9999,-9999,-9999,-9999,-9999,1.319
54359,26.45,34.67,23.35,8.25,2.67,0.75,2.19,29.58,26.33,0.29,1.50,2.90,3.13,-9999,-9999,-9999,-9999,-9999,1.324
54360,26.55,35.93,23.31,8.45,1.94,0.48,0.67,29.43,26.03,0.29,1.50,2.91,3.14,-9999,-9999,-9999,-9999,-9999,1.321
54361,28.44,40.09,25.48,10.42,0.24,1.24,0.22,32.27,29.18,0.25,1.41,2.92,3.16,-9999,-9999,-9999,-9999,-9999,1.322
54362,27.23,40.41,24.09,10.64,0.50,1.54,0.81,31.25,27.97,0.29,1.49,2.93,3.16,-9999,-9999,-9999,-9999,-9999,1.323
54363,27.13,39.82,24.03,10.25,1.22,0.07,1.01,29.67,26.42,0.30,1.51,2.92,3.15,-9999,-9999,-9999,-9999,-9999,1.326
54364,23.93,37.14,20.45,9.36,0.13,-0.05,0.19,26.04,22.36,0.37,1.67,2.89,3.12,-9999,-9999,-9999,-9999,-9999,1.323
54365,27.48,38.12,24.06,9.81,-0.29,0.60,-0.29,30.56,26.96,0.32,1.56,2.90,3.13,-9999,-9999,-9999,-9999,-9999,1.324
54366,23.95,35.05,20.22,8.39,1.31,0.15,-0.83,26.25,22.29,0.37,1.66,2.92,3.14,-9999,-9999,-9999,-9999,-9999,1.319
54367,25.79,32.42,21.74,9.39,1.80,-0.41,-0.08,27.70,23.41,0.39,1.73,2.93,3.16,-9999,-9999,-9999,-9999,-9999,1.323
54368,22.02,29.77,18.40,8.77,0.15,0.53,1.98,24.56,20.73,0.42,1.79,2.95,3.19,-9999,0.972,-9999.000,-9999.000,-9999.000,1.323
54369,25.06,34.55,20.83,8.96,0.26,1.48,1.44,28.82,24.33,0.42,1.80,2.98,3.22,-9999,-9999,-9999,-9999,-9999,1.322
54370,19.93,29.06,16.47,5.69,1.27,1.23,0.36,22.98,19.30,0.48,1.96,3.00,3.25,-9999,-9999,-9999,-9999,-9999,1.326
54371,21.98,36.41,17.62,7.50,0.54,0.54,-1.13,24.53,19.87,0.50,2.01,3.00,3.29,-9999,-9999,-9999,-9999,-9999,1.323
54372,20.40,33.27,16.48,4.88,1.38,0.56,-0.79,22.84,18.64,0.48,1.95,3.00,3.28,-9999,-9999,-9999,-9999,-9999,1.322
54373,22.96,37.67,18.68,8.49,1.65,1.05,3.11,26.14,21.56,0.47,1.92,3.03,3.31,-9999,-9999,-9999,-9999,-9999,1.323
54374,18.99,27.34,15.27,7.15,0.88,1.33,3.22,22.08,18.10,0.52,2.06,3.02,3.29,-9999,-9999,-9999,-9999,-9999,1.324
54375,20.94,33.44,17.30,8.98,0.96,1.02,-0.26,23.93,20.04,0.45,1.86,3.02,3.30,-9999,-9999,-9999,-9999,-9999,1.324
