NASA Intern/Datasets/LARGE/SASA-LARGE-UHSAS_P3B_20220712_RA_L1.ict
70, 1001
Richard Moore, Luke Ziemba, Edward Winstead, Michael Shook, Claire Robinson, John Barrick, Bruce Anderson, and Ali Omar
NASA Langley
In-situ Submicron  Particle Size Distributions from the DMT UHSAS on the NASA P3B
NASA SASA
1,1
2022,07,12,2022,07,13
1.0
Start_UTC,Secs after midnight,Time of acquisition
29
1,1,1,1,1,1,1,1,1,1,1,1,1,1,1,1,1,1,1,1,1,1,1,1,1,1,1,1,1
-9999,-9999,-9999,-9999,-9999,-9999,-9999,-9999,-9999,-9999,-9999,-9999,-9999,-9999,-9999,-9999,-9999,-9999,-9999,-9999,-9999,-9999,-9999,-9999,-9999,-9999,-9999,-9999,-9999
nUHSAS_PSL, #/cm3, integrated UHSAS Dry Aerosol Number Concentration (PSL optical diameter)
sUHSAS_PSL, um2/cm3, integrated UHSAS Dry Aerosol Surface Area Concentration (PSL optical diameter)
vUHSAS_PSL, um3/cm3, integrated UHSAS Dry Aerosol Volume Concentration (PSL optical diameter)
UHSAS_Bin01, #/cm3, Binned UHSAS Dry Aerosol Number Size Distribution (dNdlogD, PSL optical diameter) at bin center 63 nm
UHSAS_Bin02, #/cm3, Binned UHSAS Dry Aerosol Number Size Distribution (dNdlogD, PSL optical diameter) at bin center 71 nm
UHSAS_Bin03, #/cm3, Binned UHSAS Dry Aerosol Number Size Distribution (dNdlogD, PSL optical diameter) at bin center 79 nm
UHSAS_Bin04, #/cm3, Binned UHSAS Dry Aerosol Number Size Distribution (dNdlogD, PSL optical diameter) at bin center 89 nm
UHSAS_Bin05, #/cm3, Binned UHSAS Dry Aerosol Number Size Distribution (dNdlogD, PSL optical diameter) at bin center 100 nm
UHSAS_Bin06, #/cm3, Binned UHSAS Dry Aerosol Number Size Distribution (dNdlogD, PSL optical diameter) at bin center 112 nm
UHSAS_Bin07, #/cm3, Binned UHSAS Dry Aerosol Number Size Distribution (dNdlogD, PSL optical diameter) at bin center 126 nm
UHSAS_Bin08, #/cm3, Binned UHSAS Dry Aerosol Number Size Distribution (dNdlogD, PSL optical diameter) at bin center 141 nm
UHSAS_Bin09, #/cm3, Binned UHSAS Dry Aerosol Number Size Distribution (dNdlogD, PSL optical diameter) at bin center 158 nm
UHSAS_Bin10, #/cm3, Binned UHSAS Dry Aerosol Number Size Distribution (dNdlogD, PSL optical diameter) at bin center 178 nm
UHSAS_Bin11, #/cm3, Binned UHSAS Dry Aerosol Number Size Distribution (dNdlogD, PSL optical diameter) at bin center 200 nm
UHSAS_Bin12, #/cm3, Binned UHSAS Dry Aerosol Number Size Distribution (dNdlogD, PSL optical diameter) at bin center 224 nm
UHSAS_Bin13, #/cm3, Binned UHSAS Dry Aerosol Number Size Distribution (dNdlogD, PSL optical diameter) at bin center 251 nm
UHSAS_Bin14, #/cm3, Binned UHSAS Dry Aerosol Number Size Distribution (dNdlogD, PSL optical diameter) at bin center 282 nm
UHSAS_Bin15, #/cm3, Binned UHSAS Dry Aerosol Number Size Distribution (dNdlogD, PSL optical diameter) at bin center 316 nm
UHSAS_Bin16, #/cm3, Binned UHSAS Dry Aerosol Number Size Distribution (dNdlogD, PSL optical diameter) at bin center 355 nm
UHSAS_Bin17, #/cm3, Binned UHSAS Dry Aerosol Number Size Distribution (dNdlogD, PSL optical diameter) at bin center 398 nm
UHSAS_Bin18, #/cm3, Binned UHSAS Dry Aerosol Number Size Distribution (dNdlogD, PSL optical diameter) at bin center 447 nm
UHSAS_Bin19, #/cm3, Binned UHSAS Dry Aerosol Number Size Distribution (dNdlogD, PSL optical diameter) at bin center 501 nm
UHSAS_Bin20, #/cm3, Binned UHSAS Dry Aerosol Number Size Distribution (dNdlogD, PSL optical diameter) at bin center 562 nm
[...]
INSTRUMENT_INFO: Size Distribution Data From the DMT Ultra-High Sensitivity Aerosol Spectrometer (UHSAS)
DATA_INFO: UHSAS measurements are reported at standard temperature and pressure (0 deg C, 1013 mb)
  - Flagged data are due to missing data or instrument issues
  - Concentrations can be converted back to ambient conditions by dividing by the stdPT conversion factor
  - Integrated surface areas and volumes are calculated by assuming spherical particles
UNCERTAINTY: all data are 20%
ULOD_FLAG: -7777
ULOD_VALUE: N/A
LLOD_FLAG: -8888
LLOD_VALUE: N/A
DM_CONTACT_INFO: Michael Shook (michael.shook@nasa.gov)
PROJECT_INFO: SASA 2022
STIPULATIONS_ON_USE: STIPULATIONS_ON_USE: This is FIELD data. Please consult the PI and/or DM prior to use.
OTHER_COMMENTS: Data are processed with respect to mid-point polystyrene-latex-equivalent optical diameters and are rebinned to a 20 channels per decade standard binning scheme (dlogD = 0.05)
OTHER_COMMENTS: Mid-point diameters (in nm) are:
        63.1, 70.8, 79.4, 89.1, 100.0, 112.2, 125.9, 141.3, 158.5, 177.8, 199.5, 223.9, 251.2, 281.8, 316.2, 354.8, 398.1, 446.7, 501.2, 562.3, 631.0, 707.9, 794.3, 891.3, 1000.0
REVISION: RA
RA: None
*******************************************************************************************************************************
Start_UTC,nUHSAS_PSL,sUHSAS_PSL,vUHSAS_PSL,UHSAS_Bin01,UHSAS_Bin02,UHSAS_Bin03,UHSAS_Bin04,UHSAS_Bin05,UHSAS_Bin06,UHSAS_Bin07,UHSAS_Bin08,UHSAS_Bin09,UHSAS_Bin10,UHSAS_Bin11,UHSAS_Bin12,UHSAS_Bin13,UHSAS_Bin14,UHSAS_Bin15,UHSAS_Bin16,UHSAS_Bin17,UHSAS_Bin18,UHSAS_Bin19,UHSAS_Bin20,UHSAS_Bin21,UHSAS_Bin22,UHSAS_Bin23,UHSAS_Bin24,UHSAS_Bin25,stdPT
[from data line 11828]
61168,650.90,32.37,0.91,48.59,1263.42,2356.76,1676.46,1773.64,1725.05,1020.45,1190.53,437.34,461.63,291.56,364.45,97.19,213.81,24.30,48.59,0.00,24.30,0.00,0.00,0.00,0.00,0.00,0.00,0.00,1.483
61169,684.17,34.42,0.89,48.75,1194.31,1876.77,1998.64,1462.42,1852.40,1438.05,1145.56,950.57,633.72,438.73,292.48,170.62,155.99,24.37,0.00,0.00,0.00,0.00,0.00,0.00,0.00,0.00,0.00,0.00,1.479
61170,676.36,34.02,0.91,24.29,850.00,2088.58,1845.72,2015.72,1772.86,1141.43,1408.58,728.57,704.29,388.57,242.86,121.43,97.14,72.86,0.00,0.00,24.29,0.00,0.00,0.00,0.00,0.00,0.00,0.00,1.480
61171,630.13,34.98,1.24,48.56,1165.56,1869.75,1869.75,1966.88,1286.97,1165.56,898.45,655.63,582.78,315.67,242.82,169.98,194.26,97.13,24.28,24.28,0.00,0.00,0.00,0.00,0.00,24.28,0.00,0.00,1.480
61172,641.12,30.32,0.80,24.34,1095.30,2166.27,2020.23,1533.43,1436.07,1411.73,1217.01,705.86,535.48,194.72,243.40,73.02,116.83,0.00,24.34,0.00,0.00,24.34,0.00,0.00,0.00,0.00,0.00,0.00,1.479
61173,637.28,31.15,0.87,72.94,1094.15,2042.41,1847.89,1507.49,1847.89,1288.66,1094.15,607.86,510.60,291.77,267.46,97.26,77.81,48.63,24.31,0.00,0.00,0.00,24.31,0.00,0.00,0.00,0.00,0.00,1.480
61174,675.22,44.91,2.65,194.45,1045.16,1798.65,2114.63,2066.02,1434.06,1506.98,947.94,802.10,437.51,388.90,243.06,170.14,136.11,72.92,48.61,0.00,0.00,0.00,0.00,24.31,0.00,24.31,0.00,48.61,1.474
61175,657.40,33.97,0.97,48.59,1506.23,2307.93,1676.29,1943.52,1311.88,1044.64,874.59,558.76,534.47,437.29,413.00,121.47,174.92,170.06,24.29,0.00,0.00,0.00,0.00,0.00,0.00,0.00,0.00,0.00,1.476
61176,636.72,32.61,0.96,48.48,1211.88,1987.48,1890.53,1793.58,1308.83,1139.16,1139.16,751.36,412.04,412.04,266.61,193.90,58.17,24.24,48.48,24.24,0.00,0.00,24.24,0.00,0.00,0.00,0.00,0.00,1.474
61177,696.76,34.77,0.95,0.00,1287.15,2258.58,2258.58,1797.15,1457.15,1311.43,1190.00,631.43,704.29,340.00,242.86,218.57,116.57,72.86,0.00,48.57,0.00,0.00,0.00,0.00,0.00,0.00,0.00,0.00,1.474
61178,715.67,32.90,0.79,97.30,1264.95,2165.02,1873.10,2286.65,1897.43,1021.69,1362.26,802.76,656.80,413.54,316.24,97.30,58.38,0.00,0.00,0.00,0.00,0.00,0.00,0.00,0.00,0.00,0.00,0.00,1.477
61179,634.28,30.92,0.83,0.00,1188.96,2013.96,2135.28,1649.99,1552.93,1140.43,1188.96,436.76,339.70,388.23,242.65,97.06,213.53,48.53,48.53,0.00,0.00,0.00,0.00,0.00,0.00,0.00,0.00,0.00,1.471
61180,650.93,33.06,0.87,24.26,1018.97,1649.76,2110.72,2013.68,1552.72,1261.58,897.66,824.88,509.48,339.66,339.66,315.40,135.86,24.26,0.00,0.00,0.00,0.00,0.00,0.00,0.00,0.00,0.00,0.00,1.470
61181,581.55,28.83,0.80,72.82,1067.96,1699.03,1747.57,1529.12,1577.67,1286.41,752.43,533.98,509.71,388.35,145.63,121.36,77.67,48.54,24.27,24.27,24.27,0.00,0.00,0.00,0.00,0.00,0.00,0.00,1.473
61182,685.57,33.89,0.90,0.00,1139.39,2181.81,2375.75,1696.97,1527.27,1309.09,945.45,945.45,460.60,484.85,242.42,169.70,135.76,72.73,24.24,0.00,0.00,0.00,0.00,0.00,0.00,0.00,0.00,0.00,1.468
61183,679.49,32.73,0.87,48.60,1093.60,2235.81,2308.72,1603.95,1725.46,1288.02,1093.60,850.58,437.44,218.72,364.53,121.51,77.77,72.91,24.30,24.30,0.00,0.00,0.00,0.00,0.00,0.00,0.00,0.00,1.470
61184,613.19,35.41,1.57,48.55,1019.56,1990.56,1480.79,1553.61,1893.46,1286.58,922.46,801.08,412.68,242.75,291.30,72.83,77.68,48.55,48.55,24.28,0.00,0.00,0.00,0.00,0.00,24.28,24.28,0.00,1.469
61185,654.86,32.07,0.82,72.76,1042.92,1819.05,1891.81,2013.08,1697.78,994.41,1212.70,848.89,509.33,363.81,339.56,145.52,97.02,48.51,0.00,0.00,0.00,0.00,0.00,0.00,0.00,0.00,0.00,0.00,1.470
61186,687.00,33.46,0.92,48.64,1361.85,2261.64,2237.32,1410.49,1629.36,1459.12,1094.34,705.24,559.33,389.10,218.87,170.23,97.27,48.64,24.32,0.00,0.00,24.32,0.00,0.00,0.00,0.00,0.00,0.00,1.466
61187,653.99,31.58,0.81,72.80,1261.88,1965.62,1989.89,1577.35,1674.42,1043.48,1092.01,897.88,533.87,436.81,266.94,121.33,97.07,24.27,24.27,0.00,0.00,0.00,0.00,0.00,0.00,0.00,0.00,0.00,1.469
61188,565.92,28.60,0.77,24.30,1117.75,1652.32,1506.53,1360.74,1579.43,1166.35,996.25,558.87,364.48,437.38,218.69,97.20,116.63,97.20,24.30,0.00,0.00,0.00,0.00,0.00,0.00,0.00,0.00,0.00,1.464
61189,583.00,29.28,0.77,0.00,753.67,1774.77,1628.90,1944.96,1264.22,1094.04,1142.66,632.11,583.49,291.74,194.50,145.87,136.15,72.94,0.00,0.00,0.00,0.00,0.00,0.00,0.00,0.00,0.00,0.00,1.462
61190,650.70,36.35,1.38,72.92,1093.82,2017.49,1847.34,1555.66,1604.27,1555.66,1045.21,510.45,510.45,486.14,218.76,267.38,155.57,0.00,24.31,0.00,0.00,24.31,0.00,0.00,0.00,0.00,24.31,0.00,1.465
61191,641.73,33.39,1.02,48.60,1166.35,2041.11,1846.71,1798.12,1798.12,1093.45,753.27,899.06,388.78,461.68,145.79,72.90,77.76,121.49,0.00,72.90,24.30,24.30,0.00,0.00,0.00,0.00,0.00,0.00,1.464
61192,602.00,29.18,0.77,72.79,1213.23,2038.22,1722.78,1310.29,1358.81,1019.11,1310.29,752.20,485.29,242.65,169.85,97.06,174.70,48.53,24.26,0.00,0.00,0.00,0.00,0.00,0.00,0.00,0.00,0.00,1.460
61193,600.29,32.21,0.91,48.57,922.77,1796.97,1481.29,1651.27,1311.30,1287.02,1287.02,704.22,437.10,315.68,291.40,145.70,252.55,24.28,0.00,48.57,0.00,0.00,0.00,0.00,0.00,0.00,0.00,0.00,1.461
61194,632.41,34.18,1.02,24.30,898.93,1822.16,1676.39,2138.00,1724.98,1069.00,753.16,801.75,631.68,291.55,388.73,145.77,136.05,48.59,48.59,0.00,24.30,24.30,0.00,0.00,0.00,0.00,0.00,0.00,1.462
61195,592.08,31.89,0.94,24.32,923.98,1702.07,1823.65,1556.18,1215.77,1167.14,1118.51,656.51,583.57,413.36,316.10,48.63,194.52,48.63,24.32,0.00,0.00,0.00,24.32,0.00,0.00,0.00,0.00,0.00,1.463
61196,625.18,31.44,0.84,24.27,1092.12,1965.82,1917.28,1480.43,1577.51,1140.66,1067.85,703.81,412.58,388.31,388.31,169.89,77.66,72.81,24.27,0.00,0.00,0.00,0.00,0.00,0.00,0.00,0.00,0.00,1.458
61197,628.67,32.40,0.88,72.90,1020.65,1628.19,1798.30,1895.50,1482.38,1215.07,1239.37,777.64,267.31,437.42,315.92,170.11,155.53,72.90,24.30,0.00,0.00,0.00,0.00,0.00,0.00,0.00,0.00,0.00,1.460
61198,579.00,31.82,1.23,24.31,1045.21,1677.19,1579.96,1628.58,1409.81,1312.58,826.44,753.52,413.22,437.53,121.54,170.15,58.34,48.61,0.00,48.61,0.00,0.00,0.00,0.00,0.00,0.00,24.31,0.00,1.462
61199,646.32,31.90,0.83,48.60,1360.68,1992.43,1846.64,1360.68,1409.28,1020.51,1530.77,899.02,364.47,558.85,315.87,72.89,97.19,24.30,0.00,24.30,0.00,0.00,0.00,0.00,0.00,0.00,0.00,0.00,1.454
61200,620.04,31.96,0.95,0.00,1168.51,2263.99,1874.49,1533.67,1265.89,1241.54,998.10,559.91,438.19,389.50,243.44,97.38,155.80,73.03,48.69,24.34,0.00,24.34,0.00,0.00,0.00,0.00,0.00,0.00,1.456
61201,588.73,30.91,0.96,24.28,1068.21,1578.04,1553.77,1602.32,1505.21,1335.27,1141.05,582.66,509.83,485.55,121.39,72.83,97.11,24.28,0.00,24.28,0.00,0.00,48.56,0.00,0.00,0.00,0.00,0.00,1.459
61202,650.33,32.82,0.99,72.83,1335.13,2039.12,1796.36,1699.26,1480.79,1310.86,1116.66,873.91,364.13,267.03,291.30,145.65,116.52,24.28,24.28,24.28,0.00,0.00,0.00,24.28,0.00,0.00,0.00,0.00,1.455
61203,645.01,34.01,0.95,0.00,850.29,1797.76,1797.76,2089.29,1409.05,1433.35,1190.41,631.65,558.76,461.59,267.23,121.47,97.18,170.06,0.00,24.29,0.00,0.00,0.00,0.00,0.00,0.00,0.00,0.00,1.454
61204,621.53,32.51,0.89,72.98,973.04,1727.15,1605.52,1800.13,1508.21,1216.30,1070.34,802.76,656.80,413.54,145.96,145.96,194.61,72.98,0.00,24.33,0.00,0.00,0.00,0.00,0.00,0.00,0.00,0.00,1.452
61205,664.19,32.90,0.89,48.57,1117.10,2112.78,2015.64,2039.93,1384.24,1141.39,1165.67,704.26,461.41,437.13,339.99,97.14,97.14,97.14,0.00,0.00,24.28,0.00,0.00,0.00,0.00,0.00,0.00,0.00,1.452
61206,671.17,35.86,1.24,72.85,947.01,1966.88,2403.96,1796.90,1724.05,1286.97,995.58,607.06,655.63,242.82,242.82,169.98,213.69,0.00,48.56,0.00,24.28,0.00,0.00,0.00,0.00,24.28,0.00,0.00,1.452
61207,598.56,28.06,0.70,97.25,1021.10,1677.53,1920.64,1580.28,1507.34,1434.41,826.61,559.18,534.86,388.99,243.12,97.25,58.35,0.00,0.00,24.31,0.00,0.00,0.00,0.00,0.00,0.00,0.00,0.00,1.449
61208,667.51,34.88,1.02,48.51,848.94,1964.69,2085.96,1867.66,1843.41,1382.56,1140.00,606.38,412.34,412.34,291.06,121.28,155.23,121.28,24.26,0.00,0.00,0.00,24.26,0.00,0.00,0.00,0.00,0.00,1.449
61209,631.85,32.90,0.92,24.26,994.85,1722.78,1819.84,1625.73,1649.99,1504.40,994.85,776.47,461.03,412.50,266.91,145.59,116.47,72.79,0.00,24.26,24.26,0.00,0.00,0.00,0.00,0.00,0.00,0.00,1.450
61210,673.23,32.37,0.87,48.54,1189.20,2281.32,1747.40,2014.36,1431.89,1310.55,1383.35,679.54,364.04,558.20,266.96,72.81,19.42,48.54,0.00,24.27,0.00,24.27,0.00,0.00,0.00,0.00,0.00,0.00,1.449
61211,715.15,35.24,0.91,97.07,1164.81,2062.69,2014.16,1844.29,1820.02,1407.48,1456.02,776.54,533.87,533.87,291.20,145.60,58.24,72.80,24.27,0.00,0.00,0.00,0.00,0.00,0.00,0.00,0.00,0.00,1.445
61212,731.69,36.48,1.02,72.93,1239.74,1750.22,2212.08,2236.39,2066.23,1434.21,1239.74,777.87,607.71,437.55,145.85,218.78,97.23,24.31,48.62,0.00,0.00,0.00,24.31,0.00,0.00,0.00,0.00,0.00,1.448
61213,660.09,34.45,0.94,72.86,801.43,1724.29,2282.87,1748.58,1700.01,1092.86,1262.86,777.15,631.43,461.43,242.86,97.14,136.00,145.71,24.29,0.00,0.00,0.00,0.00,0.00,0.00,0.00,0.00,0.00,1.446
61214,744.54,36.86,0.97,48.58,1214.58,2186.25,2161.95,2210.54,1894.75,1263.16,1311.75,947.37,510.12,412.96,242.92,267.21,97.17,121.46,0.00,0.00,0.00,0.00,0.00,0.00,0.00,0.00,0.00,0.00,1.448
61215,726.51,37.12,0.96,48.63,778.06,2066.72,2115.35,2018.09,1774.95,1531.81,1312.98,972.58,802.37,389.03,413.34,121.57,136.16,48.63,0.00,0.00,0.00,0.00,0.00,0.00,0.00,0.00,0.00,0.00,1.444
61216,647.72,32.72,0.89,24.23,896.58,1987.01,1987.01,2035.47,1478.14,1090.43,969.27,920.81,678.49,290.78,193.85,145.39,135.70,48.46,72.70,0.00,0.00,0.00,0.00,0.00,0.00,0.00,0.00,0.00,1.441
61217,691.64,35.91,1.04,24.34,1217.25,1923.25,1923.25,1898.91,1947.60,1265.94,1338.97,706.00,389.52,535.59,219.10,97.38,175.28,146.07,0.00,0.00,0.00,0.00,24.34,0.00,0.00,0.00,0.00,0.00,1.442
61218,697.52,39.81,1.48,48.61,1093.67,1749.87,2284.55,1895.69,1555.44,1482.53,1045.06,996.45,583.29,267.34,510.38,170.13,97.21,72.91,48.61,0.00,24.30,0.00,0.00,0.00,0.00,0.00,24.30,0.00,1.443
61219,697.46,35.33,0.94,24.27,994.99,2208.38,2087.04,1674.49,1820.09,1334.74,1164.86,800.84,752.31,436.82,291.22,145.61,116.49,48.54,48.54,0.00,0.00,0.00,0.00,0.00,0.00,0.00,0.00,0.00,1.440
61220,721.90,38.45,1.06,48.51,1212.87,1940.59,1770.78,1940.59,1770.78,1431.18,1552.47,751.98,727.72,388.12,485.15,97.03,174.65,121.29,24.26,0.00,0.00,0.00,0.00,0.00,0.00,0.00,0.00,0.00,1.442
61221,695.28,37.40,1.03,24.27,897.91,1941.43,2014.24,1625.95,1941.43,1237.66,1456.08,897.91,558.16,533.89,266.95,194.14,194.14,72.80,48.54,0.00,0.00,0.00,0.00,0.00,0.00,0.00,0.00,0.00,1.440
61222,670.90,34.46,0.93,48.63,1313.11,1799.44,1921.03,1969.66,1556.28,1142.89,1045.62,802.45,607.92,364.75,437.70,194.53,116.72,72.95,24.32,0.00,0.00,0.00,0.00,0.00,0.00,0.00,0.00,0.00,1.441
61223,706.49,35.44,0.98,24.35,998.48,2386.62,2045.67,1923.90,1802.14,1266.37,1266.37,803.66,511.42,535.77,243.53,97.41,77.93,48.71,48.71,24.35,24.35,0.00,0.00,0.00,0.00,0.00,0.00,0.00,1.442
61224,635.41,32.80,0.89,72.87,1165.88,1554.51,1724.53,2088.87,1360.20,1214.46,1068.72,777.25,680.10,315.76,315.76,97.16,174.88,72.87,0.00,24.29,0.00,0.00,0.00,0.00,0.00,0.00,0.00,0.00,1.438
61225,692.81,35.24,1.29,0.00,1069.98,2529.05,2261.55,1848.15,1750.88,1191.57,1069.98,826.80,462.04,316.13,243.18,72.95,116.73,0.00,48.64,0.00,24.32,0.00,0.00,0.00,0.00,0.00,24.32,0.00,1.440
61226,738.35,39.46,1.16,24.30,1020.76,2065.82,2041.51,2017.21,1652.65,1579.74,1409.62,996.45,680.50,656.20,291.64,97.21,136.10,48.61,0.00,24.30,0.00,0.00,0.00,24.30,0.00,0.00,0.00,0.00,1.436
61227,718.00,34.87,0.95,24.31,1288.66,2018.09,2163.98,2236.92,2212.61,1094.15,1069.83,729.43,486.29,389.03,291.77,145.89,136.16,0.00,24.31,0.00,48.63,0.00,0.00,0.00,0.00,0.00,0.00,0.00,1.433
61228,679.49,37.14,1.05,72.85,1141.39,1675.65,1772.79,2209.92,1335.67,1287.10,1044.25,947.11,874.25,461.41,291.42,169.99,136.00,97.14,48.57,24.28,0.00,0.00,0.00,0.00,0.00,0.00,0.00,0.00,1.436
61229,744.25,40.61,1.22,97.10,1505.00,2451.70,1917.66,1844.84,2160.41,1043.79,946.69,606.86,679.68,679.68,194.19,291.29,271.87,97.10,24.27,48.55,24.27,0.00,0.00,0.00,0.00,0.00,0.00,0.00,1.432
61230,731.42,35.97,0.95,72.85,1092.75,2646.89,2209.79,1772.69,1675.55,1384.15,1117.04,874.20,679.94,412.82,339.97,145.70,58.28,121.42,24.28,0.00,0.00,0.00,0.00,0.00,0.00,0.00,0.00,0.00,1.434
61231,774.79,40.02,1.12,72.86,1044.39,2428.82,2307.38,1870.19,1821.62,1505.87,1578.74,704.36,874.38,558.63,461.48,72.86,97.15,48.58,24.29,0.00,0.00,0.00,24.29,0.00,0.00,0.00,0.00,0.00,1.432
61232,750.16,36.29,0.91,0.00,1044.25,2161.35,2282.78,1821.36,1991.36,1651.37,1529.95,947.11,582.84,461.41,267.13,48.57,213.71,0.00,0.00,0.00,0.00,0.00,0.00,0.00,0.00,0.00,0.00,0.00,1.429
61233,773.65,38.87,1.08,24.24,1309.22,2182.03,2206.27,2279.01,1697.13,2012.32,1284.97,824.32,533.39,436.41,193.96,193.96,174.56,48.49,48.49,0.00,0.00,24.24,0.00,0.00,0.00,0.00,0.00,0.00,1.431
61234,731.66,40.46,1.20,24.29,1117.41,1894.75,2137.66,1967.62,1578.96,1554.66,1481.79,898.79,534.42,437.25,437.25,194.33,252.63,72.87,24.29,0.00,0.00,0.00,24.29,0.00,0.00,0.00,0.00,0.00,1.429
61235,784.55,41.90,1.20,24.27,1383.22,1917.09,2281.09,2111.23,1771.49,1650.15,1577.35,776.54,800.81,630.94,242.67,194.14,232.96,48.53,24.27,0.00,0.00,0.00,24.27,0.00,0.00,0.00,0.00,0.00,1.424
61236,739.57,36.46,0.94,72.84,1505.36,1796.72,1821.00,2233.76,2039.52,1262.56,1238.28,946.92,825.52,437.04,364.20,97.12,77.70,48.56,24.28,0.00,0.00,0.00,0.00,0.00,0.00,0.00,0.00,0.00,1.426
61237,761.36,40.22,1.06,24.29,947.15,2161.44,1894.29,2210.01,1602.86,1724.29,1432.86,1020.00,922.86,485.72,412.86,145.71,194.29,48.57,0.00,0.00,0.00,0.00,0.00,0.00,0.00,0.00,0.00,0.00,1.427
61238,745.72,35.66,0.93,72.80,1261.88,2256.83,2523.76,1917.09,1989.89,1358.95,1286.15,606.67,606.67,461.07,145.60,194.14,135.90,24.27,72.80,0.00,0.00,0.00,0.00,0.00,0.00,0.00,0.00,0.00,1.423
61239,763.78,39.93,1.10,24.31,1142.50,2285.01,2260.70,1677.29,1993.30,1507.13,1701.60,632.02,826.49,461.86,291.70,145.85,155.57,97.23,48.62,24.31,0.00,0.00,0.00,0.00,0.00,0.00,0.00,0.00,1.423
61240,803.02,39.01,0.99,0.00,1213.76,1917.74,2209.04,2743.10,2136.22,1553.61,1359.41,1238.03,631.15,631.15,218.48,72.83,38.84,48.55,24.28,24.28,0.00,0.00,0.00,0.00,0.00,0.00,0.00,0.00,1.425
61241,821.68,40.54,1.06,72.80,1286.15,2305.36,2450.96,2353.90,1917.09,1674.42,1431.75,873.61,946.41,485.34,291.20,194.14,77.65,24.27,24.27,0.00,24.27,0.00,0.00,0.00,0.00,0.00,0.00,0.00,1.424
61242,804.60,39.82,1.06,24.32,1167.14,2382.90,2285.64,2382.90,1847.97,1775.02,1483.24,972.61,851.04,364.73,145.89,121.58,116.71,145.89,0.00,0.00,24.32,0.00,0.00,0.00,0.00,0.00,0.00,0.00,1.420
61243,741.39,39.11,1.20,72.90,1312.19,2259.89,1798.19,1992.59,1943.99,1555.19,1239.29,923.39,631.80,388.80,340.20,97.20,77.76,72.90,48.60,24.30,24.30,0.00,0.00,24.30,0.00,0.00,0.00,0.00,1.421
61244,792.18,42.33,1.15,24.28,1189.60,2015.04,2209.26,1990.76,1699.43,1456.66,1942.21,1238.16,922.55,291.33,388.44,242.78,135.95,48.56,0.00,48.56,0.00,0.00,0.00,0.00,0.00,0.00,0.00,0.00,1.422
61245,770.31,40.62,1.09,72.95,1118.51,2018.17,2066.80,1896.60,1580.50,1702.07,1702.07,1434.61,705.15,413.36,194.52,291.78,136.17,0.00,48.63,24.32,0.00,0.00,0.00,0.00,0.00,0.00,0.00,0.00,1.420
61246,836.44,43.54,1.32,97.01,1503.59,2206.89,2376.65,1988.63,2061.38,1915.87,1624.85,970.06,776.05,460.78,363.77,145.51,116.41,48.50,24.25,24.25,0.00,0.00,0.00,0.00,24.25,0.00,0.00,0.00,1.415
61247,910.57,44.39,1.17,24.29,1433.01,2768.86,2671.71,2428.82,2428.82,1651.60,1700.18,1238.70,825.80,534.34,97.15,97.15,116.58,121.44,24.29,48.58,0.00,0.00,0.00,0.00,0.00,0.00,0.00,0.00,1.417
61248,883.09,47.99,1.34,24.25,1042.92,2425.39,2619.43,2328.38,2182.85,1867.55,1479.49,1067.17,945.90,485.08,654.86,218.29,174.63,24.25,121.27,0.00,0.00,0.00,0.00,0.00,0.00,0.00,0.00,0.00,1.417
61249,804.41,42.02,1.13,121.51,1093.60,2308.72,2017.09,1944.18,2114.30,1822.67,1531.04,923.49,899.18,656.16,243.02,170.12,97.21,48.60,97.21,0.00,0.00,0.00,0.00,0.00,0.00,0.00,0.00,0.00,1.415
61250,832.03,40.22,1.04,24.29,1165.72,2015.72,2987.16,2282.87,2331.44,1748.58,1360.01,1044.29,680.00,340.00,364.29,97.14,77.71,48.57,48.57,24.29,0.00,0.00,0.00,0.00,0.00,0.00,0.00,0.00,1.413
